464.0
605.0
977.2
1252.3
967.5
1027.2
1369.1
1265.1
1275.2
1195.1
1132.8
1470.2
1564.0
752.9
1559.1
1571.2
1523.3
1011.4
1176.3
1153.7
1440.3
1216.0
1462.5
1132.5
2956.2
3003.2
1635.8
1300.8
1261.7
1642.7
1947.3
983.7
4036.0
2096.6
861.0
1248.7
2564.3
4394.7
4236.5
2296.7
861.0
3596.5
5060.5
2877.3
863.6
5129.1
4319.8
874.0
5658.0
4610.2
3129.0
3856.3
3202.1
2247.9
872.8
3087.8
2636.4
5065.6
3184.9
4176.3
4267.8
3705.7
2131.4
863.9
3718.1
3194.3
865.6
3240.9
3041.2
3623.2
3010.3
3697.5
2611.2
4197.8
2653.6
3231.0
2947.8
872.8
2238.5
874.5
1683.9
2650.7
3343.7
3056.5
3003.4
958.9
1904.4
2188.2
875.6
2994.3
944.6
3347.6
863.3
2335.9
2849.4
3454.4
2047.0
2443.3
3769.6
3090.2
3803.0
870.2
864.8
3038.5
2238.3
3911.8
3126.0
860.8
3879.5
2914.0
2530.6
3278.8
4403.7
862.7
2189.7
4416.9
4231.3
3299.6
2962.9
861.9
2231.6
3503.6
3533.9
912.5
4281.3
2937.0
3671.0
861.2
3130.8
4699.0
863.2
4192.9
4137.6
863.1
2581.5
2286.2
3306.6
3841.4
4238.9
4277.5
863.6
4710.0
4919.9
5948.0
2561.4
3503.0
860.6
3515.4
3109.3
3174.0
3951.0
3478.0
3770.8
4820.2
4536.2
862.6
3238.0
876.6
2942.9
3361.0
2337.5
4372.5
3260.6
3145.4
3126.4
4191.8
5389.2
4321.0
1986.6
3338.6
3205.0
3202.1
2965.9
2362.2
937.1
2440.8
871.3
3086.1
957.5
3876.6
871.8
2487.4
2846.9
3743.5
2892.2
864.9
2251.6
2871.3
2784.3
2023.0
1006.2
3292.8
959.2
3799.4
3520.7
1151.7
3092.1
4332.5
2536.5
1262.2
1083.9
3630.0
3151.8
3638.3
4072.5
4881.7
892.5
5336.6
1000.2
2761.8
3643.3
1248.3
3422.7
5065.3
1191.8
4730.2
4379.3
4860.5
1004.2
3793.0
4609.5
4008.1
5698.3
4308.5
5312.7
4947.3
3857.4
862.8
4438.4
5453.3
6082.2
862.3
5673.4
4749.5
6003.3
863.1
5876.9
923.0
4989.6
4454.0
863.3
4546.9
5625.9
5371.5
5608.9
917.9
5415.4
6219.7
910.2
6731.7
5196.6
5650.5
6228.5
4876.9
3924.1
6681.7
1121.1
6696.2
3499.2
6376.4
1050.8
4949.9
6128.7
5197.0
947.2
6047.6
5964.5
6377.5
4110.3
4397.0
5337.1
861.6
863.0
7692.3
6854.3
4993.5
6569.1
951.0
6407.7
910.0
5541.4
1004.9
6824.6
7621.8
6878.9
5592.1
919.2
868.3
5709.1
5896.8
903.6
7386.9
6783.1
7958.3
6791.9
6220.0
6682.1
7389.7
873.3
8173.7
8113.0
7929.7
864.5
6694.3
863.4
6887.0
7512.6
7753.2
863.0
8410.1
6140.2
6408.9
6399.5
7708.8
6274.8
6403.9
861.2
6609.3
8451.1
8465.2
7477.3
9655.4
7795.1
6629.8
861.1
8251.9
6870.9
865.1
7105.1
6954.4
7271.3
7594.1
861.3
9876.7
10737.0
7402.0
862.9
7068.4
7776.4
8535.1
881.0
8481.1
864.8
8235.8
8235.3
7743.1
7271.9
8081.9
873.1
8782.4
7393.8
8268.3
8806.1
7823.1
7472.6
7693.5
6954.8
9249.4
8304.2
6845.9
9578.6
870.4
880.3
8013.4
8324.5
8961.0
9217.8
6916.6
8850.8
872.9
8135.0
7841.1
863.5
7588.7
9464.4
893.5
8441.5
8013.9
9366.4
9489.4
8076.1
916.7
7598.9
9816.5
7812.4
905.3
6476.7
8154.6
6399.6
6546.2
6989.8
8398.2
990.5
7925.2
8499.9
8927.4
1051.9
8765.0
8299.6
7169.9
1037.5
9477.4
874.7
8062.8
7717.4
7984.0
8152.8
9757.0
9314.8
6932.1
8096.3
8754.3
8835.5
862.2
7380.5
5979.4
863.1
7795.0
7689.9
7740.4
943.9
8944.8
939.6
6309.3
7417.8
8954.9
8300.8
9734.5
875.8
7379.5
8264.3
7199.4
7903.8
7722.7
8344.8
8562.1
7821.0
8472.5
6998.2
861.2
7294.8
9372.7
6890.5
870.4
8954.2
8081.5
6887.7
7530.1
8540.7
7993.0
879.0
9526.9
7640.7
7697.0
863.8
7823.3
7143.9
878.1
8761.3
7085.4
8434.9
6938.5
8372.3
8661.9
862.2
8584.6
8156.5
9588.0
9836.6
7318.1
6337.1
6408.2
8460.0
862.8
7651.3
6789.5
6801.5
861.9
7338.7
6059.7
6907.7
8162.3
864.4
7758.1
7766.5
8465.2
8366.9
6986.7
7796.9
6182.5
7848.2
7757.2
861.2
6932.4
7847.9
7467.8
6239.6
863.3
5419.5
5601.4
874.1
6180.3
6156.5
10278.0
6453.4
6313.4
6818.9
906.1
8476.9
8145.1
7937.9
887.3
6326.2
5087.4
6833.8
7971.7
5986.1
5521.9
5324.3
1142.1
6158.1
8361.3
984.5
9227.2
1050.6
5995.8
6609.3
7259.0
860.2
7633.6
7650.7
6745.6
8521.8
5882.8
5145.1
7242.5
875.7
6822.3
9821.8
876.9
6301.0
6262.7
6973.1
864.5
6339.3
6188.1
6794.7
6264.2
5710.4
6635.8
5447.2
6857.1
881.0
864.4
5531.1
5862.1
8803.7
6682.1
7198.9
6771.3
861.0
864.1
8016.5
7235.0
7387.2
7104.8
6390.2
872.5
6186.4
7578.6
7172.7
7275.6
6562.5
8281.1
6491.4
6458.9
7685.1
958.5
6957.0
876.3
8934.0
5584.0
7454.9
8897.2
6388.8
953.0
6392.4
7787.3
6973.8
4868.4
863.0
6607.2
8074.2
5656.2
6584.7
6892.2
963.8
7916.9
864.7
958.2
5286.6
7685.2
6481.2
5908.1
7677.0
6657.6
8712.3
4858.2
1020.8
7961.5
8965.2
926.7
6854.0
6843.7
8111.9
5968.5
1060.9
7329.9
7524.6
7539.2
8105.0
930.3
5701.6
7215.1
977.1
7988.2
949.2
7012.1
6934.6
874.2
6321.6
6335.8
7156.1
866.7
7379.8
7845.9
7639.2
7831.5
862.6
7046.0
6497.4
7303.3
7390.5
870.0
9091.7
6403.6
866.9
8530.1
9268.9
7271.4
8926.6
7883.3
862.6
8064.2
6497.5
8498.8
6472.1
8065.6
863.2
7173.0
9467.6
8723.6
8623.9
7731.3
870.7
7625.8
8570.1
9339.7
7741.1
8622.7
1063.5
8208.7
1031.1
8352.8
8743.0
7199.5
7874.9
1031.5
6708.0
7894.2
7801.3
9004.6
8065.8
873.2
8349.7
8373.9
8682.5
10022.9
8736.7
7823.6
8404.7
8155.3
7302.8
861.3
7296.7
7917.0
8458.2
863.9
8763.7
7060.7
920.1
9413.1
9853.9
966.6
9351.5
979.5
7733.9
7740.4
981.9
874.4
8675.9
9664.5
9316.8
9516.6
8397.8
8623.8
8561.9
8662.1
872.5
9241.1
872.4
8855.0
8906.0
8791.5
8718.3
9304.2
8537.3
8801.4
8660.1
863.9
9462.5
8581.2
9005.8
8369.6
8457.7
8368.8
8479.1
8382.9
8478.0
862.5
8257.3
8228.9
9504.8
883.5
7636.9
9684.1
9603.0
861.1
8659.2
864.4
7487.6
9404.2
9499.1
7172.9
7881.3
9102.3
7663.9
861.4
7584.8
8661.5
862.5
8469.7
8436.6
875.2
10355.2
9508.3
7784.6
866.2
8396.5
8814.6
8714.2
7994.8
9902.7
8742.4
9894.1
860.6
9441.7
9143.7
9789.5
9680.3
10319.6
7831.6
863.2
7805.7
10176.4
874.2
8157.5
8507.7
7306.4
8283.2
864.1
9290.1
9830.2
9431.8
861.8
6243.7
6360.4
10125.0
873.0
10343.0
7837.6
7932.2
9809.9
9533.7
9379.6
956.6
7944.2
950.5
7599.5
8879.1
7514.6
9546.5
10093.9
9271.2
861.5
10225.1
8491.2
864.8
8234.1
8876.0
861.6
8684.0
7798.9
8381.5
864.3
8490.7
8869.2
864.3
8921.3
866.5
9326.1
9092.5
10174.9
7806.0
880.5
7892.4
8947.4
10014.2
873.9
9171.5
9893.3
9544.0
8641.9
886.9
8747.2
9873.6
867.2
8990.2
8951.9
9286.6
7978.1
10983.1
10210.2
861.7
10244.6
8950.5
9874.1
875.6
9160.1
8742.9
9749.2
9999.4
8708.1
9777.3
860.8
9680.9
9606.5
9247.2
8196.4
10443.8
9407.9
9959.7
864.2
10142.3
10155.3
7535.9
9245.6
9383.5
862.4
9526.7
10403.0
865.8
9913.9
9061.1
871.9
9521.8
8133.5
9215.5
10030.0
8740.5
8046.4
10781.7
10650.8
935.6
10352.5
9764.4
8335.8
9718.6
962.9
9659.3
9805.4
9423.5
9383.0
899.4
8563.9
873.1
8657.8
10564.3
9607.6
9165.2
861.2
9264.3
10024.8
10038.6
925.3
10384.3
9845.9
9625.6
1029.5
8310.4
10045.8
9314.3
10329.4
874.6
9108.9
8646.4
9319.3
7959.3
876.4
10677.1
8967.7
8887.8
9261.0
8054.7
7211.3
8414.6
7875.8
9508.7
9468.4
8033.3
8055.2
10236.7
8469.9
8084.0
7556.0
9609.9
8531.9
7611.9
8760.7
9215.5
9692.2
7661.5
8250.3
7198.4
7947.5
6641.2
7568.8
7644.4
6417.9
10011.8
7080.1
7733.5
6778.6
8174.3
8703.9
8453.0
7725.7
7823.2
6526.4
5759.6
5896.0
7603.4
6197.5
6382.2
8476.7
5405.0
5543.6
7626.8
5007.2
6649.2
5220.9
5114.4
5722.6
5266.5
7792.1
5454.5
5163.1
5314.8
6464.5
