411.6
332.6
589.5
1104.0
1161.1
1039.4
1117.1
1305.4
1484.0
1164.4
1364.0
1242.4
1213.3
1601.7
1760.1
940.5
1938.6
1343.2
937.5
2284.9
1481.2
2395.2
1782.4
899.3
1588.5
2743.2
1747.9
861.0
1975.3
2961.4
863.9
1858.2
2268.0
2339.8
2567.9
3289.8
862.1
3240.0
2859.6
2236.7
2921.5
1747.5
2931.4
2130.9
861.9
3198.2
3238.5
2520.3
3754.2
2685.6
1940.4
865.9
2038.5
2323.7
1527.3
861.0
2754.4
2093.0
1337.3
861.9
1953.6
2524.4
2615.0
2174.3
2155.2
1030.8
1717.6
2090.5
862.6
1626.1
2345.9
1998.5
1486.1
1423.8
1237.0
884.8
874.9
1419.7
1337.5
1090.3
899.7
850.6
599.8
616.9
504.4
862.4
520.9
635.1
510.6
606.6
879.0
356.9
325.5
603.3
511.6
895.4
864.5
1026.6
926.0
1134.8
1207.2
893.2
1021.0
1073.8
849.9
1160.5
1115.7
1059.5
874.8
752.6
1007.0
997.5
862.0
945.4
1174.1
888.4
863.9
1001.3
1089.6
863.5
1336.0
1338.2
1426.1
1503.2
863.2
1169.8
1393.0
861.7
1530.2
1277.5
1418.6
1353.0
1242.6
1007.3
1357.2
963.4
900.6
832.6
665.6
873.3
1010.9
1043.5
863.1
769.6
1060.9
1191.4
862.0
856.3
1330.2
862.6
1335.5
1228.7
1062.5
752.8
1353.2
1084.2
1000.9
1260.2
862.5
677.5
777.0
751.3
902.6
876.0
731.5
552.6
593.9
605.6
319.9
320.8
1073.8
320.2
530.7
586.1
624.0
543.6
618.4
861.0
320.9
360.0
862.5
448.2
515.5
490.6
873.6
742.7
861.2
898.6
867.7
1011.5
1064.7
1005.9
1125.1
738.7
863.0
845.3
947.2
938.0
898.9
1044.5
872.8
1071.0
1071.5
1216.3
1308.7
881.8
1327.2
895.3
1725.9
1920.2
988.2
1930.9
1699.0
1426.0
981.2
1489.3
2029.1
2200.9
910.3
1686.9
2512.6
2561.1
966.9
873.3
2707.6
2767.4
2836.8
2983.6
2522.1
2828.1
963.7
3136.8
875.7
2309.0
2537.2
2588.5
861.2
2564.2
2190.9
3575.9
2873.9
3029.9
2664.6
2998.2
2542.5
863.2
3867.0
867.2
3264.8
3320.1
3129.0
3668.0
2137.7
3086.8
2822.7
861.1
2550.0
3401.4
3701.6
2301.5
2483.3
3680.4
873.9
3128.7
2825.3
962.6
2127.4
1894.9
2621.3
1061.8
1003.2
3734.4
3610.6
1058.1
2927.4
2741.3
3302.5
983.1
2805.0
981.8
4165.0
2513.6
3535.7
3644.2
3250.7
4497.6
3002.0
861.1
3729.6
4259.5
885.5
2782.6
3072.4
3938.1
3933.0
3400.6
4573.5
4355.8
955.8
4369.6
896.0
5103.1
5667.6
2285.0
4717.8
3396.5
3214.3
5195.9
4869.2
968.7
909.9
2888.0
994.3
17.2
4078.8
5721.9
5973.2
3275.2
4478.9
950.3
923.4
3191.8
5461.1
5085.2
2722.7
3005.1
4096.9
1198.2
5025.2
4033.9
4872.9
4355.2
4874.7
3496.7
5712.7
864.8
1893.5
861.8
4453.5
4808.3
7259.1
5706.0
4131.4
4010.4
864.5
1952.7
3556.3
4072.8
5259.9
2401.8
5228.7
5649.7
861.3
4210.0
3779.4
5965.4
870.5
5061.0
4983.3
3974.8
3328.8
4920.8
4451.2
872.0
5909.1
2651.1
4510.5
5125.9
3607.8
1988.7
3723.4
6254.4
2632.3
916.8
5310.0
4077.1
876.1
921.3
2423.7
4020.6
4225.2
3415.1
2056.7
3869.6
4142.7
4120.3
3635.6
3351.0
4721.4
861.6
2523.7
2255.3
3571.9
3350.7
4249.0
2988.0
3352.7
3042.2
876.2
2984.6
2295.7
2231.6
870.8
4241.8
4199.9
3518.8
967.2
2021.2
2287.2
2406.2
2736.7
1006.4
893.7
2209.9
2267.7
3109.0
1504.5
862.8
3748.6
2231.9
2530.2
2932.8
2440.0
3373.0
908.8
2604.0
3697.1
3899.3
894.2
2469.3
3211.6
927.7
3598.5
4053.0
861.9
2643.3
3680.2
3039.4
3689.5
4597.4
3574.1
864.0
3034.8
2713.0
2500.4
3454.0
3245.9
3362.2
3214.7
3928.2
1990.9
3052.7
3321.5
2876.6
2315.6
3305.6
2425.5
3483.9
2549.0
1447.6
1725.7
2291.4
2724.8
2337.7
1351.8
1603.1
1657.5
1100.0
2050.9
2261.0
2309.8
2043.0
944.4
2298.2
2444.3
1596.3
2248.4
2350.4
1859.6
3148.8
2865.2
2668.1
2075.2
860.1
1634.6
1430.0
2368.5
1828.3
865.1
1345.6
1831.6
1564.8
1682.1
861.6
1763.3
864.8
1695.1
1499.4
1530.0
1928.4
1369.4
1684.2
1140.6
1755.2
1842.3
874.7
1284.2
1685.0
1581.4
1215.0
1183.0
857.6
846.8
860.4
1010.6
994.2
984.7
864.3
819.4
1013.3
1029.8
918.3
771.5
997.2
862.8
368.4
632.4
340.0
355.0
319.9
347.7
861.3
410.6
580.3
643.1
573.5
872.2
684.5
554.4
582.2
634.8
880.1
367.9
324.0
864.0
514.1
566.3
941.2
984.7
1112.7
1124.1
878.0
1262.3
1160.3
941.4
1223.2
1138.1
1494.5
862.3
1593.3
1498.2
1909.4
1429.8
1572.7
1747.6
1668.6
862.2
1227.3
872.9
1342.7
1073.2
1260.7
1325.1
1268.3
1150.3
863.0
755.0
1168.6
861.7
1013.4
862.2
804.9
1198.2
1038.1
1036.8
772.5
1121.7
731.1
862.4
718.0
773.0
799.5
744.8
508.9
650.6
861.8
379.8
371.7
426.1
889.3
815.1
901.5
872.4
995.0
1035.0
998.1
707.8
606.3
956.8
874.7
527.2
320.3
321.5
321.4
860.8
391.1
683.3
852.0
773.9
865.0
817.2
938.7
1185.3
860.9
907.0
1149.0
1044.4
1227.8
868.6
903.5
1007.5
1052.3
862.5
1034.5
1012.8
972.8
910.0
914.7
861.8
1185.7
1127.5
863.5
1206.7
1215.8
774.0
1311.2
1336.9
957.1
1034.6
945.4
1233.7
1487.9
1608.8
1052.2
1900.6
1079.8
1684.4
2094.8
921.9
2254.6
1443.6
957.9
2385.9
2274.0
1680.8
2793.6
864.7
1969.5
2890.5
1574.2
2842.1
1885.5
862.4
1717.6
2681.8
2247.3
2789.2
2887.6
864.6
3143.7
1723.0
2261.9
2305.3
2316.3
2147.9
1857.7
3372.7
1820.7
1953.3
1383.4
1621.9
954.6
986.3
861.4
834.7
718.4
864.9
1042.8
1032.4
1089.6
870.9
1016.7
1300.4
1209.2
863.7
1291.3
1577.3
864.9
1844.4
1740.6
876.7
1744.7
1881.2
1979.8
1705.1
2383.5
941.8
1890.6
937.6
2002.6
1810.8
1402.9
1200.7
1706.0
2430.7
1721.7
1952.5
2076.1
863.4
2140.3
1423.6
2329.8
1265.7
2312.9
1255.6
938.1
2040.4
862.2
1137.5
937.2
539.2
321.6
485.9
461.4
683.8
965.0
667.3
897.4
1048.0
913.2
1119.6
1210.0
979.3
1603.1
1613.3
1025.7
1724.3
1840.4
1775.6
1537.9
1844.9
861.4
1415.6
1745.2
1775.6
1599.3
1967.9
1927.2
1729.6
1409.3
862.7
1660.1
1150.3
874.6
1352.8
1142.6
1528.4
1464.0
1398.0
1163.6
860.9
1282.6
1484.9
1713.2
864.4
1218.1
1374.4
1214.7
1402.1
898.6
1287.8
1133.7
863.8
1034.2
864.5
1026.2
1125.6
1278.9
1232.8
967.3
1027.9
1075.2
984.4
870.6
869.3
1065.1
890.5
864.1
1058.8
1018.6
522.1
835.3
824.1
591.5
861.3
825.4
841.4
865.1
1028.2
924.7
787.4
1019.8
852.5
631.8
873.6
441.9
800.1
438.5
547.9
573.9
541.2
862.6
534.5
319.9
455.5
506.4
865.1
484.5
689.7
699.7
863.0
723.0
715.4
627.8
617.9
875.8
477.7
410.2
457.9
861.6
631.0
653.8
650.2
904.4
955.4
739.4
1116.2
1023.1
1305.6
1079.9
1119.0
1336.2
1533.6
1009.9
1686.4
1801.1
1219.1
1258.4
1718.8
1637.4
863.0
1622.4
1242.3
1357.7
1356.7
874.3
1370.5
1284.8
1603.6
1312.1
861.6
1397.6
1226.1
1196.5
864.3
1092.9
1146.3
1665.4
1345.1
872.6
1500.7
1229.6
1349.9
1390.2
864.2
1424.4
1450.9
1502.9
870.4
1655.4
1615.7
1202.1
1568.2
864.5
1653.8
1271.1
1634.9
1240.2
1444.2
1144.5
862.6
1911.5
1536.9
1999.8
837.1
864.0
1185.7
1005.7
1086.7
413.2
320.5
449.6
441.7
514.1
861.1
523.6
695.8
705.0
463.2
863.1
532.0
369.4
439.1
862.4
368.0
343.7
381.7
359.7
467.7
548.8
605.7
780.5
1005.2
865.4
862.5
884.3
949.0
955.4
744.2
781.8
1005.1
447.5
345.6
323.7
571.2
546.2
933.2
764.5
875.6
849.2
1196.8
971.2
1428.8
900.7
1416.0
1505.7
1232.6
1220.0
861.4
1643.8
1270.5
1896.9
873.6
1249.2
1104.1
1694.4
1763.1
1414.7
1764.2
1095.7
862.2
1353.2
1370.3
768.4
1336.1
1046.2
1149.0
1434.6
1056.1
1120.3
1286.1
1273.0
948.6
1194.6
978.5
1067.8
1109.6
1180.8
1111.5
1005.7
