331.3
332.3
390.4
606.7
875.6
713.7
803.5
850.8
954.2
987.4
1055.6
938.4
951.7
907.7
1007.7
1156.4
1288.7
1399.0
1478.2
762.6
1091.3
830.8
1080.3
863.1
802.1
745.1
862.6
1029.5
1211.2
1152.5
1059.6
1047.5
862.3
1187.9
770.3
1278.0
864.2
1055.1
980.5
1191.8
906.8
1019.7
502.6
338.0
862.0
356.0
468.8
405.0
328.2
321.1
861.7
321.7
320.4
336.3
387.5
387.1
883.1
335.7
321.5
862.6
418.7
638.6
589.0
592.7
513.0
862.3
329.5
357.5
347.7
320.4
860.3
320.0
320.6
320.9
863.1
320.7
319.9
319.6
319.4
319.5
319.5
861.4
321.0
427.8
429.6
869.7
567.0
567.7
560.7
563.2
862.8
814.5
320.4
320.0
414.5
861.9
365.0
592.4
558.9
593.8
372.7
874.3
453.4
428.3
538.3
424.7
396.9
875.6
416.1
862.5
481.0
537.1
422.6
361.1
860.9
397.3
590.0
483.6
714.0
498.5
519.4
863.5
559.8
870.0
386.4
464.6
583.9
467.4
477.3
602.0
536.8
448.8
860.7
321.0
864.3
323.8
321.5
321.7
320.6
437.4
439.4
859.9
407.8
321.0
468.7
357.3
865.0
372.1
489.6
457.2
441.2
899.0
488.8
863.1
436.8
517.8
554.8
408.7
320.3
863.2
455.5
483.0
362.8
320.8
874.2
406.5
378.2
412.2
319.8
861.6
320.5
321.5
320.6
482.5
556.7
497.8
451.4
861.2
321.4
385.1
860.5
319.9
394.5
328.3
325.0
875.5
614.8
650.9
800.0
727.9
870.2
566.1
662.0
367.1
394.1
399.6
345.0
861.0
319.8
469.4
534.3
874.8
459.3
529.0
870.5
525.7
444.7
522.7
446.5
862.7
511.2
542.0
529.8
754.4
870.3
756.5
928.1
993.4
875.2
872.3
1000.0
1095.2
943.9
1140.6
1122.8
873.6
892.0
618.3
320.2
860.9
509.8
456.4
538.8
497.0
486.9
863.4
737.6
662.0
800.7
874.3
826.6
952.1
995.5
864.4
822.6
903.0
902.8
681.7
554.7
864.7
616.8
720.0
440.1
410.7
861.0
399.1
321.1
397.4
468.9
366.4
862.5
447.6
347.8
860.8
436.1
390.2
487.8
558.0
426.0
375.8
873.9
361.5
361.5
358.3
495.1
357.4
534.8
863.4
430.8
539.4
410.0
529.6
876.6
514.8
584.2
716.8
870.7
844.5
864.2
688.2
970.5
929.5
949.9
681.7
861.1
617.1
879.9
673.2
773.6
641.5
869.1
863.4
640.3
863.1
320.2
415.0
416.3
418.9
364.0
328.8
863.2
321.1
412.5
409.4
864.5
346.2
357.6
498.2
443.7
734.0
861.1
726.4
806.3
863.1
775.0
803.9
674.0
593.3
407.6
454.6
557.6
472.7
862.9
590.5
865.5
584.5
764.1
795.7
534.8
381.8
872.1
320.9
327.7
465.0
606.1
475.5
631.3
862.3
410.7
321.6
863.5
570.2
546.9
366.9
320.3
872.5
363.3
372.9
436.3
519.6
525.0
448.2
862.9
323.3
862.6
414.6
370.7
463.6
320.2
862.3
388.3
351.9
455.1
496.1
578.4
586.6
861.2
390.1
442.8
320.5
408.2
875.9
345.7
321.6
321.7
860.6
321.4
320.6
325.5
387.1
410.6
870.1
656.7
763.6
755.5
876.6
593.5
729.7
400.1
320.3
873.3
321.0
321.1
860.9
378.0
710.1
622.5
756.6
581.2
509.0
861.4
319.7
321.4
320.0
330.7
320.1
321.0
862.5
400.8
863.0
703.1
827.9
778.7
861.0
980.7
1016.9
912.5
915.5
761.4
863.9
500.3
336.5
416.0
320.6
861.4
319.8
404.2
346.0
591.5
472.5
519.3
862.8
482.6
470.3
560.8
861.7
662.3
806.3
831.1
873.1
756.0
644.0
452.9
321.1
377.2
371.0
862.6
321.0
319.9
861.1
320.8
319.9
319.9
481.4
502.1
861.5
698.3
655.4
782.9
863.3
791.9
936.6
854.0
713.2
900.6
767.9
776.5
524.9
328.0
320.8
864.5
337.5
328.6
321.7
860.4
329.2
320.3
371.5
860.5
320.5
448.0
403.2
385.1
320.8
320.4
862.0
524.3
606.5
553.8
654.2
759.7
860.9
486.4
504.1
352.0
862.9
377.4
373.0
320.8
861.8
320.0
323.7
372.1
325.7
422.4
429.1
860.5
460.4
375.5
487.8
523.8
530.5
862.3
436.0
321.6
862.6
320.5
319.7
321.9
320.2
320.9
862.3
385.2
526.4
647.7
541.7
427.3
860.6
382.8
537.9
367.8
864.4
319.9
320.5
860.7
338.7
400.0
424.4
800.8
800.1
869.9
779.1
905.5
567.3
869.5
597.9
764.3
556.4
723.1
860.6
620.6
719.1
630.9
664.6
633.7
862.9
320.4
320.1
420.4
469.0
503.5
467.0
863.8
404.2
874.2
320.8
320.2
375.1
320.7
398.5
862.0
524.4
548.3
517.3
520.8
364.4
873.6
320.6
861.1
389.9
551.5
432.1
565.2
336.2
332.5
863.1
323.8
322.0
469.0
861.2
557.5
689.1
822.0
864.7
890.0
950.1
476.2
605.1
349.4
861.2
321.0
320.0
321.3
320.4
862.1
360.8
598.1
655.7
579.5
507.1
515.9
871.4
525.9
430.6
556.7
536.7
391.5
864.6
529.2
551.7
555.1
661.8
860.9
515.7
873.8
414.9
363.1
454.5
542.1
450.2
570.8
614.1
862.6
380.9
445.8
374.2
863.1
321.0
415.6
873.2
789.4
928.8
984.8
660.2
883.7
1034.6
973.0
861.4
974.2
892.1
977.5
839.2
976.2
503.5
862.9
506.0
701.0
867.4
897.5
925.3
948.3
966.6
945.7
872.4
623.3
739.1
1015.4
413.1
471.3
569.0
517.2
864.4
400.3
321.1
320.5
320.7
863.8
320.3
320.6
860.7
321.2
320.8
319.9
321.2
322.6
860.8
384.4
320.7
542.7
462.7
501.1
865.9
400.9
584.5
411.5
870.7
319.6
387.8
519.1
474.8
512.6
485.9
862.6
393.8
368.7
518.2
532.8
869.8
320.2
864.6
351.4
873.0
795.2
983.7
882.1
862.9
1152.0
886.2
1094.7
1062.9
786.6
510.8
356.8
321.1
320.3
861.6
320.4
320.4
320.9
860.5
320.8
321.3
403.0
381.7
337.5
861.5
399.5
591.0
630.7
605.5
883.9
827.7
889.3
874.6
664.2
638.4
942.6
794.8
862.7
861.3
804.8
861.7
898.4
657.6
1097.7
1150.4
886.7
920.8
319.6
862.3
319.6
331.1
322.1
585.8
579.5
546.2
486.5
860.8
338.8
319.6
864.3
331.3
323.7
321.4
326.5
335.7
861.1
323.9
327.2
862.6
320.7
320.5
320.6
413.5
489.6
861.4
514.2
487.1
863.2
395.4
330.5
432.9
375.4
400.1
479.8
862.9
538.5
520.7
423.4
862.6
320.7
330.8
321.9
320.9
321.6
861.6
321.1
321.2
346.4
406.4
336.4
380.6
872.2
319.8
320.5
866.0
320.1
320.8
582.6
555.7
908.4
442.2
628.2
429.4
321.3
422.4
886.2
392.9
467.4
467.5
459.3
879.2
436.7
321.5
372.3
863.1
320.8
321.3
861.4
406.7
546.5
541.6
400.1
343.0
495.5
465.3
346.0
877.0
521.1
652.4
873.6
767.4
873.7
885.2
747.9
942.2
906.7
647.0
516.1
762.0
875.7
321.7
321.2
342.5
346.7
330.2
324.7
860.6
321.2
320.2
875.7
359.6
320.6
355.5
321.9
861.2
357.9
410.5
378.0
319.7
874.5
389.5
389.3
321.1
487.6
416.0
874.0
382.7
321.3
865.2
369.2
453.7
395.3
419.0
874.6
539.1
634.9
790.3
388.2
722.3
595.9
884.7
388.2
328.2
405.8
372.3
464.5
862.3
864.7
321.3
392.2
399.3
481.7
449.3
446.9
883.3
573.9
506.1
319.4
870.7
321.8
321.0
321.2
861.5
321.1
319.7
320.6
321.1
342.5
491.7
457.7
415.5
861.2
496.6
863.3
668.2
724.2
742.3
367.2
523.8
874.0
321.2
319.7
320.8
320.8
376.7
860.8
424.3
491.4
864.4
557.4
619.9
714.7
862.4
838.4
526.6
704.6
580.8
692.7
343.7
873.9
646.9
701.2
553.0
602.1
881.2
466.5
411.5
863.9
320.8
336.2
402.2
375.8
503.5
443.0
861.1
490.8
435.9
414.5
497.9
476.9
336.6
861.1
420.8
629.9
691.4
667.2
864.1
559.5
871.7
