333.4
401.1
335.9
422.5
414.0
393.4
873.5
455.1
322.5
321.7
876.7
597.0
677.1
669.1
731.0
650.3
621.0
877.1
879.4
384.4
321.1
321.8
321.3
403.4
557.0
516.8
864.0
509.0
324.4
866.2
321.4
427.3
425.8
321.3
391.9
364.4
863.5
550.0
485.4
491.4
424.2
877.8
322.2
863.7
321.9
320.9
353.9
353.4
322.1
861.6
321.8
321.9
321.4
321.6
321.5
873.6
333.0
321.7
320.9
861.6
432.4
576.7
636.8
491.4
383.0
862.2
322.3
332.3
320.8
862.4
321.4
322.7
322.3
321.6
862.5
329.5
322.7
322.3
324.7
321.2
864.7
321.8
322.2
322.3
874.4
321.3
323.8
385.9
384.4
515.5
451.6
876.6
322.9
322.4
320.9
864.0
380.7
480.9
467.5
373.5
862.1
321.4
334.8
322.3
321.2
875.3
323.3
321.8
862.8
369.0
429.3
441.2
341.2
322.0
864.0
473.0
417.9
480.4
362.2
321.4
866.8
466.5
461.4
878.2
324.1
490.7
404.5
454.2
370.7
400.8
321.8
871.6
320.8
323.2
877.8
321.5
321.9
321.8
415.7
326.0
416.4
865.1
321.1
320.9
321.8
935.5
350.8
344.8
426.2
322.8
862.9
359.3
364.7
866.9
321.7
462.5
491.8
353.4
862.1
327.2
437.3
444.1
321.3
320.8
864.6
385.9
338.9
388.3
861.7
21.4
320.7
322.3
322.5
375.4
332.4
365.8
873.2
332.4
322.9
863.0
321.7
321.8
321.8
322.4
873.3
345.6
412.0
488.5
405.7
550.0
356.8
863.2
424.9
361.8
321.8
357.5
884.8
321.8
323.1
863.2
484.3
541.7
382.4
502.8
878.5
322.7
496.1
493.4
345.3
863.3
392.2
324.9
552.5
412.3
452.4
392.7
862.2
322.8
584.4
864.1
592.4
702.2
618.0
625.4
371.9
875.7
460.9
322.4
320.9
861.6
324.2
447.3
447.5
328.5
446.2
872.7
435.6
473.4
465.5
868.9
321.6
478.4
468.7
320.7
463.8
450.0
862.7
322.1
367.9
451.9
862.2
396.0
322.3
321.9
861.7
323.3
322.2
322.3
392.0
863.0
324.8
390.9
322.8
874.7
337.0
322.4
376.1
376.4
324.4
862.4
322.2
321.9
321.9
322.6
377.0
382.8
321.7
864.3
393.1
370.5
402.4
877.8
364.7
481.4
524.9
555.4
650.9
864.1
327.3
331.3
875.7
327.8
322.5
322.5
343.0
321.9
862.1
387.0
490.4
507.5
419.9
380.1
863.1
877.2
322.8
391.3
324.9
382.5
320.7
322.3
873.2
322.4
378.1
387.3
863.3
346.3
321.9
321.4
333.8
437.0
539.6
464.3
863.6
396.5
403.4
398.3
875.7
325.4
339.3
476.0
457.0
332.3
863.6
470.5
581.9
549.2
878.6
429.9
321.6
323.3
876.2
322.4
321.4
495.4
521.6
477.9
457.3
861.7
323.0
322.3
867.8
321.0
321.9
323.3
862.1
321.2
323.3
321.6
321.4
432.9
389.9
350.1
863.2
322.8
863.6
407.3
350.3
434.4
917.7
321.8
322.8
333.2
351.4
320.3
356.4
325.8
862.6
322.9
321.9
862.0
322.4
333.3
321.4
323.4
862.7
321.1
321.0
321.9
322.0
339.0
332.6
863.2
421.4
538.6
529.0
448.5
869.7
429.1
322.3
322.0
874.2
322.5
321.3
863.5
437.6
612.5
642.8
459.4
410.0
332.7
863.7
322.9
321.9
323.2
322.5
321.4
873.2
320.8
322.3
321.9
863.0
499.9
551.5
480.9
616.1
867.2
521.9
630.5
433.0
863.2
322.4
321.4
321.3
872.5
322.1
322.1
322.2
333.4
322.4
321.7
863.0
367.8
362.8
364.3
397.4
498.8
861.8
371.2
448.3
366.0
320.8
868.1
322.3
324.2
321.2
321.0
863.1
321.8
862.8
321.3
322.7
322.3
322.5
351.6
332.4
862.4
416.2
412.7
513.0
360.4
396.8
878.7
322.5
321.3
389.1
385.6
864.7
320.7
322.4
324.2
865.8
323.8
325.0
861.3
321.4
333.5
320.8
321.4
862.2
329.9
322.5
339.4
322.1
874.0
324.3
322.0
323.4
321.2
369.9
556.5
534.9
874.9
322.6
323.4
866.3
321.7
322.3
321.1
322.0
863.9
321.9
322.5
321.9
322.3
405.5
865.5
410.6
379.2
320.8
425.4
320.9
364.9
861.6
321.8
879.1
322.5
321.0
321.3
322.4
861.1
321.8
321.6
347.4
322.7
394.8
358.6
864.6
320.3
327.3
422.3
416.2
878.2
321.7
321.8
875.5
322.3
417.0
497.4
667.1
704.1
596.6
654.0
864.1
350.4
886.9
333.4
393.5
387.7
321.4
873.7
321.2
419.3
415.3
445.8
434.0
863.8
322.3
320.9
321.8
322.8
364.6
359.3
874.1
322.6
867.7
321.9
322.0
322.4
386.4
322.2
873.2
322.3
503.1
504.5
369.9
863.2
322.4
321.2
864.8
425.4
345.4
434.2
371.3
322.9
323.7
863.3
322.4
321.9
323.0
863.1
523.2
511.6
783.7
706.3
718.0
862.7
321.7
321.9
321.4
873.4
322.4
321.8
322.4
862.2
321.8
410.4
325.2
430.0
344.4
322.5
329.2
861.8
321.8
321.4
387.6
427.6
321.9
863.0
450.4
582.0
578.5
488.4
862.6
368.2
880.0
435.9
357.8
404.9
458.0
418.3
510.4
546.1
891.6
411.3
410.0
987.3
426.6
371.5
543.7
515.3
864.4
509.2
600.3
391.2
353.3
877.2
343.9
326.1
400.9
555.4
498.5
361.4
874.8
323.1
867.7
321.3
320.7
322.3
863.7
518.7
571.6
506.2
709.3
438.4
321.8
868.5
322.4
321.6
321.7
430.3
432.1
861.7
321.9
322.2
321.0
864.1
320.9
322.9
337.7
863.4
321.9
321.5
322.2
321.9
323.1
866.6
332.9
322.2
321.1
321.7
333.1
863.2
332.3
321.6
332.8
875.2
323.4
322.4
323.5
388.5
392.1
863.8
328.9
341.9
322.9
390.4
361.4
872.4
322.4
861.6
428.4
504.4
640.8
861.7
416.4
860.1
880.6
899.2
851.1
877.1
413.4
322.3
320.9
322.8
321.8
862.2
324.8
321.3
321.6
861.9
322.3
322.3
332.9
325.6
334.9
862.6
321.4
321.8
418.5
489.9
529.3
578.3
870.9
352.7
321.9
869.7
342.8
322.3
322.4
862.8
350.9
547.9
502.5
392.0
693.3
870.6
501.7
438.7
321.9
862.0
320.6
325.7
322.5
532.4
452.3
413.4
348.9
862.5
322.8
882.5
324.6
325.6
323.4
323.6
321.3
863.7
322.4
321.3
320.9
863.1
324.9
322.2
321.4
415.0
863.1
478.6
451.0
435.4
866.1
322.0
329.7
323.4
329.3
322.4
325.3
865.2
404.8
377.1
340.1
873.0
322.1
321.5
322.3
323.3
321.9
861.9
321.6
322.8
323.3
321.5
863.6
321.8
320.9
322.3
881.2
322.8
321.3
347.2
862.9
400.9
475.6
476.4
401.4
321.8
432.9
864.9
432.4
322.2
322.9
358.2
353.0
873.8
321.8
321.5
321.4
863.3
323.8
320.3
861.6
394.4
416.4
473.0
332.4
399.4
389.4
338.9
322.3
862.3
448.9
868.2
545.4
531.8
618.6
486.4
547.0
872.5
441.9
328.8
346.8
348.0
863.2
321.7
327.2
322.8
325.9
862.2
322.5
323.4
322.0
321.3
863.1
322.3
324.8
324.8
873.7
322.0
322.4
321.9
322.4
863.0
385.9
324.4
385.0
354.4
382.4
863.4
412.1
321.5
321.7
864.0
381.4
322.4
387.4
864.2
436.4
509.0
522.5
527.2
329.5
323.4
324.5
862.2
321.4
321.2
864.4
322.2
453.3
448.5
862.7
321.4
321.8
428.7
431.5
321.8
863.1
505.7
566.6
452.5
866.2
323.0
322.5
321.9
322.8
863.7
323.0
322.5
322.3
321.9
378.5
346.9
383.7
327.2
864.6
472.5
877.3
518.3
465.9
521.3
322.0
320.7
874.7
323.8
321.0
321.6
332.8
863.6
338.9
325.0
378.7
374.3
878.1
432.6
402.3
323.5
875.5
400.4
321.8
416.0
326.9
873.1
370.2
404.8
499.7
361.0
410.7
863.2
321.8
323.0
877.4
322.4
322.3
353.5
350.4
336.4
863.6
385.5
461.4
400.2
362.8
356.9
407.8
863.1
324.4
575.1
533.5
658.8
608.2
863.1
477.2
865.7
