336.4
333.4
332.6
320.8
874.6
455.7
363.2
428.3
332.2
320.7
927.3
456.7
480.5
677.2
681.5
576.3
532.9
863.6
864.8
322.9
321.4
321.3
321.2
864.1
520.4
520.7
485.3
483.0
322.2
877.1
414.9
370.7
457.1
322.4
321.4
874.6
323.8
362.0
321.2
348.4
322.9
863.2
323.4
861.7
322.1
443.9
428.1
333.3
321.8
863.1
322.3
323.3
323.4
322.2
874.5
333.9
321.3
321.4
321.2
864.3
373.8
528.1
517.5
364.7
321.6
861.6
321.1
321.4
322.3
874.8
322.7
321.9
360.7
321.3
861.9
321.3
322.3
322.0
333.3
910.6
368.4
321.5
321.8
320.9
873.7
321.2
321.3
324.4
323.3
333.4
322.4
863.2
320.8
322.8
872.8
372.6
381.4
409.3
377.4
346.0
863.9
322.3
336.9
321.6
321.3
862.2
325.0
321.6
874.8
322.6
413.9
406.6
321.9
322.8
864.0
353.9
379.8
403.4
321.3
862.6
321.3
461.9
459.4
862.2
400.5
452.5
367.3
339.3
323.3
346.1
861.9
321.3
322.8
874.7
323.5
321.9
321.6
321.3
862.4
516.9
783.8
865.1
723.5
911.0
911.5
730.1
430.5
357.1
322.5
329.9
873.0
320.8
333.3
863.7
407.8
369.8
450.0
321.3
861.0
401.5
345.3
377.8
322.8
322.8
863.0
338.8
321.8
331.7
875.7
322.0
323.8
322.2
321.2
322.1
321.8
863.2
333.3
321.3
321.0
861.6
321.1
324.5
324.9
322.2
861.9
321.9
331.9
368.3
352.9
379.2
864.2
325.8
323.3
322.4
322.1
325.1
863.8
322.3
320.8
874.6
346.9
418.4
402.3
360.8
861.5
432.3
333.6
430.4
321.9
863.7
321.1
326.1
331.9
324.6
321.1
862.6
321.5
325.7
408.0
534.2
863.4
488.5
638.5
458.2
865.7
321.2
322.3
331.5
861.7
323.2
386.1
332.9
413.0
320.5
862.2
387.7
322.3
433.4
368.5
866.1
322.5
464.4
472.9
329.4
448.2
444.7
872.2
320.8
863.8
451.1
424.3
356.8
323.4
321.4
862.1
321.8
322.1
333.5
861.7
320.7
322.8
321.3
322.4
861.7
320.3
321.3
342.9
335.9
322.3
873.5
321.4
321.8
332.4
344.5
322.3
342.4
321.3
862.6
321.9
323.8
861.4
331.9
322.9
466.9
479.9
608.5
579.4
873.8
865.7
322.8
320.8
320.9
323.4
328.3
322.4
862.2
321.9
322.0
420.8
424.9
324.2
864.7
322.3
863.7
323.1
321.3
322.8
333.3
321.8
862.6
321.9
345.3
322.1
338.3
861.9
323.9
336.4
322.7
376.2
324.9
427.3
363.6
878.8
338.5
322.0
331.4
872.5
321.4
321.8
466.8
456.4
864.0
321.7
355.3
866.1
482.2
541.0
401.3
321.9
863.5
324.9
321.9
322.3
336.8
493.5
502.8
335.6
863.3
321.6
866.1
321.7
322.5
322.0
872.8
324.3
320.8
321.4
321.8
323.1
395.8
390.6
863.5
333.3
864.4
321.3
401.0
340.8
408.8
863.1
321.8
321.8
333.3
322.0
323.8
321.3
322.1
873.4
322.8
321.7
864.4
327.2
323.6
322.4
321.9
873.8
321.8
322.4
326.5
324.4
325.0
321.4
864.3
321.6
379.5
388.0
334.8
885.2
322.3
321.7
874.3
321.3
321.9
322.3
862.3
368.9
510.4
565.5
422.8
321.3
321.8
862.6
321.7
325.8
322.4
320.8
863.5
323.0
321.2
322.2
921.8
412.4
322.3
415.1
425.8
440.1
321.5
862.7
387.9
322.2
876.3
322.3
323.4
322.4
863.0
321.6
322.4
322.7
323.7
322.3
861.8
332.5
321.5
339.3
322.4
325.2
381.1
862.6
322.5
376.3
322.9
865.2
320.8
321.4
332.2
328.3
901.3
321.2
321.8
873.1
321.8
321.3
321.4
322.3
322.3
326.3
863.2
359.4
336.8
360.9
333.3
322.3
877.7
322.4
355.3
351.8
861.6
379.8
324.3
323.1
875.2
325.1
322.5
321.7
871.9
324.9
334.4
321.6
321.9
861.8
321.6
332.5
321.0
331.8
861.9
321.4
321.7
321.4
322.3
373.1
433.6
400.7
872.7
321.3
320.8
873.2
322.4
322.0
321.7
321.5
862.6
321.8
324.7
320.6
370.9
874.1
321.8
377.9
322.3
333.8
321.8
875.3
321.8
321.3
322.2
863.0
321.8
322.2
321.8
322.2
876.4
321.9
334.8
321.8
321.5
335.2
331.1
875.8
320.8
340.6
425.1
442.6
864.3
322.7
325.8
875.4
324.3
321.4
321.5
556.5
426.5
614.8
471.4
861.7
323.4
869.1
322.3
360.3
349.0
322.0
862.3
321.4
321.6
336.6
395.3
375.4
875.3
321.8
321.3
321.8
322.1
864.7
325.4
325.1
322.4
864.7
322.6
327.0
321.1
322.7
332.9
863.4
419.8
322.3
437.4
324.5
873.7
321.9
321.9
863.2
342.8
321.2
349.7
322.4
322.4
324.7
861.2
323.2
322.7
862.6
322.9
526.5
530.8
570.5
505.1
656.0
862.9
324.7
333.2
862.5
322.9
323.7
320.8
322.9
863.2
323.4
322.1
321.3
332.9
321.4
321.4
875.2
320.9
320.8
334.0
364.8
360.4
861.6
321.0
440.9
536.0
507.8
458.4
874.2
321.4
866.7
396.9
321.8
384.8
329.4
413.4
512.4
413.9
863.6
334.6
321.7
323.6
872.4
321.8
414.1
507.3
862.2
498.0
495.0
323.0
321.3
877.2
321.9
323.3
404.9
332.9
400.0
862.1
321.3
866.2
321.8
322.2
322.8
321.3
864.7
435.9
526.5
532.5
435.8
323.8
863.2
324.3
324.4
321.4
322.1
417.2
902.1
423.3
321.7
321.8
862.0
323.1
322.9
328.9
862.6
322.7
321.7
322.7
321.5
321.4
876.1
322.3
322.3
325.9
321.9
323.5
874.2
320.9
332.6
320.8
862.0
368.1
320.3
323.4
331.7
321.1
322.3
864.7
321.9
321.7
335.6
336.3
861.6
328.9
321.4
863.2
374.8
351.2
470.0
354.8
549.1
873.4
658.8
585.6
387.3
875.7
321.3
322.3
323.2
321.4
321.8
863.6
322.6
333.4
324.6
864.2
322.0
322.9
327.4
321.8
321.8
873.1
322.6
334.2
532.5
400.3
549.3
530.9
874.1
865.6
321.2
321.8
321.7
322.3
322.3
872.7
408.8
495.8
479.9
394.3
321.9
324.4
862.2
322.1
861.9
321.3
321.6
322.1
321.0
323.4
342.9
336.8
863.6
322.4
877.9
321.9
324.3
322.4
322.5
323.0
332.3
863.0
322.7
332.9
323.3
875.5
421.4
412.8
321.6
328.1
862.8
450.0
323.2
458.7
864.9
322.4
321.9
321.9
323.5
321.3
861.6
321.3
338.4
343.3
321.0
862.2
323.4
322.9
320.8
862.3
321.5
322.9
321.8
321.7
322.5
322.8
866.2
323.4
322.2
321.9
873.1
332.3
321.8
321.7
863.3
335.8
439.3
410.0
362.5
864.2
337.2
430.0
408.9
321.8
321.3
321.2
321.8
875.6
321.8
321.4
322.5
861.7
321.7
322.0
875.2
363.8
395.2
417.4
321.4
323.2
325.0
321.3
863.4
321.7
446.0
862.7
395.9
409.0
496.2
346.7
321.9
869.2
338.4
321.9
320.8
320.8
861.7
321.4
322.4
322.3
320.8
873.7
325.1
331.4
322.2
862.6
320.7
321.7
323.5
321.8
864.1
322.3
321.3
322.1
321.2
875.2
321.3
349.9
322.9
322.3
862.7
374.8
378.8
321.8
321.4
862.2
321.7
321.8
321.5
874.1
338.7
506.9
439.9
534.0
328.6
321.9
322.4
863.1
322.9
322.1
875.0
417.3
321.2
410.4
862.2
322.5
368.4
375.7
426.5
863.4
424.5
514.3
521.4
423.9
874.9
322.3
323.3
322.7
324.3
863.3
321.4
322.4
322.1
334.3
332.7
333.1
324.8
863.0
332.9
877.1
468.0
382.8
473.7
452.9
327.4
321.0
873.7
321.8
321.3
321.9
863.6
321.7
323.3
324.4
321.8
862.2
321.9
323.4
321.4
321.0
874.6
331.3
335.9
335.8
322.3
861.6
395.7
324.1
392.7
322.3
322.2
862.1
322.3
321.8
862.2
322.3
322.6
322.4
324.4
863.3
378.0
321.3
377.4
321.3
394.9
322.3
381.4
875.1
321.3
489.9
534.5
589.9
544.4
874.2
408.9
884.3
