334.0
323.9
322.1
874.7
323.2
322.5
333.5
333.7
862.7
322.4
322.2
322.7
321.7
332.7
333.2
863.4
322.5
320.8
873.2
322.3
322.4
327.4
333.2
958.4
324.9
335.6
333.4
320.9
879.2
322.1
325.9
320.6
321.9
321.3
861.7
322.7
321.3
322.0
321.9
863.4
321.3
321.5
323.2
863.7
333.3
324.9
332.1
323.1
873.6
322.4
323.5
322.3
332.7
891.7
321.9
332.3
322.8
323.1
321.9
867.4
321.8
332.4
333.9
332.0
873.7
322.7
322.8
322.4
322.4
875.3
322.9
322.3
324.4
873.5
322.8
332.1
324.2
322.8
322.8
875.9
322.4
322.2
321.2
333.3
874.2
324.9
333.4
321.8
330.9
876.7
323.9
322.3
323.8
873.6
321.9
331.9
336.9
333.7
322.3
324.7
874.0
321.8
320.8
322.3
873.7
334.9
332.4
322.1
875.2
321.8
333.7
333.0
323.1
861.9
321.8
321.4
322.3
333.4
322.6
872.4
322.5
322.8
337.3
873.2
322.4
323.4
321.4
321.5
324.9
874.7
332.8
323.0
324.2
874.7
333.9
332.5
322.0
332.3
320.9
873.6
322.8
331.9
322.7
874.5
324.1
332.7
321.4
321.8
321.8
863.1
335.8
331.7
322.3
874.6
321.8
321.4
321.8
321.7
873.8
333.7
321.5
333.8
321.8
863.0
333.1
321.9
332.7
321.8
872.8
323.9
321.4
322.2
332.8
873.1
322.5
321.2
322.8
325.7
332.5
873.7
332.2
321.4
334.7
873.4
333.1
322.5
322.9
322.5
325.1
874.8
324.3
333.7
332.8
862.1
322.9
321.9
322.7
322.3
321.3
863.9
332.8
323.3
321.8
321.3
872.7
331.9
321.9
322.9
321.3
863.2
323.6
332.9
333.3
862.2
321.8
321.4
322.5
324.7
880.6
322.3
321.9
332.9
321.6
322.0
863.2
324.8
328.6
322.7
862.3
332.9
335.5
322.0
332.9
333.9
875.4
322.2
404.5
321.6
321.4
864.0
415.6
321.3
407.4
863.9
322.8
331.8
320.9
390.8
874.7
323.1
332.4
322.0
322.1
332.4
873.6
322.4
332.8
321.8
875.6
322.0
321.2
321.3
332.8
862.4
322.8
322.8
332.9
322.1
863.9
323.1
322.5
322.8
322.0
322.2
333.7
874.2
321.2
324.8
876.0
322.7
321.9
323.6
322.3
483.1
387.4
863.2
598.0
602.0
879.2
322.3
321.2
322.9
322.3
322.6
322.9
862.2
322.3
322.8
320.9
321.1
874.6
321.9
334.7
861.7
333.2
322.3
322.3
333.5
873.3
332.9
322.4
322.7
332.9
321.8
874.2
321.9
332.4
322.9
323.0
873.2
334.9
321.3
333.1
862.8
324.3
322.0
321.5
324.7
333.5
321.3
334.5
873.7
333.3
874.1
322.3
464.8
474.7
322.1
321.8
868.1
323.9
323.3
332.3
322.5
323.6
336.2
875.6
321.7
924.1
321.8
324.1
332.5
323.4
862.0
322.7
322.1
321.9
332.3
331.0
873.6
321.7
321.0
321.3
873.1
321.8
324.0
333.5
332.4
873.0
322.8
322.3
323.6
333.8
321.7
874.1
323.4
349.0
320.9
863.0
333.3
323.2
322.9
321.8
862.8
322.3
322.9
324.0
322.9
332.9
321.5
873.2
321.4
322.8
336.1
877.5
332.4
324.6
322.3
324.8
873.6
321.9
332.3
334.7
874.9
332.5
447.0
453.5
332.3
333.9
862.8
321.8
321.9
321.3
334.6
871.9
321.5
323.0
323.6
873.1
321.4
324.7
402.2
321.7
322.8
334.1
863.7
322.0
332.5
322.6
864.0
322.4
322.8
323.7
880.0
332.6
321.9
321.6
322.8
874.7
322.2
322.7
321.9
331.9
324.9
322.4
872.9
320.9
322.7
321.4
863.7
322.1
321.8
322.9
873.2
323.1
333.3
333.4
321.8
874.3
321.7
322.1
332.7
322.8
873.2
322.4
332.4
333.3
333.4
333.6
872.7
321.4
322.4
322.9
874.7
324.1
323.0
321.9
322.3
874.4
332.8
323.4
322.4
325.0
862.8
321.8
334.0
412.5
323.8
873.2
322.6
333.7
327.2
349.8
863.6
321.1
321.9
322.9
333.3
354.9
325.9
861.7
322.6
322.4
332.8
879.4
322.3
322.4
321.4
863.6
332.4
323.3
332.4
324.0
873.2
333.4
322.4
322.2
321.6
322.3
872.7
333.5
333.7
333.2
322.2
862.6
322.4
326.9
322.6
873.1
333.0
322.4
322.7
321.9
321.8
335.8
877.5
323.5
335.3
331.9
874.7
339.0
323.9
338.1
884.2
345.3
322.8
337.0
322.0
322.5
340.5
874.8
351.2
326.9
322.9
874.1
329.5
338.4
321.8
874.1
321.8
323.8
339.1
322.3
322.9
876.1
320.8
321.3
332.8
323.4
874.2
321.9
335.5
332.7
862.6
322.5
333.6
373.9
321.7
872.6
322.8
321.5
353.1
321.9
322.4
873.9
333.9
322.1
325.1
862.1
336.1
321.8
331.8
322.4
875.4
322.0
322.6
332.3
323.5
862.3
332.5
427.9
503.5
439.6
436.4
335.7
913.0
321.7
333.4
864.5
334.2
324.9
369.9
334.2
873.5
321.8
321.8
321.9
335.0
322.4
874.4
322.3
322.7
321.5
322.0
333.3
875.2
320.4
332.5
416.9
873.1
463.1
372.7
323.0
322.8
862.3
332.3
322.6
332.8
333.3
876.9
321.8
322.1
322.5
331.5
862.1
321.3
321.6
322.9
873.1
341.9
332.9
333.0
332.8
873.2
322.9
323.9
321.7
322.3
321.4
861.9
332.3
321.7
322.4
874.4
330.6
323.3
334.4
321.4
863.7
321.9
480.0
477.8
321.6
322.6
875.3
322.2
322.1
321.3
873.2
332.8
321.3
332.3
332.4
863.8
324.0
321.4
333.8
321.7
864.5
332.9
321.8
332.8
332.8
872.6
323.0
332.3
322.9
325.8
321.8
880.1
321.8
322.6
323.2
875.1
321.8
354.2
321.9
321.8
321.8
863.1
322.8
322.9
321.8
322.9
862.0
321.9
321.4
320.9
862.2
321.9
322.9
333.3
325.9
876.1
322.8
332.1
321.8
332.9
323.2
873.6
321.7
322.5
442.6
322.5
873.3
332.9
322.3
332.5
333.2
873.7
324.7
333.4
332.4
334.3
875.7
322.1
324.0
334.9
324.8
875.1
359.3
436.4
469.2
862.8
321.3
320.9
332.8
321.9
862.1
322.4
322.4
323.1
333.4
321.5
875.2
322.7
332.5
321.5
873.2
334.0
322.4
332.9
335.1
321.6
874.2
321.3
320.8
321.9
864.7
321.9
321.6
322.1
331.3
874.2
322.4
321.6
321.9
320.7
863.3
323.3
321.9
333.9
321.3
872.6
322.7
324.2
333.1
321.0
872.6
321.3
322.7
334.0
334.7
923.6
322.8
323.2
321.9
332.4
332.5
882.7
322.7
321.7
322.1
875.2
333.8
321.1
323.3
325.3
863.9
333.7
332.3
322.7
333.0
874.2
333.2
321.9
321.5
333.5
874.9
322.4
332.6
321.8
321.8
873.7
322.1
334.3
321.4
333.0
323.6
468.9
470.7
873.2
322.4
323.2
867.8
333.7
321.3
322.3
862.1
332.4
322.8
320.9
502.2
334.4
333.8
875.0
321.8
323.6
863.5
322.4
346.0
333.3
342.4
875.6
322.0
334.5
321.3
322.9
322.4
874.7
322.2
333.4
323.0
321.9
874.7
322.9
332.9
320.9
862.1
322.3
322.7
333.4
324.1
322.4
861.2
321.8
321.8
322.9
862.2
333.6
320.8
322.4
322.9
863.6
333.3
332.9
321.3
321.8
321.9
875.5
321.8
321.3
321.9
863.3
331.8
332.6
348.6
328.7
321.9
864.1
321.8
321.9
321.3
365.3
864.6
321.8
334.2
332.0
864.2
333.5
335.0
332.6
321.8
872.9
412.0
439.4
523.5
333.9
863.3
323.1
321.8
322.9
321.9
862.7
322.5
333.9
330.7
321.9
324.8
876.1
324.5
322.4
322.4
874.5
321.3
333.1
321.4
334.4
865.9
325.6
322.6
333.3
333.0
876.6
321.3
321.8
333.4
324.1
873.2
323.0
322.8
326.0
321.9
321.9
875.0
322.7
322.4
322.7
321.8
872.7
335.2
326.0
323.0
322.6
322.4
864.8
322.9
495.0
928.1
321.9
322.2
332.6
335.8
875.1
321.9
322.4
333.5
321.8
320.9
872.7
322.2
333.1
321.9
323.0
873.6
341.1
385.7
385.4
322.8
863.6
