314.1
375.5
531.9
492.8
747.5
705.6
771.2
999.4
988.2
899.3
967.7
954.7
1115.3
963.9
979.7
1055.1
1017.0
1164.3
1450.0
504.3
939.7
866.5
1245.7
1053.9
1465.3
907.1
1315.3
1412.7
1402.8
1295.2
1008.9
1218.9
1235.1
949.4
1587.1
920.4
1071.7
991.7
1643.0
1371.3
1344.9
985.8
971.3
718.8
1371.1
537.9
635.3
432.9
324.2
1001.1
447.0
443.0
348.6
306.6
900.6
444.3
339.2
301.8
444.8
353.6
357.5
870.6
512.6
383.5
474.3
308.9
307.4
543.8
910.5
464.8
871.4
420.4
444.2
324.2
443.8
443.0
361.4
403.5
444.2
339.8
870.6
303.9
442.5
305.3
871.0
445.4
394.8
341.4
422.4
518.6
513.1
302.3
875.4
420.7
304.8
577.9
451.0
880.6
539.9
663.0
464.4
534.3
479.5
457.5
888.4
386.3
549.7
305.6
302.0
894.3
447.2
303.8
460.6
319.4
383.0
457.3
362.4
923.6
526.7
354.5
420.9
509.2
948.2
307.1
368.8
605.5
405.9
967.4
505.2
384.7
387.2
690.7
337.6
548.1
875.0
466.7
323.9
452.4
397.7
443.9
874.8
377.1
388.7
888.5
530.1
659.0
563.2
436.7
576.7
689.5
533.8
888.4
612.4
404.0
399.2
496.0
456.4
883.6
351.1
301.4
470.8
315.3
444.1
301.8
872.7
304.4
302.8
443.5
301.9
871.5
464.0
388.5
357.5
443.7
377.4
443.4
873.3
871.8
302.5
444.1
307.2
302.5
443.8
500.1
398.9
521.0
506.5
525.0
871.5
525.6
492.8
556.0
360.1
442.8
872.3
307.4
445.9
397.0
466.1
379.8
896.4
444.4
461.5
505.5
393.1
470.8
398.7
920.3
532.0
463.2
576.4
962.7
610.5
552.5
654.5
758.6
775.8
1095.6
846.4
753.0
820.2
825.3
828.1
840.3
476.4
1055.3
611.1
830.1
503.9
1080.8
453.5
393.7
461.9
679.3
796.6
718.0
746.7
1042.8
728.8
1154.9
917.0
897.5
896.5
786.6
758.9
782.5
941.5
629.1
1048.2
718.5
718.9
430.3
477.2
479.4
916.7
305.5
301.9
444.4
302.2
878.7
443.8
305.1
444.7
323.8
873.3
303.1
459.7
329.3
444.2
316.2
367.5
444.5
306.6
871.0
491.7
450.0
354.6
548.5
378.2
512.0
1003.5
658.2
392.7
897.9
597.0
567.6
765.7
654.9
953.5
764.4
1101.8
715.4
776.4
671.2
948.0
586.3
923.6
631.1
552.9
629.5
749.5
1394.6
443.8
333.3
1229.3
1056.8
368.5
393.8
444.9
447.3
302.8
418.0
410.6
444.0
916.8
464.1
465.4
450.1
512.1
633.3
634.3
629.3
569.4
570.7
1092.1
571.0
879.3
389.4
417.5
521.5
569.4
644.5
565.0
565.8
1252.3
637.5
571.5
472.2
926.2
307.0
565.2
302.2
315.0
1055.3
512.1
447.3
426.0
555.0
385.6
869.9
617.7
412.8
513.0
343.0
411.4
874.8
612.8
369.9
416.6
477.7
414.9
546.9
891.9
443.5
385.5
359.5
871.0
442.6
431.4
303.2
870.8
457.1
578.5
421.1
534.4
393.0
565.4
416.4
503.5
357.1
886.8
304.7
453.3
304.4
303.4
443.6
873.8
327.8
349.5
444.3
348.2
886.0
758.5
461.3
449.8
664.1
391.5
675.6
873.3
497.8
904.8
319.6
311.7
450.1
445.4
457.4
419.5
475.9
443.4
409.9
870.5
307.4
442.8
365.0
445.3
360.9
889.5
303.3
476.6
481.1
605.1
692.4
638.7
606.7
702.0
650.9
1252.1
699.9
378.0
430.4
584.1
1132.2
456.0
1032.7
340.5
306.1
374.7
367.7
593.1
495.5
906.3
488.0
780.2
902.0
567.2
725.2
745.7
607.8
686.0
612.3
486.9
644.8
927.3
304.5
302.8
453.7
302.6
465.5
872.6
302.7
445.0
301.4
891.4
476.0
605.1
429.8
647.4
616.8
734.1
695.9
611.6
1044.6
693.6
603.7
882.1
611.9
671.5
397.4
554.8
441.4
397.9
466.5
1037.7
304.9
445.3
307.5
873.2
301.2
464.4
302.5
444.4
305.3
443.3
303.1
322.1
444.8
443.1
478.5
1186.9
872.7
579.1
376.1
452.2
476.2
443.5
388.2
978.7
306.4
446.9
304.1
874.3
311.9
446.0
334.4
343.1
443.5
871.6
348.5
462.6
573.0
312.3
492.5
520.2
547.4
872.5
442.3
303.9
304.7
872.2
303.1
443.0
321.2
455.5
419.5
498.3
488.5
883.5
409.8
413.5
555.8
523.8
305.3
869.2
446.2
392.0
479.5
872.6
444.5
635.0
687.9
720.6
792.0
896.8
801.8
608.3
795.6
671.8
801.2
582.6
921.0
528.8
838.2
606.8
619.2
675.2
376.8
914.7
508.4
415.2
510.4
406.8
495.4
896.6
515.9
302.1
305.6
870.9
305.7
500.2
306.0
460.6
427.1
455.6
556.4
871.1
448.5
309.0
330.7
870.1
302.2
522.5
306.5
444.2
305.4
507.6
872.7
302.3
478.4
388.7
871.5
620.1
609.9
591.3
724.5
694.7
401.2
498.0
543.5
871.3
446.8
302.2
881.7
306.0
467.0
302.8
304.3
377.1
537.1
462.4
377.9
319.4
911.7
538.5
434.8
453.7
425.7
911.4
327.9
408.2
466.4
425.7
563.1
949.9
581.3
354.2
303.6
443.4
896.2
451.3
467.6
525.6
570.0
365.2
451.2
881.0
472.0
345.0
316.8
871.7
462.0
540.5
617.1
641.6
605.6
815.9
1102.3
668.1
830.9
616.8
763.9
813.1
880.1
874.3
821.9
931.8
1152.6
806.4
895.5
652.2
943.4
856.8
910.9
811.8
886.2
1048.0
776.7
487.6
703.4
583.0
641.5
1123.7
562.3
343.7
555.9
619.9
559.5
1010.5
303.7
469.4
303.8
888.8
441.8
304.3
444.4
349.1
318.1
368.3
454.3
879.7
387.5
451.5
592.5
401.9
524.5
873.4
304.8
393.7
625.0
390.2
545.2
924.7
532.0
395.9
406.8
420.5
499.5
933.9
455.0
366.0
24.0
454.0
914.3
545.1
686.1
686.2
775.8
687.7
659.5
724.3
869.7
655.9
421.0
358.2
318.4
442.5
303.0
303.0
441.9
883.8
444.5
306.7
303.0
305.7
451.6
444.5
451.1
502.4
590.6
1104.3
623.5
662.3
710.3
1007.9
688.2
874.8
899.4
883.2
859.9
740.0
797.2
864.5
909.7
675.4
842.8
755.0
1544.5
510.0
331.5
1296.6
1063.5
536.6
416.3
468.4
445.0
543.5
411.3
345.0
914.6
346.4
563.7
332.8
442.4
983.2
443.2
413.1
321.8
387.0
445.4
882.2
308.4
463.9
871.6
411.2
443.0
388.0
403.4
446.8
450.9
303.7
442.9
896.3
304.4
449.3
390.8
326.8
443.0
872.8
369.2
444.3
303.7
304.5
880.9
446.1
319.8
454.8
350.7
869.8
396.1
452.5
389.2
401.9
521.4
381.4
544.9
932.3
442.4
340.6
304.2
874.1
332.7
443.3
443.9
368.9
334.2
386.2
870.9
450.9
309.4
331.9
529.8
323.4
485.8
304.2
877.5
490.4
310.3
303.8
445.8
898.9
304.8
304.3
468.3
341.6
470.9
365.7
978.7
585.4
464.3
910.3
588.0
727.9
596.1
868.4
686.2
733.4
863.7
482.7
613.7
654.1
1063.4
442.5
358.6
950.0
303.9
464.4
327.4
443.7
302.8
914.7
443.0
366.4
359.0
452.2
418.6
896.7
321.9
351.9
444.8
321.5
870.0
303.8
625.7
567.7
344.4
410.5
554.2
354.5
906.8
462.6
301.9
306.6
443.4
874.6
328.3
376.8
483.3
361.1
579.7
364.7
870.3
332.0
536.1
872.7
394.3
464.5
317.4
384.2
444.6
872.1
442.3
311.9
445.0
26.3
393.3
303.8
384.6
870.9
465.4
308.0
314.5
305.3
872.2
443.0
304.9
444.8
871.7
305.1
463.2
405.6
321.0
531.8
443.8
495.3
880.2
534.3
646.4
485.8
607.2
453.6
498.7
899.9
349.5
303.2
482.4
875.9
447.5
367.6
647.1
543.1
556.5
508.7
613.0
442.7
776.6
1042.2
703.1
693.2
728.8
1008.3
539.4
679.4
661.1
633.7
629.4
1121.4
532.1
494.6
510.9
1008.9
443.8
304.1
304.8
443.6
338.8
329.7
443.2
898.0
372.2
354.8
870.2
473.6
589.4
451.9
475.0
430.0
523.5
511.0
532.0
880.7
871.8
