359.2
314.5
535.1
482.5
583.8
668.1
589.8
646.6
991.4
685.6
1277.5
1092.6
498.5
1061.0
1218.5
1119.5
516.5
1334.6
1318.2
481.9
1380.2
471.7
1660.0
1124.6
464.3
1447.6
987.6
458.0
1423.2
1405.5
1434.0
1004.3
1168.9
443.3
1850.8
443.2
1247.1
1228.8
1995.4
1478.2
1843.1
1617.3
1689.8
464.4
1054.2
1362.6
1855.0
1158.0
904.6
691.5
747.7
442.8
451.1
1519.2
541.3
443.7
976.7
475.6
333.8
356.5
414.8
443.4
447.9
393.9
328.7
1033.7
308.8
443.1
919.3
301.8
304.4
441.9
301.8
965.0
465.0
383.1
304.0
883.7
399.4
467.2
302.5
305.4
302.8
446.4
870.8
331.9
443.0
410.9
441.9
429.4
336.4
875.8
356.9
467.1
880.2
491.4
445.0
426.8
464.3
548.6
566.2
870.6
443.5
498.6
487.1
442.0
466.7
1015.4
414.2
430.9
444.4
376.0
970.1
490.8
474.3
574.3
446.5
921.0
640.8
570.1
617.6
596.0
536.7
882.4
443.3
560.6
392.3
503.4
453.6
888.5
454.8
519.8
621.1
377.7
904.6
301.4
443.9
303.9
304.3
871.6
444.5
302.2
472.6
401.9
464.9
871.8
445.4
604.8
487.0
493.7
444.2
444.1
911.9
392.6
378.4
448.5
950.7
360.8
303.9
326.0
442.8
950.0
444.0
318.8
303.1
316.3
453.3
871.2
302.1
441.5
305.4
871.2
353.9
446.9
417.0
369.9
465.9
872.6
303.1
305.8
343.9
340.8
460.4
945.3
480.8
409.6
506.8
544.8
568.5
872.8
489.7
523.4
381.3
382.6
970.5
444.5
346.9
377.4
444.1
903.5
466.4
442.5
498.9
644.4
445.1
870.7
551.0
456.6
491.0
764.4
447.7
1141.9
532.1
646.0
1011.4
894.8
532.7
1204.0
1095.3
1344.6
1004.6
1103.3
933.6
1160.7
443.3
1233.1
1487.2
441.5
1077.2
1576.9
830.8
824.2
549.6
443.4
909.3
578.4
1277.5
503.4
1926.4
1232.0
459.0
1366.8
1683.8
1285.1
464.9
880.5
1277.4
1467.3
1504.6
1268.2
1949.0
1666.2
1046.6
441.4
1221.9
892.7
841.3
1631.6
627.5
447.7
780.6
627.9
1385.5
457.0
442.9
1139.0
527.3
443.9
632.1
435.8
735.4
1057.0
521.4
446.7
592.5
810.3
789.3
638.8
1223.9
448.2
963.7
914.3
609.4
1062.3
1306.6
523.3
492.0
23.8
1182.9
1183.5
1205.0
1030.6
474.5
467.9
1011.5
1188.5
1576.6
926.2
870.8
796.1
985.3
1685.0
485.1
1607.0
386.5
442.0
1384.4
442.7
345.5
443.4
315.4
308.4
443.7
1084.2
360.7
992.8
524.8
445.0
616.0
690.3
529.1
829.8
680.0
618.6
1179.3
870.2
509.3
582.8
752.9
501.9
819.6
1482.1
1283.9
460.5
823.4
695.2
850.1
802.6
568.9
445.6
1302.1
665.8
420.8
458.0
1194.4
740.3
450.7
773.8
444.0
800.6
748.7
751.5
643.4
1327.5
442.1
1110.9
443.5
778.0
633.2
606.4
759.5
498.0
465.2
1234.7
304.0
1062.0
303.5
446.8
305.1
903.3
415.5
342.9
474.4
456.9
605.1
510.9
474.9
452.9
940.2
371.6
429.4
303.0
444.2
948.7
301.4
302.1
442.9
882.9
413.8
450.0
513.1
547.7
517.4
508.6
650.6
494.6
873.7
427.4
1010.2
1005.3
561.6
553.8
551.6
602.3
900.0
904.1
985.7
444.8
1014.6
875.7
1000.6
968.5
446.9
1087.1
1023.9
580.6
460.6
1139.4
1169.8
549.3
1116.5
1048.4
968.2
463.9
1200.3
1177.5
1145.4
1348.0
443.1
1418.9
1241.8
1282.4
1004.0
995.8
1014.5
448.0
882.3
476.0
444.1
960.9
471.3
874.3
1100.4
1121.6
1345.2
442.9
1002.3
990.2
849.8
1057.8
1108.1
1240.6
1057.8
443.5
685.2
623.9
488.9
392.3
910.0
304.6
465.6
302.0
871.9
503.5
596.4
527.2
557.9
624.1
474.1
786.3
495.7
691.1
1114.5
904.2
443.9
734.6
911.5
676.0
507.4
444.5
641.1
431.0
1146.8
329.9
442.2
303.6
870.5
301.6
303.5
310.3
463.8
869.9
444.0
324.6
351.0
307.5
487.5
876.0
463.9
449.6
573.6
491.6
563.0
371.4
389.8
946.7
443.5
304.3
995.3
302.9
304.0
346.9
902.4
442.0
337.2
461.9
308.4
350.3
448.2
870.7
405.4
445.5
448.4
431.2
872.7
464.5
302.4
307.2
898.7
309.8
441.8
305.8
494.4
492.2
513.7
871.2
491.0
462.4
552.8
515.5
567.5
870.6
304.0
450.5
892.2
549.3
517.6
445.2
446.0
812.2
559.0
764.3
860.3
505.8
449.1
1093.6
1085.3
478.3
621.6
859.4
999.6
858.0
828.9
831.6
444.1
1332.1
1124.2
533.2
463.9
452.7
772.3
619.2
549.8
697.3
320.5
1042.8
303.7
372.0
536.5
869.6
307.8
444.2
454.3
438.3
535.6
870.1
322.2
450.9
327.9
303.4
900.5
319.8
466.8
304.1
443.7
872.5
303.8
303.3
456.3
444.3
534.0
567.0
605.0
1022.2
665.7
457.5
493.6
938.7
432.2
443.9
303.7
1017.1
303.6
445.9
871.3
412.1
491.5
445.8
626.3
478.0
579.4
609.3
443.7
872.4
624.4
585.3
870.9
457.1
734.3
449.7
623.0
655.5
538.2
593.0
880.1
405.0
445.5
443.3
538.1
524.0
875.6
625.3
443.4
443.5
509.6
977.3
443.9
959.6
470.4
504.8
650.2
555.4
778.9
494.5
809.9
552.5
1088.4
998.1
1070.9
998.9
532.0
963.9
1145.7
499.7
1452.2
586.3
1120.3
476.6
1357.8
1159.9
1204.5
1169.0
1197.9
448.5
1545.5
449.6
889.5
1439.9
1279.5
1599.9
1171.0
443.3
1041.0
1112.5
997.2
523.6
1028.2
850.8
549.4
1172.8
466.1
883.7
306.5
304.4
316.0
443.3
394.9
445.5
502.1
552.3
444.1
512.5
929.7
528.8
446.1
896.7
566.2
443.1
543.4
703.4
444.2
688.9
444.6
635.5
632.8
574.4
1159.8
1026.6
553.3
537.0
847.9
543.9
595.9
819.0
918.7
1318.5
803.8
477.1
1007.2
774.9
505.0
394.4
1160.9
473.5
1488.4
305.0
348.0
341.8
442.9
1054.7
323.9
452.2
444.0
871.7
477.9
558.9
540.3
720.6
612.3
564.4
749.5
1116.2
886.2
605.0
572.3
479.4
968.8
1237.3
814.1
1117.9
917.0
1201.3
450.6
1040.5
1099.0
966.5
558.8
1086.8
1301.5
535.9
1173.4
443.8
444.1
495.6
562.7
539.9
539.0
443.1
912.4
331.1
458.1
445.1
889.2
361.3
326.4
375.3
380.8
443.8
302.8
883.7
447.0
367.4
885.7
443.5
365.9
469.8
443.7
463.9
361.3
872.8
304.5
443.1
307.3
324.9
444.0
380.5
873.3
361.4
444.8
301.3
872.7
305.8
444.6
309.8
444.5
382.9
895.9
349.7
401.0
449.3
337.6
443.5
329.6
873.2
317.7
908.5
304.2
441.6
312.4
400.2
464.0
393.0
871.0
304.2
310.4
484.9
326.8
304.4
444.2
982.1
467.2
335.4
316.0
444.3
887.6
307.8
303.1
442.0
951.1
302.3
304.1
443.0
304.9
417.0
873.1
524.0
507.4
445.1
951.6
570.8
785.1
737.8
465.6
872.3
757.4
494.4
866.2
697.1
1107.0
851.9
453.7
1200.8
442.5
432.3
581.9
477.1
487.0
381.5
339.5
1046.4
307.1
926.4
454.7
312.6
308.5
312.5
443.8
447.5
908.5
356.1
347.6
443.8
371.9
330.5
909.8
444.5
344.8
329.4
891.5
303.3
303.5
538.6
897.6
444.5
303.8
381.7
512.5
393.9
451.4
444.7
354.4
874.2
302.8
442.5
340.6
899.7
331.5
444.4
872.7
305.2
304.6
444.0
432.4
870.7
389.8
444.3
480.1
433.4
323.8
465.2
304.4
878.1
448.3
303.7
365.3
907.4
355.4
441.9
334.0
413.8
521.4
467.7
448.5
520.0
563.2
959.8
610.2
552.7
450.5
984.3
441.9
302.9
304.8
1041.8
358.9
498.3
505.9
647.7
934.2
844.6
672.8
672.0
786.1
631.5
606.1
997.1
865.8
718.5
777.7
964.7
449.7
761.7
851.4
440.8
443.6
727.9
823.2
1145.9
542.4
443.5
474.4
937.9
381.3
397.1
442.3
382.1
983.3
376.7
342.8
459.3
445.9
898.8
577.3
411.3
459.1
522.1
526.0
450.6
929.7
908.1
