313.8
313.8
496.6
458.6
665.7
921.6
973.1
752.6
582.4
803.9
785.4
1132.3
834.0
887.2
1278.5
1322.1
586.1
569.5
1295.8
1524.9
726.9
782.1
668.1
1708.0
606.1
1577.6
1498.3
716.9
532.9
665.1
585.9
1486.9
1426.8
1503.6
338.1
1897.1
314.1
1333.1
305.6
1530.0
303.3
1944.8
1626.2
306.8
1713.7
1337.9
1717.2
1941.9
856.5
1200.8
837.6
1351.4
419.4
401.8
318.4
729.0
1101.3
606.3
307.6
609.5
383.9
388.6
871.3
525.2
305.0
679.4
305.1
493.2
911.8
302.4
465.4
314.2
913.2
444.2
442.9
408.5
351.1
889.1
409.8
466.9
304.7
445.0
307.8
871.0
457.8
305.8
445.4
422.3
452.5
412.5
950.1
344.3
476.5
876.1
315.3
545.0
398.4
438.5
502.7
425.6
378.3
756.9
362.4
704.9
586.8
1125.3
946.8
524.2
377.6
423.4
347.9
441.7
1122.5
445.3
307.2
371.7
882.9
618.1
556.5
436.5
383.9
450.0
608.9
301.8
986.2
303.0
534.5
334.1
346.6
642.2
597.5
880.7
309.2
618.2
956.2
306.4
465.3
303.0
446.7
877.3
456.5
305.4
393.9
390.7
951.1
606.1
345.9
453.7
313.7
335.4
685.8
524.4
872.6
307.2
304.9
508.0
999.5
448.2
307.2
307.0
448.6
923.6
444.8
304.3
420.0
446.7
402.9
871.6
301.8
462.8
872.2
376.7
558.7
331.6
401.4
500.0
492.5
874.2
303.5
306.2
451.4
309.2
445.0
968.6
485.3
496.8
519.6
469.7
538.4
458.5
925.1
584.9
302.5
485.8
960.0
302.0
507.9
379.3
305.1
512.4
908.4
360.1
306.3
630.7
743.1
383.5
426.9
663.4
1036.0
386.4
374.7
879.7
431.3
792.4
467.7
498.0
1008.4
571.2
1005.6
383.4
467.5
1427.0
1088.4
1023.2
1125.1
357.9
345.6
1577.2
1154.0
445.3
1456.2
415.6
581.9
848.5
1122.2
500.2
530.2
762.2
1085.7
441.0
1846.3
1267.9
449.2
308.1
1655.0
428.8
302.0
1285.4
1448.8
1568.2
1805.4
302.8
1209.5
1063.4
1421.4
1778.9
303.8
881.2
1556.4
303.6
669.4
581.5
336.4
1313.6
308.9
332.1
467.4
585.6
1213.5
304.0
338.3
695.8
511.0
581.3
473.3
373.8
1359.1
397.3
1021.5
877.5
374.8
867.2
495.3
578.4
930.5
405.0
520.1
487.1
1647.8
1174.8
452.2
452.3
1385.5
430.7
1411.8
1098.0
1351.6
997.8
1347.1
310.2
1059.9
1813.9
1584.5
303.5
1100.9
352.9
530.1
338.1
1469.3
302.7
664.3
528.1
1133.8
585.0
305.5
1096.0
519.2
477.5
583.4
534.5
718.7
510.7
484.9
652.8
666.9
1267.2
305.8
399.5
428.5
563.1
676.3
416.1
417.1
1478.6
323.9
1481.8
823.0
682.1
302.6
929.9
1269.9
305.6
578.2
362.7
1207.8
365.8
710.3
387.6
362.9
777.3
325.9
554.9
793.0
302.2
326.7
1383.1
320.4
1296.8
641.9
775.5
303.5
649.0
1173.1
486.2
306.8
302.8
1165.2
446.0
447.8
909.3
402.8
394.0
438.3
525.0
448.5
466.4
341.0
537.3
320.8
1025.3
467.9
912.3
301.5
485.4
304.5
301.5
466.3
961.0
331.8
487.9
401.2
430.4
445.1
728.5
630.8
875.1
349.1
662.1
479.6
1029.3
303.4
996.5
302.3
441.8
400.7
341.2
456.1
397.8
444.7
302.4
302.9
1043.2
546.7
446.9
967.5
301.3
310.2
385.4
826.8
637.4
481.0
515.2
1214.8
465.5
718.7
492.4
315.7
1033.6
978.7
901.1
673.7
300.9
1117.2
647.0
522.6
1019.4
305.7
427.4
425.9
574.6
443.5
533.4
475.8
1056.8
543.3
385.5
505.4
896.5
980.2
883.0
815.5
302.1
683.7
1120.0
303.1
500.8
448.0
302.9
908.8
303.7
478.9
304.1
871.7
418.1
613.2
400.5
416.9
394.0
756.1
803.6
534.9
416.6
1050.7
902.4
350.4
957.3
306.1
896.4
789.9
305.3
1110.8
725.9
633.5
303.8
300.9
885.9
522.3
454.9
303.3
304.3
443.5
871.2
441.9
301.9
316.9
306.9
319.5
871.7
492.7
312.6
303.9
806.8
304.4
808.2
648.5
976.0
303.8
563.2
952.7
442.1
326.6
330.5
917.3
464.4
309.8
442.1
365.8
316.1
464.0
875.6
364.3
319.9
511.5
580.1
892.7
444.0
352.1
305.8
890.9
300.9
442.0
303.1
304.3
488.2
535.9
885.6
328.4
435.4
436.9
527.6
547.8
881.2
302.2
464.7
922.5
388.5
459.7
580.5
684.9
573.7
536.8
746.9
377.4
874.0
360.0
334.0
474.2
981.4
809.7
425.1
1283.9
969.5
301.4
793.8
874.7
305.3
1337.4
430.4
458.5
1271.6
754.8
364.3
642.4
568.0
918.6
442.9
304.1
304.4
585.9
881.3
445.2
449.1
471.3
440.6
557.7
876.8
318.1
456.1
301.2
873.1
508.4
306.9
443.2
302.5
502.4
889.8
315.8
442.9
315.6
871.4
563.9
587.7
597.6
583.2
550.7
785.3
862.1
872.3
504.5
305.7
880.1
301.6
523.8
443.8
356.9
458.5
889.3
437.0
540.6
412.7
514.5
328.0
556.9
376.5
870.7
367.2
527.5
337.1
345.8
871.5
368.5
637.9
690.6
502.3
880.3
358.5
304.1
519.8
352.0
331.8
899.9
324.9
664.2
602.7
564.1
996.6
373.7
558.6
510.9
1108.5
596.6
550.1
618.0
730.7
556.8
689.2
995.2
654.1
575.4
1039.0
852.1
976.2
599.0
1177.4
552.0
708.4
943.2
646.4
654.5
1315.2
531.0
345.5
1209.7
1096.9
396.2
331.0
1234.8
341.2
853.1
1707.5
1303.0
1486.0
302.6
1012.5
301.8
1221.9
1000.3
760.6
656.1
1126.4
441.9
303.1
936.3
302.4
302.1
443.2
307.1
462.8
433.4
349.7
385.6
713.3
920.6
608.0
321.3
888.2
312.9
629.9
302.8
583.0
325.4
364.7
769.0
377.9
1127.2
647.1
821.4
1074.4
520.0
517.6
776.5
487.9
629.6
624.6
1182.9
778.7
347.8
1014.8
978.7
302.8
590.2
995.2
1353.6
1283.1
565.2
305.8
367.6
360.3
443.4
1032.0
304.6
317.8
871.3
521.3
475.2
466.3
515.0
504.5
906.7
536.0
743.2
947.9
545.3
1023.3
1026.2
691.2
623.7
603.2
560.0
1092.9
539.1
1222.0
303.5
1103.7
1455.9
311.7
1168.9
1016.5
751.0
1046.2
1403.3
314.8
444.3
345.2
325.2
303.3
626.4
709.7
305.5
888.9
630.0
303.3
909.1
589.2
305.9
468.9
303.0
514.4
301.4
906.8
444.6
312.8
870.8
306.1
307.3
444.4
633.9
302.3
628.1
879.8
306.7
443.1
303.9
305.0
307.5
890.9
609.8
522.1
541.0
302.3
870.6
303.0
441.9
305.1
444.5
307.8
873.5
306.6
304.6
588.6
628.5
303.8
459.9
302.8
886.0
896.5
304.5
442.2
304.6
304.8
445.6
443.6
869.4
308.5
308.0
448.3
307.0
306.5
871.3
603.0
539.4
303.4
647.8
912.4
303.2
538.7
306.6
487.3
906.9
309.6
307.9
459.8
350.3
306.5
873.2
615.5
558.1
530.0
519.4
495.0
613.8
1065.1
833.2
782.8
434.5
445.9
969.3
307.1
1159.5
879.2
304.4
833.5
1126.4
305.3
611.6
637.0
309.5
314.0
530.9
1023.9
306.2
447.0
958.5
471.5
307.8
305.4
523.2
303.8
496.2
913.8
352.1
343.4
535.5
890.9
329.9
484.9
433.5
550.1
904.9
395.4
884.6
425.3
370.4
569.5
711.0
561.2
414.7
353.4
877.1
896.6
815.8
335.3
728.1
304.3
890.1
332.5
581.9
476.3
882.6
443.0
302.9
463.5
302.1
347.8
361.3
870.4
450.2
445.0
307.5
449.5
303.5
897.3
444.3
302.7
360.0
872.7
369.2
442.0
302.9
306.4
455.5
575.3
441.7
343.3
499.5
614.7
698.4
1082.6
903.2
582.2
302.0
333.1
516.1
1112.3
306.8
443.2
553.0
503.4
979.8
481.9
562.0
865.9
701.6
463.2
515.4
952.1
1052.2
427.6
448.8
459.1
935.3
1087.0
363.7
728.9
1298.8
928.3
303.5
705.6
303.0
1245.9
540.4
1173.0
443.3
307.1
303.4
522.8
961.9
311.0
509.7
424.4
1031.3
522.6
448.6
491.2
767.7
786.8
800.0
907.1
754.6
969.2
