355.1
371.6
671.5
586.5
709.2
823.4
796.6
1088.3
710.3
1055.5
1018.0
1036.6
1085.4
1054.2
1114.8
1097.0
1133.5
1272.1
1195.8
940.6
725.6
977.1
841.7
921.8
1394.0
1275.6
921.2
1133.1
1555.2
1422.6
714.0
942.6
1237.9
755.7
1566.0
1288.9
958.5
1096.4
464.5
1468.6
1286.8
1204.2
445.9
951.4
1456.8
1155.9
935.8
443.7
499.0
1100.3
864.8
571.1
888.2
441.7
353.9
382.4
444.7
308.8
351.7
871.0
345.2
356.9
473.3
443.0
388.9
310.9
301.4
474.9
870.9
307.0
448.0
304.0
869.7
363.2
487.7
304.8
374.6
466.0
441.9
371.1
873.0
304.1
302.3
479.3
872.0
361.7
340.5
444.1
459.7
373.1
429.4
303.6
444.4
871.3
398.9
403.9
464.8
521.8
509.2
573.1
888.1
406.1
503.5
528.3
455.9
416.8
886.3
364.3
302.0
393.6
898.2
469.1
377.4
447.0
379.0
442.1
549.9
444.4
487.8
888.1
451.5
497.3
536.9
350.9
442.5
449.4
887.7
385.0
489.0
548.6
407.0
479.6
363.9
882.4
304.7
895.6
443.4
307.2
308.5
477.5
472.0
325.9
442.4
495.6
512.9
879.1
444.9
600.8
478.1
466.3
446.8
443.9
876.3
356.0
388.4
446.3
443.1
870.3
330.2
401.4
304.5
443.1
388.9
444.4
301.9
899.2
304.3
442.5
303.2
871.7
441.9
302.9
353.8
405.0
464.0
387.1
442.0
872.4
304.2
442.1
384.6
416.1
336.3
443.8
871.7
482.8
481.6
463.2
580.7
561.6
526.5
882.8
338.1
444.8
456.4
904.9
479.6
382.7
391.8
492.0
524.9
545.0
547.8
497.5
896.0
513.3
478.0
632.5
698.1
581.0
953.3
513.0
827.7
776.0
945.2
964.0
964.3
675.6
738.5
1023.4
673.7
999.6
966.9
1144.3
1044.9
1166.0
449.0
1092.2
512.8
1016.5
486.0
1125.4
491.6
955.5
736.5
551.5
1129.5
1035.4
609.9
1045.8
1245.6
1089.3
497.1
1069.5
1033.6
1184.6
465.7
1420.9
825.0
926.7
946.9
448.0
1302.9
1502.5
930.9
443.5
1031.0
803.5
500.8
871.7
442.9
514.3
439.4
335.8
442.5
326.9
443.5
895.3
572.2
541.0
329.6
455.6
444.1
451.1
870.2
641.5
461.6
463.9
618.3
804.2
871.3
855.4
563.4
962.6
675.2
476.1
687.6
1012.1
1016.1
1113.8
1109.2
1020.0
862.0
544.3
520.1
1165.7
1156.0
1083.3
1093.8
684.7
948.5
961.4
1046.6
990.1
443.5
345.1
444.0
451.0
418.8
447.3
303.6
410.9
406.5
442.5
871.9
308.0
503.0
567.0
574.5
882.7
597.4
687.6
616.2
543.4
703.1
870.6
854.5
751.2
419.1
472.5
613.7
895.7
780.5
915.1
660.7
702.8
619.1
496.0
613.7
870.9
593.0
436.9
444.0
872.1
613.0
628.0
642.9
570.5
543.7
506.1
644.1
639.3
870.3
642.3
480.9
459.4
473.8
514.9
872.8
627.7
550.5
491.7
397.8
303.3
873.5
315.8
309.0
442.1
442.4
870.7
427.0
474.2
438.9
499.3
443.3
505.7
431.9
435.4
497.2
869.1
435.7
454.4
352.4
328.7
305.4
870.6
443.0
304.7
418.9
572.5
473.5
870.7
547.4
577.5
671.3
706.6
443.2
423.4
671.1
886.3
873.8
442.0
302.8
302.8
389.4
362.4
445.5
442.8
406.9
488.5
880.0
363.2
447.6
303.3
443.2
315.9
304.9
531.7
922.2
499.2
562.6
589.9
697.4
588.0
729.7
1038.9
833.2
713.6
773.2
930.7
536.1
431.7
446.0
316.8
442.5
304.3
966.8
337.8
484.7
414.4
476.9
524.1
533.3
908.7
653.0
572.7
589.1
588.9
505.1
717.7
562.6
896.6
304.6
302.1
443.7
916.8
442.9
305.4
302.5
301.6
872.7
464.3
302.7
470.3
606.4
584.5
645.2
680.7
647.5
913.7
698.4
604.6
625.6
574.6
897.4
696.9
742.6
715.6
466.4
555.9
442.7
453.3
446.8
991.0
313.3
445.9
301.9
306.0
870.0
302.2
305.0
511.6
444.3
303.6
484.1
883.1
469.0
453.0
532.6
638.9
604.0
442.3
576.4
871.7
353.3
477.4
483.0
873.2
334.4
443.2
306.3
430.4
441.5
379.8
882.7
395.2
443.3
337.4
443.9
474.0
487.7
488.1
361.2
925.8
490.4
345.8
913.3
306.8
303.3
444.7
443.9
304.9
521.6
521.0
871.5
688.2
455.0
452.8
587.5
520.7
567.5
870.9
322.1
442.6
871.8
543.7
560.1
557.5
531.4
771.1
738.1
568.6
757.9
892.0
854.7
565.0
489.8
925.6
929.5
535.6
970.0
923.8
809.2
935.3
936.1
879.9
864.4
863.5
734.1
665.4
444.4
443.8
489.5
490.0
873.4
302.3
304.3
306.7
549.6
443.6
875.0
398.6
554.5
437.8
540.3
304.1
463.2
871.6
322.7
455.9
442.2
870.4
451.0
313.8
447.2
304.9
303.8
442.2
872.2
445.8
452.9
458.9
586.7
624.6
651.0
448.0
454.8
870.3
445.0
302.8
881.1
304.3
305.8
445.6
474.2
427.6
475.6
464.4
585.5
882.5
429.0
547.9
311.1
474.4
498.8
499.1
893.2
416.0
452.9
445.7
930.6
606.3
604.3
448.1
892.8
661.9
729.2
753.3
808.7
749.6
865.5
867.1
973.1
842.0
908.7
1023.0
1061.1
1029.9
1017.0
1388.3
992.4
1128.5
810.6
894.9
1332.6
1152.4
1270.2
1266.9
936.8
1107.8
1750.3
1814.7
1498.4
1683.4
961.6
1059.0
1196.6
931.0
1043.4
1444.4
2179.2
1133.2
682.6
896.1
591.4
959.6
2004.8
1473.4
1735.6
493.0
2006.8
2038.0
870.3
1572.4
443.5
1358.8
1161.1
1558.1
1376.2
848.9
1007.8
448.6
304.4
303.7
464.5
345.6
870.8
444.5
434.8
379.0
528.2
407.3
520.6
581.5
871.9
448.9
645.2
556.1
474.9
869.6
560.8
680.3
442.2
501.0
467.6
479.9
591.1
874.5
616.0
879.3
682.0
750.6
784.7
789.2
664.1
726.1
784.5
674.1
796.7
881.7
762.6
495.3
392.0
445.9
377.0
870.2
302.2
443.1
444.0
302.2
871.2
305.7
385.9
443.0
397.4
624.5
495.0
895.7
637.8
707.1
686.2
746.2
707.1
1016.7
987.7
1051.3
846.1
961.3
734.4
1073.4
784.7
1032.3
733.6
972.0
487.7
1078.6
999.7
934.7
870.2
516.2
306.2
381.6
870.1
536.6
602.3
528.7
595.6
517.6
422.1
448.0
369.5
873.6
462.0
422.1
304.2
442.9
438.6
442.9
368.0
888.9
442.4
409.7
368.6
870.1
416.3
357.6
464.9
442.7
395.2
313.5
880.0
448.9
380.4
446.1
402.8
459.3
423.6
490.8
881.8
333.9
361.0
442.6
320.9
872.7
335.4
454.9
305.8
463.3
399.7
460.8
338.6
402.3
872.2
318.8
449.2
311.6
872.7
306.8
465.4
320.9
303.6
448.5
310.1
445.7
305.9
881.9
447.4
439.4
546.9
463.3
472.3
869.2
334.4
350.7
464.6
304.8
448.1
875.7
309.3
436.5
454.5
422.0
874.0
349.4
448.8
481.2
518.1
652.3
624.9
942.5
637.2
648.1
826.0
712.3
834.5
870.7
474.7
763.7
822.1
733.7
465.4
936.6
443.9
468.6
443.0
593.6
372.0
554.9
873.2
442.6
380.6
329.6
330.8
444.6
305.2
301.8
442.8
870.1
443.7
301.8
369.5
443.3
388.4
871.3
307.3
448.1
355.0
334.8
465.3
896.6
302.6
304.0
454.8
381.7
444.5
883.7
542.4
444.5
340.9
487.2
382.7
544.6
869.6
388.3
320.7
443.0
403.4
502.1
874.5
302.4
301.9
441.5
303.3
310.7
871.2
305.1
465.5
444.5
305.6
311.2
870.8
303.0
441.4
302.9
442.5
870.9
303.4
443.0
446.3
451.5
491.5
446.4
660.1
874.9
577.1
647.6
419.9
657.7
563.4
479.7
870.9
319.4
307.2
482.2
465.7
900.3
613.2
624.7
577.3
553.3
614.8
826.8
929.3
674.4
720.7
453.7
1134.4
943.3
832.7
1157.0
489.7
1008.5
468.5
842.2
728.6
908.2
858.8
754.9
902.6
659.5
477.4
513.0
445.8
548.4
402.8
363.9
483.2
351.0
304.5
871.7
447.9
402.6
438.9
499.0
502.9
497.2
614.5
883.8
606.8
876.4
