364.6
314.7
540.0
546.2
702.4
621.2
570.3
1201.0
978.4
752.1
969.3
867.0
863.4
938.8
559.6
994.5
1016.0
630.0
1662.9
520.9
956.5
716.8
588.9
812.7
1028.5
472.8
1973.3
955.2
590.7
982.9
525.3
907.0
1105.8
495.9
1618.2
2552.4
973.8
1088.9
733.7
2224.5
465.8
686.8
598.1
417.9
348.4
301.4
442.1
310.3
2929.9
304.4
443.0
2740.6
443.5
302.2
2811.4
2804.2
364.9
410.8
447.2
420.4
449.1
301.3
302.9
449.1
2713.7
302.4
302.7
472.3
2714.0
302.4
301.9
464.5
343.4
2776.9
335.7
477.8
2627.1
2363.6
302.3
305.5
457.5
2397.1
444.5
1974.8
398.3
337.9
442.1
430.7
302.8
344.9
496.7
304.1
1906.9
451.7
418.4
519.5
2457.9
562.1
484.2
470.4
486.9
348.9
443.1
318.8
301.7
2254.8
321.8
466.4
2232.9
319.5
444.2
358.5
441.6
2227.3
452.0
362.6
448.4
443.5
379.9
391.9
470.0
2308.3
474.9
553.4
2700.4
520.6
367.3
487.4
354.4
300.9
441.9
2747.5
303.6
304.9
449.9
445.7
363.8
304.9
2804.9
465.8
355.5
2874.8
303.9
2781.0
451.6
421.9
360.0
448.0
309.7
300.4
443.5
301.7
3044.2
302.1
3039.8
441.8
303.7
444.3
302.1
304.3
2934.1
301.1
442.9
304.1
444.9
2863.7
306.1
354.3
446.8
367.8
3095.4
470.8
2978.4
2904.1
303.6
2661.8
442.2
2399.2
389.0
414.7
356.1
444.6
443.2
533.2
2250.9
525.0
484.3
444.6
462.5
2324.3
349.5
304.6
444.8
447.5
2052.4
461.3
410.6
441.8
460.3
503.5
444.2
476.8
391.0
492.0
431.9
2334.5
464.1
484.9
619.3
620.4
767.1
2863.8
703.9
683.1
510.2
857.6
817.1
804.4
910.6
749.6
2767.7
540.6
447.8
423.3
468.6
447.6
462.3
2966.6
650.9
607.9
677.3
668.0
542.5
3083.5
792.0
778.7
3436.7
474.0
829.4
817.3
468.4
465.5
846.0
742.5
594.0
522.9
3372.0
350.6
443.3
307.4
301.8
442.4
303.0
3983.4
4156.5
309.1
442.4
3791.0
482.6
444.2
328.7
582.7
378.9
444.0
370.9
455.2
407.9
466.0
4015.6
499.3
459.2
612.1
4367.1
547.9
470.9
543.6
464.5
549.5
783.8
908.9
601.9
571.4
636.0
4697.3
665.0
497.8
885.8
4767.1
444.2
520.8
717.2
698.1
317.4
362.7
356.7
443.2
338.8
446.0
309.9
303.8
5689.7
442.9
312.7
4641.8
5585.8
307.2
606.1
444.3
611.6
582.2
535.0
496.3
4765.3
500.9
4397.4
597.5
315.7
6005.2
467.9
518.8
519.0
426.2
451.5
556.8
466.0
661.1
405.4
303.0
486.2
323.0
383.9
447.1
388.5
523.1
396.4
469.5
406.7
334.5
334.8
446.6
307.8
344.6
5351.9
483.9
304.1
485.5
302.9
6746.9
6471.3
6006.9
301.5
306.7
443.0
7100.4
444.9
379.0
313.3
483.9
502.5
444.8
348.4
433.1
8718.0
480.4
371.8
6154.5
309.8
6934.8
304.3
443.9
305.7
442.9
6386.9
447.5
367.3
495.6
514.2
590.1
475.5
557.0
677.7
461.3
363.5
7500.7
7147.7
5475.4
6497.3
442.5
303.9
391.8
434.5
444.5
7005.2
443.7
432.7
412.3
7851.2
311.6
442.8
304.9
304.2
444.4
303.3
540.2
7290.6
574.0
6733.3
576.0
670.3
596.5
727.8
566.0
7471.4
753.9
706.3
462.7
443.4
404.7
308.0
443.8
307.0
350.1
7701.8
443.9
377.2
514.9
442.2
7435.5
447.7
6164.9
633.8
6942.8
615.1
535.7
649.9
661.9
462.8
305.8
443.0
305.6
446.0
305.8
6778.4
6295.9
465.6
8585.4
7834.7
6602.8
8019.4
1278.8
1279.7
1242.9
1353.6
1377.4
1406.1
1422.6
7447.4
1211.4
1498.7
1506.0
6763.4
1518.7
7051.2
1025.3
1777.5
611.1
1818.6
1837.1
1885.2
490.0
2136.8
1375.1
1587.2
5890.7
443.4
2087.6
7104.7
2401.3
444.1
454.3
1017.7
1487.5
442.9
1455.5
1745.4
1188.0
1291.6
1177.0
443.5
1166.4
919.2
8529.4
5273.1
1240.7
6545.0
869.7
640.5
402.0
441.9
8312.6
361.1
445.8
312.9
455.4
550.5
543.0
511.1
463.9
443.8
8334.0
8108.7
303.8
443.1
301.7
328.0
444.1
305.0
8438.9
522.8
6321.7
611.2
534.1
449.4
411.3
416.0
521.1
303.8
443.0
438.5
520.5
451.0
444.1
7681.8
7693.5
759.9
4238.2
831.9
834.1
475.9
571.2
8185.5
864.2
805.3
470.4
561.4
504.7
825.2
7485.1
784.3
744.7
362.9
324.9
6831.2
8689.1
7377.7
7010.7
445.5
419.0
331.7
483.2
389.9
302.1
442.3
305.1
395.7
443.8
307.8
390.9
443.6
302.9
304.4
461.0
8041.6
7332.1
303.3
305.9
471.2
305.1
445.4
302.9
7387.0
304.2
490.2
7435.8
448.5
477.2
6410.1
481.6
518.1
537.0
5216.1
446.1
396.2
501.5
311.9
442.5
302.6
5347.8
455.7
303.9
522.4
466.9
7768.1
467.9
6578.6
456.7
558.6
529.1
441.7
453.6
436.1
442.8
428.4
444.4
543.5
533.4
416.3
9642.6
8566.6
344.9
7688.5
5786.2
540.4
305.3
367.4
461.5
599.6
418.5
455.9
540.2
646.3
7829.7
7719.8
433.0
447.6
675.2
697.7
604.4
7099.2
7028.9
797.7
595.5
775.0
806.3
836.0
898.7
816.6
6881.5
929.6
820.8
695.0
1061.4
636.8
863.4
1028.0
1114.3
958.3
492.4
445.5
1140.1
968.0
668.8
841.0
441.8
775.5
625.8
444.5
524.1
423.9
313.1
7958.8
7864.6
464.8
305.4
304.1
470.5
382.5
398.5
448.5
393.0
468.4
529.0
465.5
7619.9
453.5
406.2
355.4
10275.5
8433.1
359.0
444.4
442.3
9302.6
354.5
444.6
513.1
8001.7
308.6
498.5
531.9
487.2
511.9
687.7
518.5
686.9
633.0
689.5
731.3
602.2
334.2
302.7
23.4
464.7
8495.0
309.6
305.7
8159.2
9497.4
8838.8
6839.3
442.4
7712.3
10279.5
307.1
433.4
396.0
443.6
472.8
440.5
637.3
488.4
691.5
474.4
712.3
514.0
8224.5
500.6
829.4
6969.6
906.3
817.2
491.5
9658.8
705.6
9957.5
811.7
9162.8
834.4
442.3
861.7
367.0
405.4
442.7
307.7
506.6
443.9
438.0
8921.1
466.9
324.3
443.7
446.3
325.0
304.8
349.9
483.4
325.2
499.7
304.2
10460.3
8338.2
339.3
470.9
359.9
387.9
445.5
435.7
302.7
443.1
426.9
9049.3
8489.9
9764.2
304.4
443.8
368.5
339.4
443.8
443.3
304.0
309.9
7416.9
444.0
303.3
9710.9
314.4
442.9
439.0
345.8
380.3
455.0
9249.4
9331.8
304.0
442.4
10049.5
304.4
303.9
9293.4
465.9
314.0
302.1
445.3
303.8
306.8
450.5
346.9
444.4
302.8
443.0
389.4
334.5
8815.2
9710.5
443.3
302.6
310.9
7976.8
302.4
485.3
461.3
308.3
534.5
9125.1
582.6
575.7
498.5
709.1
660.5
644.1
688.0
542.2
705.1
8569.8
8008.5
548.5
562.1
543.5
678.5
10803.2
10721.7
391.9
382.3
442.9
10266.2
350.8
444.9
304.6
446.6
367.1
348.6
443.5
476.8
303.3
9910.6
400.0
443.4
303.3
321.8
441.6
9467.3
303.0
321.7
445.5
9413.2
309.9
441.9
8788.1
304.0
304.3
464.7
303.1
362.2
445.0
9917.1
433.5
370.8
499.9
326.1
497.1
308.7
345.1
337.3
449.2
9976.3
447.6
310.4
447.0
9341.0
434.1
9850.0
317.9
443.4
469.5
443.3
314.9
464.9
301.8
443.2
11848.3
302.5
317.4
441.4
8571.6
10073.4
353.1
336.9
445.8
449.5
10718.1
475.2
503.0
462.9
508.4
391.8
463.3
12691.6
303.2
10761.2
304.9
8986.4
352.9
442.9
311.5
8451.1
10551.2
477.2
523.0
11022.0
460.9
495.3
9869.2
628.6
9086.5
588.2
479.0
530.3
517.9
608.0
448.6
595.0
487.5
684.1
594.5
408.3
465.9
333.5
304.8
442.4
368.1
9881.9
304.9
321.0
443.4
9533.1
12149.6
309.1
307.8
475.3
515.9
526.6
520.9
517.2
539.5
510.6
549.5
9664.7
11134.7
9742.4
10917.1
10755.9
10863.3
11381.0
10343.7
9349.8
10097.4
8042.1
8486.9
9650.8
7927.3
9378.3
7365.3
8306.0
7520.8
5621.0
8370.2
7493.5
6556.7
6878.8
6187.3
