325.6
324.7
389.6
556.4
441.1
446.3
568.6
431.0
429.6
424.2
404.6
870.5
495.1
398.3
458.4
471.9
549.0
629.6
637.0
423.0
302.6
307.4
449.6
873.7
452.5
468.0
527.4
491.7
541.3
473.3
327.1
325.5
330.6
494.6
314.9
868.1
410.7
457.5
496.8
607.8
440.8
448.3
310.8
311.2
310.1
315.0
450.6
861.3
306.6
312.3
307.5
466.3
309.2
445.4
320.1
316.2
335.7
327.8
858.2
471.8
361.5
453.4
572.5
531.5
463.6
458.9
344.9
315.7
362.0
858.1
477.0
332.3
315.8
326.8
467.0
323.5
326.1
316.1
319.2
456.0
315.3
862.9
484.1
323.5
334.7
315.4
457.4
418.3
388.8
455.9
425.6
409.3
311.7
464.9
343.0
870.1
428.4
452.1
581.5
484.8
513.3
312.5
477.6
306.7
303.4
302.4
443.5
847.1
303.3
329.4
320.2
445.1
334.8
461.5
310.3
325.4
325.9
347.6
451.2
317.7
383.4
855.8
367.3
489.1
308.4
304.9
442.9
303.6
304.8
442.7
425.6
305.3
864.8
427.7
450.5
313.4
314.4
480.7
411.7
439.9
350.3
349.9
882.8
467.5
354.4
381.0
324.9
473.2
331.1
482.7
325.6
401.0
394.9
866.6
331.0
370.8
464.2
375.1
479.1
327.5
318.0
454.4
313.3
313.8
341.3
323.5
452.7
864.9
345.9
316.8
461.0
318.8
316.6
480.2
402.0
359.1
380.4
866.4
305.6
452.6
308.7
319.9
452.6
324.1
316.3
455.4
388.2
447.2
482.4
501.4
356.8
435.4
871.6
358.2
324.0
461.9
330.5
457.9
323.6
323.2
386.1
375.2
471.3
430.3
879.2
326.3
879.7
881.1
1056.0
1073.9
1187.5
998.8
896.6
683.4
1387.4
1464.0
1572.1
1686.6
1728.6
1805.0
1479.2
2037.4
1418.5
1839.7
2132.4
1920.6
1887.1
1201.1
1060.0
466.9
961.2
486.9
808.6
798.5
784.1
622.1
477.9
517.6
745.6
885.8
464.7
538.8
590.6
570.4
483.5
536.7
579.6
410.4
342.6
340.2
486.1
880.1
335.0
337.7
476.8
342.8
347.2
503.0
590.4
339.6
354.4
335.7
471.1
886.9
332.0
349.4
469.5
384.7
408.4
472.2
342.0
347.2
357.2
468.9
504.9
469.9
890.1
362.9
352.7
489.7
369.4
364.5
488.8
409.5
464.2
678.2
586.4
660.7
476.9
464.3
888.8
448.7
573.9
472.7
453.7
423.7
438.2
481.1
887.2
561.3
455.7
606.1
483.4
432.6
325.5
479.0
336.9
338.3
345.2
484.2
891.5
399.4
436.7
474.0
466.5
334.2
342.3
498.0
346.0
432.6
493.2
636.1
551.6
435.1
874.8
570.6
467.2
364.5
338.7
482.5
456.1
482.5
354.3
369.0
464.5
508.0
617.4
1022.8
377.5
480.5
317.5
316.1
457.1
385.1
390.5
472.0
481.9
357.7
387.0
884.0
328.5
464.8
324.4
469.7
316.4
327.1
421.0
476.6
860.8
444.4
422.8
482.2
457.1
310.2
311.8
311.1
311.7
454.8
324.0
855.3
456.9
464.8
358.7
557.4
414.7
498.1
449.9
317.9
459.7
321.9
325.1
468.7
326.6
872.1
330.1
332.3
464.1
314.4
325.0
367.9
451.9
454.3
368.9
493.6
472.5
481.2
415.5
877.1
312.0
457.5
322.9
480.6
340.1
332.6
406.3
504.4
395.1
405.7
423.4
879.4
485.1
320.1
325.7
317.3
324.0
461.1
338.0
489.0
877.4
412.0
501.5
509.0
479.8
495.4
662.8
518.6
860.4
730.4
507.0
886.3
483.1
329.6
403.9
397.4
457.5
320.8
382.8
341.5
467.3
380.0
330.3
470.0
886.1
492.9
474.8
468.4
697.9
487.3
615.8
653.4
553.6
443.7
892.3
350.2
344.1
511.1
339.5
329.1
466.5
324.9
330.0
480.9
363.8
352.3
508.2
389.7
488.9
529.4
644.4
894.4
522.1
483.3
371.3
474.0
354.3
373.5
338.2
880.7
469.2
341.9
337.5
330.8
480.5
343.6
322.1
458.2
314.9
315.6
307.6
855.0
328.9
475.2
378.6
378.7
322.7
460.5
454.2
458.3
441.9
475.1
509.1
328.7
356.4
873.6
474.8
321.1
449.8
315.6
313.6
445.2
304.1
310.5
315.6
320.7
471.2
309.9
853.0
381.0
443.4
376.4
429.5
380.1
465.8
308.1
310.3
868.7
448.3
311.9
305.8
315.5
465.4
311.8
421.4
328.4
462.1
422.7
382.1
464.8
420.5
864.8
463.9
470.2
451.9
314.6
309.1
463.7
464.4
478.0
463.5
476.1
679.1
610.0
421.1
852.1
456.0
312.1
374.8
395.6
454.0
341.0
471.8
453.9
461.1
479.1
477.1
856.5
460.8
321.4
314.5
354.4
481.6
328.5
371.7
459.3
881.0
338.0
332.8
342.7
462.1
343.6
364.1
318.5
394.2
465.0
393.8
869.7
482.1
330.3
330.5
368.6
339.8
480.8
370.6
338.4
513.9
344.7
346.8
485.6
897.7
477.3
448.7
516.1
515.3
575.1
640.6
609.4
396.7
367.9
358.8
896.5
476.0
327.9
330.6
330.8
462.7
370.0
365.4
463.3
470.0
451.2
319.7
469.9
866.1
424.6
544.6
502.5
448.8
371.5
324.1
487.3
460.1
471.6
372.4
462.5
871.0
325.6
465.2
462.0
330.0
490.1
394.5
383.3
469.6
327.4
329.5
467.1
907.6
384.3
425.5
424.0
456.1
421.1
459.4
571.5
551.6
567.5
464.2
720.7
635.6
866.6
576.5
460.2
661.7
445.8
338.4
499.2
348.0
373.7
418.8
471.6
505.8
496.5
897.0
489.6
467.6
393.7
366.3
460.5
338.8
339.1
340.3
349.1
488.3
875.1
339.6
365.6
490.3
451.4
463.2
478.6
480.1
347.2
310.9
444.9
849.0
305.9
301.1
396.9
335.6
464.5
440.5
445.7
337.9
394.6
306.3
444.0
860.8
401.3
568.7
389.3
448.4
592.0
440.8
331.4
444.5
312.6
329.9
474.9
871.9
305.2
436.7
449.6
567.7
447.3
666.6
676.2
811.5
621.1
779.3
442.6
855.9
309.6
304.2
304.2
443.7
308.2
309.9
483.2
303.4
303.8
865.9
349.7
457.1
402.8
371.1
384.5
313.3
453.4
449.8
445.8
416.0
577.9
437.3
350.1
865.4
468.7
309.3
315.3
443.8
323.1
368.3
525.2
509.3
469.0
375.8
630.0
420.1
1031.3
424.5
321.0
526.8
375.6
458.0
407.0
495.8
455.2
492.0
581.8
346.8
964.2
319.4
323.1
452.8
320.0
316.0
463.4
313.4
321.2
320.0
866.2
315.1
459.3
321.0
324.0
439.3
352.8
493.4
398.2
464.1
310.3
305.2
447.3
305.8
861.2
308.7
396.8
314.8
447.8
375.3
450.2
317.7
319.6
309.7
311.1
891.5
471.8
303.1
313.1
465.1
333.0
326.5
305.0
319.7
465.5
303.4
868.5
447.9
303.1
310.2
423.8
366.0
482.1
390.7
457.7
331.8
314.2
313.2
410.3
868.3
449.5
385.1
404.0
445.1
304.7
311.3
450.4
312.1
316.3
393.2
863.7
314.1
477.4
374.5
308.1
351.5
445.4
344.0
451.0
310.4
309.5
378.5
446.0
487.7
450.7
440.2
461.5
860.5
307.3
388.5
443.7
383.0
315.9
319.2
324.2
475.2
310.5
861.3
312.7
446.4
305.9
310.3
307.5
443.5
315.7
390.3
857.8
357.0
476.7
406.6
395.6
312.2
444.5
311.1
464.8
312.3
314.8
319.1
316.4
461.1
874.2
318.8
319.6
512.2
368.1
392.8
442.9
446.5
496.8
370.1
318.0
473.4
337.6
867.6
326.9
465.3
324.9
421.4
469.8
416.5
306.2
318.7
477.0
310.4
864.7
460.1
464.2
553.9
411.0
485.3
449.2
314.6
309.6
312.1
862.9
302.8
448.9
315.5
303.5
324.4
315.8
467.1
445.4
316.4
307.2
309.1
318.7
457.6
311.7
307.3
862.8
452.4
312.2
310.4
309.9
478.2
313.9
315.0
457.6
358.2
853.8
499.3
519.4
448.9
454.3
429.8
313.4
395.4
463.4
390.7
853.5
445.6
380.3
386.9
461.2
391.1
446.6
307.9
305.9
462.6
309.0
308.9
379.1
504.6
861.2
326.8
313.8
524.7
423.9
434.8
449.8
364.2
381.9
533.7
469.4
500.4
866.8
461.6
570.3
635.2
536.8
