324.9
395.7
435.7
515.4
539.2
459.6
422.1
478.5
550.4
412.6
448.6
458.3
479.5
741.1
688.1
626.5
861.1
748.9
687.7
441.7
313.0
302.6
300.9
445.5
389.8
452.3
382.0
449.3
318.6
860.2
327.2
320.4
462.3
300.5
443.4
380.6
531.5
372.3
441.2
532.9
431.3
848.0
300.9
441.5
301.2
306.2
442.6
303.5
525.7
331.4
391.4
443.9
745.9
301.6
300.6
303.4
445.2
849.5
301.3
303.7
307.3
443.8
469.1
462.5
437.1
352.4
300.9
461.1
301.2
299.5
847.8
440.6
302.4
303.7
445.1
301.4
306.9
302.1
307.6
442.7
315.3
461.1
301.4
301.2
443.6
847.9
510.2
454.0
554.9
566.0
537.8
478.8
442.9
305.7
511.5
968.5
972.8
877.3
805.0
875.7
693.0
939.9
855.8
855.8
855.7
940.1
421.3
570.4
444.1
536.4
1660.1
694.4
2737.1
503.2
872.4
847.7
724.4
443.9
833.6
1005.9
1078.1
987.1
686.2
442.1
526.4
713.0
597.2
457.1
697.0
639.7
856.2
545.9
458.5
430.6
299.6
302.8
462.5
301.2
302.0
302.1
440.6
380.0
441.2
856.3
304.7
371.7
304.4
442.5
346.3
306.6
321.1
440.5
302.2
442.6
345.7
307.0
342.1
857.5
463.7
303.4
3829.1
543.2
592.9
487.6
3958.9
925.7
529.3
858.1
1034.1
443.1
1102.0
456.0
1335.1
1037.7
1287.8
1600.9
1150.2
1330.1
445.5
877.1
1257.2
1391.8
799.8
689.3
441.8
1008.0
444.8
584.6
855.5
702.3
705.1
484.9
546.7
461.0
318.9
412.7
408.7
440.8
301.9
440.6
449.9
846.0
454.2
588.1
538.3
303.2
443.2
361.7
455.8
408.9
788.4
442.9
584.8
785.1
497.1
861.7
1513.0
1594.0
877.8
1586.9
1212.8
1654.4
1839.1
1902.2
1711.3
1871.9
1714.9
1835.8
1997.7
846.2
2488.1
1807.7
2409.1
2021.6
1689.0
1467.5
2754.1
2533.2
777.8
2672.5
2834.0
462.5
3260.3
7773.0
2630.6
3222.0
2797.9
3235.0
2869.8
443.0
8291.1
3233.2
3337.7
441.7
2998.6
3821.4
3798.1
2610.0
4185.9
482.5
849.3
4089.6
2478.6
443.4
3719.0
1510.9
2045.6
440.7
3021.8
4317.9
2821.2
2708.0
4769.0
2693.8
1641.5
3262.7
2343.3
2876.8
2754.6
1667.5
1706.5
2186.7
3700.4
300.1
3197.1
3484.9
395.8
3419.9
609.0
607.7
486.9
712.4
7060.4
554.7
833.0
828.6
841.0
867.7
707.7
650.1
1323.9
1133.3
1268.4
1563.6
445.5
1478.8
1323.7
1466.6
1221.8
1723.4
934.9
1710.7
1715.0
948.1
1186.4
459.7
445.8
851.0
516.3
655.7
668.4
713.9
442.6
717.4
661.2
595.6
509.8
442.2
360.3
463.4
481.9
462.0
472.1
850.7
436.2
429.7
446.6
431.5
312.3
452.6
306.7
302.5
442.9
304.1
444.3
442.0
379.6
324.1
848.6
597.8
303.9
448.2
675.5
303.9
311.2
1149.8
442.3
7373.3
7481.4
7412.6
7308.6
945.7
981.4
985.7
2288.5
2323.2
2333.1
2370.8
2392.8
2468.7
2570.0
2603.6
2661.1
2694.1
2833.4
2981.5
3040.3
3283.9
1711.9
1067.0
1980.8
3504.7
938.5
3574.4
3591.9
3599.9
3817.1
3826.2
3821.7
3836.8
3869.6
466.8
862.2
3956.0
4032.9
4073.4
4129.1
479.0
692.9
4038.0
4996.1
11964.4
11966.5
11969.4
11635.2
8141.5
8298.5
7966.4
8522.5
8112.7
8884.8
10373.3
8475.8
9528.4
10564.1
10691.0
8372.6
10689.4
9187.2
9738.3
9435.9
10291.7
7967.6
12854.0
13040.6
13058.8
13073.4
13134.5
13143.3
13161.2
1582.4
1704.3
1726.3
1769.6
1781.7
2175.9
2264.5
2705.2
2780.2
2854.1
2841.4
2958.1
2990.8
3076.4
3074.7
3091.5
3175.6
3520.8
3008.8
1702.0
3295.9
2819.1
845.5
3883.8
4089.1
1836.8
1093.3
4731.1
4732.9
901.9
4735.8
4738.7
4855.4
4830.3
4960.4
4924.4
5016.6
5068.3
5234.1
5197.7
5222.0
4572.2
5471.2
5923.3
713.8
711.6
1101.1
5961.3
5935.6
5893.8
4771.8
6017.9
4150.8
6046.9
6085.0
6091.0
6402.4
6497.4
464.1
4510.7
851.0
5649.4
6915.9
3414.1
2216.1
1828.3
2527.2
2163.8
3653.3
2596.6
2608.9
2267.7
2711.9
446.2
4095.0
1780.1
1791.1
1535.6
445.0
1379.9
943.1
978.2
665.4
624.8
7077.6
303.0
310.3
441.2
333.2
443.4
9044.6
305.5
331.6
860.4
467.2
301.1
302.9
10407.2
301.5
441.8
308.0
304.7
768.5
655.7
605.7
499.9
859.5
350.4
464.6
726.0
762.1
900.2
303.6
301.2
444.0
442.1
438.6
491.3
451.2
530.7
557.1
389.4
517.6
1415.1
416.7
417.2
442.9
504.1
406.9
463.2
366.4
556.9
853.2
407.5
440.7
442.3
495.7
441.7
457.6
492.3
446.0
600.6
458.4
391.3
655.6
305.7
328.4
326.2
473.3
870.9
516.8
468.7
453.3
556.0
456.4
359.8
302.5
440.9
322.9
511.8
996.4
307.3
849.0
1338.0
1437.9
2135.7
2119.9
11574.4
2335.7
301.4
3000.3
2725.5
863.3
3000.4
3000.4
651.9
3000.6
3000.6
636.5
651.1
639.5
628.0
3000.6
3015.4
3043.6
3171.8
449.5
526.2
443.5
844.1
852.5
893.7
446.5
819.0
665.0
835.7
732.5
442.7
526.0
617.2
565.3
568.3
414.0
453.2
303.8
307.2
385.0
5928.2
336.9
463.0
850.1
409.7
449.2
304.0
308.6
441.5
306.7
330.2
441.8
406.0
569.8
538.7
443.5
421.4
399.1
849.2
302.2
453.5
302.5
467.0
788.7
1316.0
1316.1
7253.0
7267.8
8416.8
7428.7
490.1
7645.9
657.5
567.1
761.6
8170.9
1031.4
9688.0
932.0
1631.3
2416.3
2157.0
2010.3
2324.1
1950.5
1486.0
1755.1
1878.5
2153.5
2187.4
1722.7
1983.4
2272.3
1487.1
2298.0
2549.6
1937.9
2115.5
2121.7
2209.9
2004.9
2482.7
1568.0
855.0
2520.6
1000.6
885.8
1128.0
2920.2
2701.3
3087.4
3219.5
3329.1
929.9
444.4
2682.3
3631.0
3631.7
4100.1
846.8
441.2
2936.2
4614.7
2319.6
4803.1
541.6
504.5
1344.9
5101.8
3067.1
546.4
3898.6
5333.4
3461.6
4229.1
446.1
3391.5
3821.0
850.0
4563.0
442.6
2009.6
4967.5
446.6
3727.1
443.9
6244.2
5303.5
2308.7
3001.3
1882.3
2283.0
3360.9
6673.1
3183.7
2191.5
3025.5
1539.2
3042.3
1523.8
2423.5
2034.0
2079.1
2047.9
870.0
2451.0
614.6
1307.4
390.3
396.7
503.1
752.2
637.0
940.3
317.2
319.1
316.5
309.8
484.6
328.9
462.1
320.1
868.4
356.3
454.7
312.8
322.2
430.7
325.1
427.6
463.2
443.9
317.7
319.2
308.5
851.9
305.2
362.8
506.3
366.1
460.7
304.5
460.0
329.3
346.4
468.2
355.8
356.9
360.7
898.8
337.4
330.4
492.2
459.0
414.5
635.1
474.8
524.3
572.4
587.6
444.5
422.1
879.3
309.6
308.0
318.9
451.2
334.4
352.9
471.7
395.4
466.9
406.3
420.1
419.0
446.6
382.5
407.1
316.9
442.8
395.5
859.3
326.9
458.5
505.4
430.7
450.3
471.0
319.7
307.5
452.5
354.6
377.4
863.0
339.9
472.9
308.1
327.4
451.2
316.6
303.7
314.8
445.1
455.8
304.6
302.2
428.9
449.6
392.9
499.1
454.6
851.3
