310.9
302.1
320.2
504.9
453.9
351.9
434.3
391.7
483.6
322.7
447.2
584.7
541.5
856.9
615.1
526.8
686.3
582.4
615.5
440.8
299.9
300.4
440.0
846.4
378.0
463.8
469.2
476.5
459.2
441.1
304.2
301.1
450.9
299.8
304.1
440.3
433.3
848.3
448.5
441.7
498.3
449.8
300.1
441.1
443.8
301.4
301.8
848.7
476.2
311.3
313.4
441.3
299.9
302.0
300.3
442.1
302.8
441.1
302.7
846.9
385.8
451.0
460.8
466.8
441.5
361.5
301.0
443.4
306.0
446.7
303.7
300.5
440.7
847.9
299.7
300.8
442.7
306.6
302.2
465.3
300.8
301.0
440.9
301.0
301.8
846.5
303.3
444.2
452.2
447.4
411.8
422.8
299.7
440.1
302.6
468.5
320.6
352.7
440.2
372.4
856.0
305.2
441.0
302.0
452.5
300.5
300.3
441.3
333.2
301.8
473.1
429.0
427.7
845.7
441.2
365.4
302.6
464.8
372.9
440.6
304.9
307.4
445.9
844.9
301.2
315.1
445.5
304.0
465.1
442.4
420.6
359.0
321.6
441.1
301.2
848.0
460.7
301.8
432.4
442.4
378.6
354.7
299.4
440.3
301.6
441.4
302.8
302.0
440.8
846.1
399.9
303.9
440.8
406.8
301.5
302.5
462.6
446.2
301.0
299.8
441.3
300.0
303.5
844.5
441.6
330.2
304.8
322.9
440.4
461.7
300.4
393.0
441.4
321.4
380.6
857.2
311.8
457.2
300.1
440.3
302.1
303.7
301.5
441.4
360.8
385.9
847.1
459.6
526.7
452.6
464.4
331.5
511.7
305.7
304.2
441.4
301.7
848.2
299.7
439.7
304.6
441.9
388.3
387.0
441.6
347.2
330.1
480.2
386.0
301.4
846.5
440.9
446.9
497.1
441.6
415.4
382.0
301.7
440.3
441.7
402.2
347.2
451.4
403.8
302.2
844.5
441.2
308.8
301.6
460.6
336.8
303.6
440.6
328.6
356.8
346.2
441.3
389.5
845.4
441.7
353.3
404.9
447.1
378.3
316.2
447.2
299.6
847.4
441.3
302.4
304.3
441.5
301.0
353.2
477.4
402.2
418.7
441.9
300.7
299.5
439.9
300.7
304.6
845.5
441.3
305.5
398.4
393.4
457.3
461.9
300.9
301.4
303.3
314.6
441.2
844.3
443.3
323.1
299.7
302.4
447.2
310.8
444.6
435.6
408.3
440.0
505.7
601.3
381.2
441.9
846.5
301.0
441.1
308.9
300.2
467.5
305.6
445.3
844.9
505.4
466.9
442.5
376.8
345.7
441.1
347.5
303.1
342.0
442.4
307.0
302.1
848.9
303.0
461.9
441.4
303.5
301.3
442.7
325.1
331.3
441.5
457.7
303.0
442.0
403.9
843.4
450.2
299.4
368.6
373.0
440.0
467.2
328.6
477.7
301.2
440.6
302.1
302.2
442.6
856.8
300.6
300.1
440.5
305.4
379.9
443.7
369.4
440.5
300.3
844.7
366.6
442.9
311.9
346.4
302.1
461.3
303.8
299.8
441.2
303.7
443.2
299.1
846.2
298.6
442.5
385.7
312.5
441.4
384.4
440.3
300.5
354.9
461.6
386.5
324.1
859.2
441.4
299.4
306.6
440.6
303.8
301.5
440.8
300.0
302.9
443.3
300.5
846.7
321.2
363.7
516.2
399.4
302.0
360.5
462.5
491.3
312.8
300.7
859.2
443.4
302.0
449.4
305.0
303.0
302.3
330.3
462.3
447.0
320.1
304.4
847.8
441.2
429.1
501.1
378.2
440.6
336.1
303.3
442.9
441.4
409.4
381.7
474.2
481.9
529.7
448.7
484.0
846.8
397.0
453.2
298.9
300.1
299.4
439.9
300.5
851.1
300.9
300.7
441.4
442.4
302.6
304.4
440.8
299.4
302.0
466.5
309.0
384.4
440.1
364.4
855.6
448.9
299.7
301.6
302.1
444.7
355.8
496.7
1293.4
1508.4
376.4
562.0
683.8
696.2
633.6
784.3
950.0
1026.7
846.9
1056.4
856.0
487.9
826.5
1310.5
1171.1
1073.5
1097.7
1001.4
1103.6
507.7
833.6
639.4
513.9
3845.2
740.4
859.0
300.3
461.6
299.8
303.3
441.7
301.4
300.6
446.8
300.3
441.5
319.2
1006.8
832.5
993.7
1185.7
1016.7
1042.6
1120.8
492.8
860.4
451.4
464.6
610.5
613.4
5385.3
4948.9
5034.7
304.3
464.5
5408.5
909.8
962.2
890.9
1250.0
1321.5
1291.8
892.8
9320.4
7440.8
1657.0
1553.9
1657.8
1765.8
1784.6
857.2
2007.6
1980.0
2114.2
1984.7
2291.5
2047.9
2507.5
2257.9
2173.0
2483.4
2135.2
1972.6
1872.0
1748.2
1741.9
3203.4
2404.5
2845.0
2225.4
1638.3
1737.9
2502.5
2664.5
2221.4
3319.9
3187.7
2936.0
2495.4
928.9
578.0
2520.2
2960.0
3029.3
3965.0
1703.6
1723.5
1725.5
1725.6
1768.8
1802.5
372.4
469.7
441.2
2210.6
13723.4
444.5
376.5
525.8
13787.5
846.5
445.5
530.8
554.0
447.7
557.4
493.7
502.0
302.5
475.6
312.5
441.0
315.7
303.4
844.8
300.1
442.2
453.2
347.8
664.3
622.3
621.7
783.8
658.4
866.4
305.5
303.0
538.2
515.7
306.4
444.2
807.4
380.6
553.7
458.4
427.3
303.9
393.7
847.2
473.1
478.5
439.0
326.4
341.9
473.4
453.9
315.9
536.0
564.9
517.4
333.0
858.5
307.5
940.3
942.6
939.0
878.5
442.4
1185.8
1198.0
351.5
1255.7
1540.2
545.6
2448.2
671.6
592.0
656.5
593.6
643.1
690.5
481.7
694.5
847.7
483.1
441.3
4092.5
442.8
676.5
676.2
626.2
521.8
429.8
302.0
466.4
301.5
500.1
402.2
456.9
441.9
421.2
850.1
377.3
443.9
308.1
445.4
303.7
300.1
301.7
440.6
302.8
848.7
440.8
304.2
308.2
299.1
461.1
299.1
441.6
301.8
302.8
864.2
302.4
443.8
303.1
658.8
467.9
308.0
331.8
732.0
334.3
441.8
301.2
300.8
444.0
848.3
362.7
303.2
453.6
361.8
443.3
308.8
302.2
311.8
440.8
312.8
440.9
847.8
307.3
355.5
379.9
472.0
581.7
564.5
600.6
577.1
551.8
470.5
445.3
856.8
301.7
300.5
303.5
440.8
303.7
302.8
444.7
302.0
471.6
299.3
304.7
303.5
440.9
300.6
847.4
394.2
326.3
573.5
441.0
416.3
436.8
587.7
305.1
301.4
441.2
861.3
303.4
300.8
460.8
377.2
456.9
496.9
445.6
440.9
412.8
327.2
846.4
440.6
300.2
301.8
392.4
401.8
519.0
1115.0
1491.7
989.6
920.0
898.5
419.1
443.5
445.2
477.8
442.3
345.4
303.9
307.5
309.0
460.1
453.9
302.5
300.2
858.7
442.1
322.8
373.8
377.1
467.5
442.4
305.5
300.0
444.8
300.2
325.9
302.7
440.9
347.7
846.7
329.2
453.0
306.6
302.3
443.1
306.1
302.1
461.7
317.2
441.5
314.6
327.3
846.2
301.8
440.6
442.6
304.2
301.1
440.2
300.6
401.5
334.6
461.1
509.5
2206.8
1188.9
489.7
572.4
567.0
858.8
962.9
969.7
1068.1
1122.8
940.0
443.9
1183.5
1184.8
949.4
499.2
449.1
330.1
365.1
464.0
340.4
300.6
315.9
440.5
306.1
844.9
452.1
447.5
500.3
613.3
564.2
407.2
638.4
453.4
303.4
382.5
440.5
847.8
385.4
461.9
331.6
303.8
441.6
327.1
301.2
441.5
301.6
440.8
847.1
330.1
306.3
323.5
440.8
360.1
305.7
360.8
459.1
446.7
299.1
301.0
460.9
303.7
303.6
847.6
441.7
299.7
304.2
450.9
302.0
314.6
441.0
311.1
451.3
447.9
449.4
847.3
338.2
441.7
304.9
461.7
301.2
300.4
443.6
304.6
304.2
442.8
858.6
363.6
301.9
311.9
441.6
461.7
407.7
443.1
353.6
455.9
302.5
855.9
440.5
303.5
307.2
453.8
301.6
303.9
302.1
451.5
306.1
307.0
466.7
312.7
443.9
858.2
408.5
381.6
406.0
441.7
452.5
308.0
320.4
441.4
301.6
301.3
339.7
462.4
304.4
847.6
443.0
340.4
377.1
447.9
316.7
389.4
461.7
398.2
303.7
736.8
860.0
330.6
425.5
442.2
445.1
507.9
320.0
438.2
403.3
449.8
299.9
844.9
302.4
467.5
326.8
443.6
330.6
303.3
446.4
331.2
361.7
364.6
457.1
849.9
419.7
467.2
771.8
512.8
526.7
534.3
439.2
580.3
