313.6
300.9
313.2
474.7
453.6
305.8
449.6
397.6
402.5
563.9
871.5
562.6
510.9
567.2
681.5
573.7
677.4
566.6
587.7
300.0
302.0
442.0
301.2
306.3
421.7
461.6
417.5
441.4
848.9
333.7
303.4
328.0
441.2
304.7
465.0
441.2
420.0
847.8
448.9
452.1
586.8
473.5
301.7
440.5
298.6
354.6
300.4
461.4
442.8
300.5
300.6
442.1
847.5
311.9
310.7
443.8
302.6
300.2
299.4
453.2
302.3
452.1
463.2
431.4
327.1
847.0
300.1
440.6
302.6
441.4
300.2
300.4
440.0
303.0
300.3
460.6
299.8
300.2
454.0
302.7
847.0
379.9
499.7
426.8
433.5
307.4
442.8
441.7
447.7
343.9
453.3
856.8
300.4
463.7
318.9
307.4
333.0
443.2
345.6
443.2
386.7
299.6
303.4
440.1
301.4
303.2
443.8
847.0
300.1
301.4
302.6
442.5
359.0
466.3
301.9
319.1
329.0
441.7
611.5
855.4
312.6
355.7
441.5
453.0
304.2
302.9
440.8
405.1
377.1
603.4
559.7
472.2
440.6
300.0
852.7
300.2
462.3
303.0
300.6
364.9
440.3
356.7
303.0
301.2
440.5
301.0
846.4
442.8
302.2
314.0
302.1
440.7
299.9
467.5
343.4
307.2
441.7
340.9
299.7
303.2
847.2
440.9
302.4
453.1
304.4
311.2
305.1
440.7
321.0
300.4
857.7
462.5
324.9
349.4
349.4
441.2
314.5
441.4
301.9
307.1
460.3
301.0
302.4
301.3
441.6
358.4
369.4
440.3
442.1
535.2
847.5
336.1
438.9
306.1
440.4
301.5
304.1
845.2
303.3
442.1
301.9
386.8
476.2
380.8
440.7
416.3
382.4
440.5
414.2
402.5
440.8
317.2
381.1
378.9
442.0
315.5
845.8
452.8
425.3
363.5
446.5
583.1
593.4
522.8
412.9
440.7
846.9
299.1
460.5
301.6
336.4
304.9
441.9
328.7
441.5
378.0
328.8
409.7
440.1
329.8
410.0
441.0
845.5
376.7
442.0
399.6
385.9
443.8
300.0
300.8
301.0
301.4
301.4
460.9
846.7
440.3
301.1
304.2
441.5
301.7
307.1
440.1
302.8
302.0
301.1
460.8
302.7
453.8
302.5
302.0
846.0
300.0
441.2
304.5
386.8
441.8
381.1
301.3
301.8
446.2
309.8
845.2
440.7
444.5
449.8
609.6
592.4
601.1
734.8
584.4
392.6
461.5
651.5
351.7
443.2
299.9
847.8
302.0
418.8
439.8
455.0
441.8
375.8
334.7
356.5
303.3
345.3
848.9
440.6
300.0
466.2
304.0
424.5
441.8
420.7
302.3
440.4
307.5
299.1
301.6
442.1
441.2
338.1
299.2
442.5
333.8
857.9
299.0
301.7
306.8
462.1
329.5
451.6
314.8
846.1
410.9
440.9
347.5
321.0
440.8
299.4
301.4
441.5
382.5
433.9
452.8
456.1
358.3
439.7
300.2
329.6
858.4
323.7
466.3
299.9
303.2
440.8
298.9
300.9
316.5
440.7
307.6
847.4
442.6
299.5
363.5
321.5
442.1
379.1
464.3
308.9
302.6
310.7
442.2
300.0
442.0
305.4
305.8
845.6
444.0
301.9
301.9
446.9
301.4
300.3
300.2
855.4
460.9
303.0
354.5
441.5
381.8
453.2
532.0
591.1
440.9
516.0
406.9
299.2
440.4
298.5
301.0
847.2
460.5
302.9
442.1
463.7
422.7
581.2
334.6
452.7
307.1
304.4
299.1
440.2
847.4
301.1
299.1
440.8
300.4
461.4
523.9
457.4
539.7
435.3
633.0
514.9
491.1
410.6
859.2
440.5
313.6
302.1
441.9
302.0
304.7
304.3
310.9
441.5
299.2
300.2
463.5
847.7
385.0
344.7
440.5
441.9
544.7
478.9
487.7
452.9
332.3
300.9
300.1
441.1
300.4
860.6
439.9
301.3
302.5
463.1
300.2
305.3
440.3
315.8
384.0
403.0
441.7
406.3
323.5
440.8
844.5
307.6
323.5
315.4
309.2
441.3
475.7
306.5
299.5
441.0
302.4
300.7
845.9
299.5
440.0
299.9
300.3
440.7
300.6
302.6
460.7
299.8
301.0
441.5
846.3
392.2
440.4
501.0
399.3
484.8
444.7
318.2
329.9
442.0
299.7
299.9
440.8
302.2
300.2
846.1
301.2
302.2
460.0
301.0
299.5
442.0
301.6
303.0
441.6
306.5
452.9
302.6
313.9
850.1
445.0
300.7
301.8
301.5
461.8
300.7
441.5
420.2
324.6
398.3
440.9
364.2
302.4
440.7
365.3
847.6
442.4
301.4
318.3
441.8
313.7
302.8
404.3
460.9
413.3
426.2
453.8
341.0
324.4
845.0
298.9
301.7
440.3
309.7
441.9
299.0
440.2
338.1
331.0
441.9
847.2
345.1
300.7
309.6
314.5
467.3
335.2
324.5
441.9
845.0
299.4
440.2
303.7
323.1
328.5
442.1
399.1
350.3
440.6
445.2
457.5
299.3
302.0
460.7
301.1
302.3
440.2
301.4
303.9
847.1
441.9
302.5
302.1
440.8
348.5
504.8
441.0
513.1
563.3
523.9
859.1
299.5
302.9
461.2
440.4
300.4
302.7
303.0
442.0
303.1
441.4
301.1
311.5
299.1
470.4
303.8
845.6
440.5
354.1
452.1
442.3
400.8
335.4
308.8
440.2
445.5
427.8
312.7
441.9
858.3
307.0
305.9
447.3
301.0
446.9
466.9
428.0
452.5
300.9
300.4
443.7
846.2
303.6
367.7
318.5
441.9
446.6
537.0
376.8
386.1
303.0
449.3
846.7
458.4
544.7
441.6
480.9
395.4
461.1
301.7
304.2
320.7
306.9
443.1
367.1
304.1
453.5
343.5
441.1
303.2
849.4
441.4
301.4
303.3
318.5
311.0
447.7
300.5
299.1
461.9
858.6
298.8
440.6
300.3
298.3
868.1
299.6
300.3
303.4
440.0
300.4
301.1
460.7
301.8
299.3
443.6
303.5
846.7
457.6
309.3
300.7
440.3
307.5
360.8
344.5
497.7
376.1
844.4
408.9
440.4
317.9
403.5
444.3
300.7
299.7
379.4
553.8
433.0
454.8
520.5
662.6
641.8
599.3
520.2
848.5
442.7
301.0
301.9
300.7
440.5
301.4
300.0
299.1
504.9
848.6
299.8
301.3
301.9
441.1
441.4
299.4
386.9
441.5
456.2
454.1
529.3
453.8
440.5
304.6
857.3
460.8
302.5
304.8
444.4
324.2
312.5
445.2
446.2
388.9
399.4
454.9
336.6
853.7
506.5
380.2
339.9
440.1
441.7
431.4
466.6
438.4
495.5
403.6
440.9
299.1
298.9
859.8
440.3
303.0
302.0
440.4
301.7
303.1
441.8
301.7
301.0
846.4
299.8
463.9
321.5
443.0
384.4
358.4
440.5
300.8
311.6
441.2
301.6
303.6
299.5
441.0
310.2
299.7
441.7
858.2
300.9
301.6
460.5
300.5
309.5
441.5
299.1
301.9
300.5
443.1
299.8
905.3
358.3
441.4
300.7
440.6
301.6
305.8
461.2
387.8
418.5
330.0
451.9
302.0
300.4
441.1
845.5
365.1
301.0
452.2
361.7
441.5
300.5
301.5
301.9
844.5
306.9
460.8
302.1
302.8
305.4
441.1
447.0
300.7
374.2
451.8
362.8
305.1
443.6
440.6
375.5
442.8
541.2
362.1
441.6
396.3
856.9
347.1
357.8
440.9
390.1
326.4
306.2
321.4
460.2
899.0
299.7
441.3
302.9
441.8
300.7
307.4
440.9
358.5
353.7
443.0
299.0
304.1
470.2
303.2
307.7
847.4
441.1
300.7
301.7
304.5
444.6
307.3
303.4
845.4
303.2
441.1
302.4
454.9
441.8
405.5
421.0
441.3
403.5
479.7
304.0
372.8
444.8
299.7
302.4
414.8
440.0
410.8
846.4
440.4
302.9
302.5
464.4
302.2
381.3
405.4
322.2
440.8
848.6
298.7
440.6
302.4
304.1
441.8
301.0
313.5
299.4
460.6
301.6
305.5
440.6
298.7
452.5
856.9
388.4
505.9
467.5
442.2
394.0
301.0
442.1
299.5
300.5
462.8
844.0
388.1
347.4
423.2
456.1
339.2
394.5
441.3
369.4
336.5
442.0
301.5
318.7
440.1
309.1
845.6
307.2
441.3
429.3
359.0
441.2
425.4
301.2
302.8
441.7
301.1
301.1
462.8
844.3
298.9
300.3
304.6
440.3
443.4
347.9
354.6
387.3
441.3
300.8
441.4
411.7
399.7
441.3
418.1
392.3
846.1
