326.3
340.2
339.1
497.5
355.8
356.0
909.1
483.3
360.2
348.9
897.7
342.3
498.6
517.4
577.3
510.3
502.4
966.1
331.7
950.6
349.8
471.2
378.0
398.7
875.8
497.8
411.5
501.0
385.9
1019.0
427.3
650.1
859.6
446.2
461.5
603.6
595.8
458.8
652.1
692.4
867.2
862.8
307.1
306.7
307.1
316.5
463.4
868.6
328.1
338.8
487.4
326.3
871.3
307.7
460.0
317.4
308.7
859.4
304.9
315.1
864.4
410.1
460.5
404.3
487.1
856.7
377.1
317.2
366.7
851.0
447.1
303.1
307.0
446.7
847.4
308.7
303.8
301.7
471.4
308.9
312.5
856.6
322.1
473.7
862.1
319.0
317.5
450.2
316.2
505.0
481.8
861.2
448.1
307.1
314.4
850.8
427.0
387.3
337.4
471.9
871.1
305.3
308.0
444.6
304.7
858.1
312.2
863.0
464.8
305.1
320.2
327.9
450.4
306.9
858.2
307.2
468.2
313.8
326.1
326.6
863.4
318.3
462.2
869.7
320.7
311.3
311.5
309.5
444.6
853.6
310.8
456.8
309.1
865.1
308.2
470.4
320.4
857.9
316.5
314.6
450.2
320.9
346.2
874.3
354.2
334.1
466.1
872.3
327.1
450.2
448.0
362.6
397.4
875.7
315.5
475.7
320.0
865.5
322.0
870.5
333.0
473.6
322.4
322.2
867.9
312.4
320.3
454.3
886.0
447.9
320.4
310.2
309.7
318.2
466.4
308.1
859.6
881.7
329.8
458.6
321.9
328.5
331.8
490.0
332.5
867.3
389.6
468.3
419.8
461.6
401.5
882.1
874.5
315.9
456.6
323.6
306.5
311.9
869.6
457.3
440.9
343.6
427.9
469.5
851.9
336.7
312.9
488.6
334.1
868.1
333.2
335.6
472.0
338.7
344.5
980.1
478.0
393.6
882.9
540.8
488.1
557.0
539.1
503.3
485.1
940.8
338.9
879.2
344.5
326.8
336.1
486.8
334.8
953.1
445.9
327.3
460.3
452.6
888.2
312.5
427.3
455.2
389.6
962.2
329.0
449.0
303.7
321.9
859.4
325.2
461.9
340.5
863.6
335.4
877.0
488.3
336.8
330.7
313.3
306.8
862.3
444.2
307.2
846.7
487.1
358.7
434.6
378.9
500.8
307.5
873.7
306.5
349.2
356.9
444.9
849.2
397.2
304.2
307.4
443.8
316.4
848.2
310.6
893.4
508.5
456.5
451.9
462.9
319.0
365.7
882.3
355.2
330.2
338.9
474.8
855.0
361.6
550.3
517.3
445.0
915.7
460.2
331.9
915.0
314.6
308.1
314.5
444.0
395.9
853.2
315.4
433.8
866.7
505.4
435.8
316.8
451.8
316.7
358.7
879.7
359.2
447.5
384.2
372.9
849.3
447.2
308.4
874.6
313.2
322.4
451.3
366.3
322.8
869.2
350.0
313.8
472.3
311.2
875.0
468.3
871.0
326.3
320.3
39.3
312.3
427.9
451.5
408.0
314.2
867.2
319.3
453.9
325.0
311.7
866.9
322.4
485.7
332.3
492.6
430.3
430.8
328.2
875.1
467.0
859.7
394.0
357.4
381.3
873.1
455.6
321.6
316.0
372.4
322.5
481.0
356.4
874.8
325.9
464.9
345.5
353.1
891.3
464.0
326.9
327.6
885.7
308.4
863.7
308.3
304.7
472.8
393.8
453.1
361.0
458.1
876.8
452.2
305.4
849.4
314.4
306.7
307.3
451.6
848.8
309.4
334.9
467.6
335.8
305.4
880.3
314.5
874.2
455.1
316.1
318.2
463.7
326.6
864.6
328.7
328.3
477.0
494.9
492.3
488.2
485.8
455.0
359.0
994.9
965.3
327.7
1112.2
351.8
450.1
313.5
454.3
412.2
865.0
372.5
457.5
342.0
445.2
319.8
880.1
343.9
476.4
324.5
405.4
401.4
858.9
309.2
454.2
307.3
864.0
306.6
443.3
306.9
847.1
317.5
848.5
445.4
305.5
321.7
311.3
305.4
465.3
853.2
350.5
445.4
446.6
340.5
425.6
863.1
448.0
334.2
439.4
436.4
864.9
455.4
320.5
321.2
860.0
311.7
453.1
858.6
334.1
336.2
852.4
306.8
464.3
354.4
312.4
305.9
456.1
865.7
329.0
321.8
434.2
499.3
462.3
438.0
883.8
382.0
384.3
884.3
520.8
346.7
491.8
357.3
899.5
364.1
898.4
338.5
333.4
493.4
352.0
493.4
882.2
367.1
371.1
422.0
337.8
462.6
324.1
869.9
320.4
881.8
461.7
321.7
312.9
327.4
482.7
861.0
328.8
332.4
321.0
454.8
313.3
869.9
347.7
338.4
476.2
877.6
414.1
327.8
868.8
476.5
388.8
469.6
410.5
502.2
523.7
508.3
861.6
463.5
335.7
372.9
959.5
365.9
550.6
406.7
349.9
886.1
355.8
463.8
981.8
978.2
330.0
478.4
430.0
356.9
442.9
884.6
321.2
469.0
888.5
326.4
366.8
879.9
452.9
312.1
360.5
382.7
370.9
491.2
422.4
875.4
343.7
475.2
871.0
326.0
330.8
468.7
334.2
333.9
867.3
869.9
326.9
318.6
477.0
341.1
315.9
451.0
443.8
492.1
864.0
325.5
867.6
329.6
482.6
326.1
870.8
460.5
308.5
312.0
354.7
859.8
336.9
355.7
479.7
318.2
464.4
321.6
914.2
326.8
333.1
464.5
330.5
868.2
324.5
429.0
458.1
415.1
320.7
861.4
870.7
324.2
314.5
469.3
435.3
324.3
464.5
434.6
852.6
307.5
455.6
306.3
865.7
312.9
334.0
377.0
456.4
388.0
869.1
325.5
463.0
867.2
395.0
350.0
472.0
445.8
401.4
888.5
467.8
861.3
387.1
320.0
313.9
449.5
402.5
433.3
425.4
863.7
450.7
412.7
311.8
867.5
307.1
856.6
444.7
308.0
304.6
332.7
478.3
850.4
318.9
322.2
444.7
308.5
852.6
310.9
868.9
309.1
464.7
308.7
307.3
355.3
326.2
357.0
448.4
851.3
331.2
469.7
373.8
383.0
861.5
447.1
308.4
347.5
894.1
346.4
443.9
309.5
851.1
305.9
308.9
306.6
465.0
308.0
882.0
449.7
850.4
431.1
536.1
445.5
713.8
595.5
654.6
558.4
445.0
925.4
910.4
302.0
313.6
333.0
462.8
858.6
307.3
341.7
444.4
856.6
307.0
341.9
328.5
327.7
476.8
313.4
905.0
453.3
468.9
389.4
498.1
431.3
900.8
314.7
447.9
883.1
320.4
455.0
303.7
398.0
850.4
465.3
448.1
424.8
412.0
350.1
910.8
891.5
445.7
305.6
320.0
429.6
426.4
426.6
878.6
472.2
354.5
465.5
315.4
856.2
371.2
468.7
316.8
322.8
871.1
321.8
327.1
461.1
322.2
860.2
307.7
859.9
311.9
481.0
313.6
371.0
450.7
375.5
853.8
312.8
444.9
304.0
309.2
857.9
329.6
309.2
469.2
339.3
874.9
329.1
873.1
335.4
495.4
345.6
478.7
429.7
348.1
888.0
414.1
462.8
328.6
317.1
871.7
325.9
448.9
874.3
307.5
327.6
381.1
486.2
870.0
438.7
365.3
313.1
309.0
446.8
850.1
355.5
451.2
318.0
352.8
856.8
334.2
337.1
471.8
1122.2
383.7
375.2
323.3
482.1
875.6
368.9
358.9
417.4
468.7
413.4
889.0
412.2
516.4
898.2
342.6
377.8
477.0
554.7
886.1
674.0
480.0
497.3
620.8
516.2
905.8
481.5
312.5
379.6
868.7
375.4
449.1
307.7
848.8
306.9
338.6
304.7
452.0
867.5
336.9
347.1
325.8
443.7
358.5
850.7
302.0
474.4
302.8
862.7
304.9
442.5
302.9
303.0
848.3
848.6
304.8
309.0
443.1
304.7
310.8
311.9
443.2
310.3
855.0
309.2
448.8
308.6
851.4
311.4
308.0
310.2
469.4
884.3
859.0
314.7
309.0
318.2
448.2
390.2
413.3
478.0
864.9
420.1
452.4
870.9
307.4
308.7
313.9
857.4
318.5
576.6
341.2
861.3
410.2
325.0
463.7
435.7
319.1
307.9
444.3
345.5
851.9
446.6
314.0
309.2
922.9
312.5
305.8
450.0
308.4
862.5
306.3
309.1
469.3
362.4
331.7
887.3
364.3
454.2
311.7
875.1
322.3
319.9
448.9
860.3
321.4
317.1
455.5
317.0
866.1
314.4
313.5
451.8
884.0
311.3
313.3
318.1
484.6
859.9
314.2
303.9
448.6
860.8
314.9
308.5
454.8
306.2
360.4
885.2
453.9
499.3
400.2
528.8
881.1
900.4
