379.2
319.9
365.5
531.7
531.7
320.0
334.7
360.6
524.3
318.8
460.1
437.3
537.0
662.4
464.2
648.2
708.6
556.3
620.2
479.9
318.6
336.3
315.7
498.6
387.3
356.7
475.2
412.5
478.6
314.1
314.3
336.2
471.7
313.3
465.1
327.7
325.7
358.5
365.1
500.5
345.2
459.4
340.8
472.9
317.5
316.8
480.0
331.7
325.6
498.1
334.3
346.2
473.6
335.1
316.8
463.5
313.6
314.7
314.0
504.9
488.4
357.9
461.5
427.4
523.1
335.1
319.6
482.9
311.9
306.8
500.5
342.5
335.9
464.3
319.9
314.7
478.2
322.1
331.4
478.3
335.4
322.3
489.8
334.5
373.5
477.6
345.2
320.4
402.0
477.3
376.3
523.9
337.6
334.6
483.3
405.6
325.6
485.1
500.2
469.8
484.3
316.3
333.7
326.2
475.4
315.4
333.0
484.8
335.4
336.0
333.3
481.9
320.8
478.1
327.7
335.7
358.2
487.0
342.8
483.8
365.1
315.9
369.3
478.5
342.9
317.8
489.4
340.8
479.2
335.3
486.8
320.5
411.3
489.6
338.0
331.9
507.6
379.9
375.7
449.0
337.7
612.3
316.9
447.8
332.9
479.3
316.9
317.8
313.0
485.3
358.2
476.8
381.9
344.1
333.7
332.8
486.5
474.7
318.0
339.9
328.8
497.6
311.9
477.5
339.3
323.7
325.5
464.4
329.3
490.0
310.7
332.0
336.7
477.3
337.5
464.6
383.5
338.1
338.6
504.5
313.6
313.9
488.1
334.7
519.7
339.2
333.7
379.3
459.6
353.8
484.6
320.1
314.9
324.4
495.5
328.3
471.9
391.8
312.3
644.1
429.0
418.7
428.4
428.5
483.2
333.0
349.9
498.7
327.2
460.7
335.4
329.4
341.0
482.4
334.5
465.1
337.5
479.7
329.3
398.5
484.0
508.7
425.6
497.8
432.3
336.3
485.4
332.3
332.6
460.4
338.0
376.1
467.6
332.9
336.6
482.4
319.8
415.5
410.5
481.2
373.9
370.5
481.6
325.5
332.6
315.5
479.6
463.5
316.9
332.6
336.7
471.4
333.9
315.4
487.0
403.7
331.7
466.0
311.2
478.8
331.9
342.3
481.9
337.6
319.6
324.7
461.8
332.3
506.0
332.2
339.0
315.2
485.4
361.6
379.3
482.7
385.3
499.7
331.2
339.4
329.3
481.2
332.3
464.2
472.9
475.7
506.7
534.7
498.0
330.9
467.4
310.8
484.0
318.7
315.6
500.0
338.1
369.3
381.9
464.2
427.2
460.1
335.9
335.1
506.3
329.0
326.4
335.4
463.8
331.5
462.5
365.2
347.5
348.1
460.1
320.7
485.0
333.9
407.9
339.3
475.4
406.1
480.7
384.3
321.8
465.4
340.5
340.8
332.4
324.7
462.3
521.1
350.3
337.3
334.3
340.9
503.2
523.4
333.8
342.2
476.7
330.6
335.4
335.4
371.6
484.7
347.5
490.2
333.9
481.0
339.5
330.0
342.4
483.8
328.7
485.0
331.1
314.4
323.2
462.8
396.5
485.3
339.8
329.8
502.1
325.5
337.5
471.8
360.6
318.7
318.3
462.3
337.6
360.0
499.3
322.5
483.9
334.5
332.5
483.7
330.8
338.3
481.8
328.9
317.1
468.7
333.9
330.3
330.7
358.2
481.6
477.2
376.2
464.1
467.2
459.0
379.5
458.9
316.7
330.9
477.3
337.0
335.5
501.1
330.9
349.6
481.6
403.4
334.7
318.2
465.3
337.8
487.4
333.9
330.0
524.7
330.4
314.5
492.0
335.9
342.0
475.5
463.2
463.2
390.8
482.8
384.1
482.7
338.4
336.7
478.8
328.5
337.2
500.6
325.9
325.4
459.4
332.1
331.4
480.4
335.2
341.6
462.2
317.4
334.4
485.4
368.4
335.8
419.0
485.6
340.8
478.8
318.0
316.2
321.5
474.5
321.2
479.6
316.7
334.0
465.6
333.3
318.3
484.2
313.5
373.3
329.5
325.4
460.2
463.2
312.1
333.4
328.8
475.0
333.7
336.3
500.7
329.7
465.2
331.8
339.8
331.6
500.0
331.3
317.5
474.0
333.1
331.6
501.1
331.7
480.5
362.8
313.0
465.8
339.1
333.7
465.4
462.5
448.3
372.9
524.6
459.3
322.5
332.2
498.9
475.0
336.1
333.9
464.4
331.2
333.5
331.4
501.1
376.0
312.3
479.6
332.5
330.6
463.2
315.1
518.1
338.0
334.8
337.6
550.5
319.4
474.6
324.5
328.1
459.9
317.3
317.6
498.2
326.2
351.6
468.7
359.8
321.6
464.4
364.7
336.0
523.2
312.3
333.2
484.7
316.5
333.1
376.0
434.3
460.0
459.7
392.0
430.5
329.5
466.9
363.1
464.1
316.2
360.8
490.4
327.5
335.1
373.4
372.2
485.8
473.3
332.5
311.9
333.2
464.1
316.6
330.3
320.4
542.2
486.9
326.5
326.8
332.9
481.0
329.6
472.7
364.3
479.1
485.1
464.8
374.8
460.8
333.2
331.0
473.3
340.5
335.3
461.5
325.9
316.4
479.7
328.5
336.6
463.9
334.1
367.7
463.5
481.8
473.0
499.8
532.9
314.4
315.2
500.7
332.9
475.3
338.8
333.9
482.1
342.0
332.8
343.3
316.0
512.6
465.4
325.1
330.7
463.2
331.9
316.7
461.2
382.5
332.7
325.1
360.8
486.5
463.8
392.6
334.6
469.6
320.2
330.6
477.3
408.9
440.4
416.8
479.0
398.9
327.3
321.9
489.7
481.9
334.5
319.0
318.6
340.9
466.6
478.9
312.3
328.8
468.5
340.2
336.0
352.8
499.0
343.0
527.8
334.7
316.2
481.4
334.7
327.8
370.8
474.2
321.8
408.9
476.7
399.5
330.4
465.7
339.5
480.9
318.0
329.8
332.7
331.4
474.4
474.7
315.4
334.6
489.7
336.1
317.5
486.4
314.6
324.7
480.5
320.5
313.2
487.8
335.8
317.8
336.0
313.4
481.1
334.2
482.9
317.6
478.1
412.3
407.8
500.4
328.3
335.5
485.8
331.6
334.6
463.7
321.0
317.3
340.2
463.3
341.0
462.8
408.1
411.7
322.0
447.8
572.2
451.7
504.1
505.2
475.9
552.7
440.5
480.1
316.7
327.1
326.0
457.4
337.0
326.7
499.5
341.0
466.1
335.7
326.0
491.4
378.0
363.8
484.0
335.8
382.3
470.3
333.1
511.1
471.2
509.1
387.2
316.2
458.2
336.2
339.5
460.5
329.2
407.1
392.4
481.6
351.6
529.0
316.9
482.1
312.8
339.1
476.4
320.1
330.2
320.6
327.2
504.2
462.0
353.6
335.3
531.4
330.9
335.4
335.0
482.2
317.3
332.9
487.0
332.9
373.1
457.5
317.0
317.1
483.3
331.5
463.9
332.3
365.1
372.4
503.2
377.3
488.5
345.8
371.9
455.5
319.0
336.8
317.4
473.3
315.8
316.6
462.2
329.0
320.0
491.9
315.1
337.8
472.0
319.1
312.2
462.5
312.4
483.8
335.9
327.0
476.2
312.1
323.5
494.7
337.4
344.7
322.5
461.8
318.8
509.1
332.5
341.2
316.4
501.7
333.2
361.0
483.3
327.4
461.3
321.2
329.4
468.8
336.5
330.1
329.1
500.5
313.2
312.9
478.2
316.8
316.7
326.3
481.4
525.4
337.8
336.0
471.8
393.4
391.8
479.4
509.8
316.6
496.6
343.4
351.8
321.3
488.0
373.8
483.4
328.5
337.4
313.1
486.2
327.7
505.2
313.5
312.3
464.0
341.4
322.2
327.5
481.3
341.2
330.7
330.0
482.5
529.3
319.7
316.5
461.8
336.0
311.8
456.7
320.9
333.4
334.7
474.5
317.0
500.6
369.9
341.0
318.9
332.8
478.0
480.9
333.5
320.0
321.2
465.3
330.4
316.1
479.2
356.2
343.9
355.4
498.9
456.8
337.3
340.9
472.1
318.5
334.2
328.8
487.1
385.9
478.3
313.1
311.0
335.3
331.2
476.3
330.8
472.9
313.3
498.2
329.4
333.8
374.7
476.0
317.6
505.5
412.9
432.1
431.6
465.7
357.8
316.3
486.5
332.7
481.6
326.1
331.8
484.4
315.4
331.3
480.8
326.0
328.3
490.6
319.0
316.1
477.8
337.5
319.0
343.1
474.1
326.4
333.3
461.8
343.0
334.5
332.6
480.2
335.2
317.8
509.3
482.7
346.3
332.2
481.4
335.8
332.0
334.0
462.7
319.2
318.1
482.4
341.5
522.6
311.7
423.7
478.0
488.8
465.8
534.9
482.8
434.0
