383.4
339.0
376.7
364.8
542.5
336.1
348.9
363.4
521.1
329.7
460.0
502.9
474.0
548.1
685.4
722.2
460.1
644.8
607.4
314.9
317.7
336.5
334.2
492.0
415.7
463.2
475.1
413.7
460.2
333.6
327.7
336.2
462.5
313.3
462.6
335.5
461.7
366.1
431.2
465.9
445.2
409.3
325.2
484.2
336.4
329.7
317.5
519.2
312.4
314.3
501.4
324.7
331.0
315.1
325.8
474.7
371.5
333.4
327.8
470.0
431.7
485.3
498.4
416.9
546.0
397.4
462.6
359.8
344.5
335.7
461.0
333.2
336.1
326.4
480.9
334.4
327.4
314.4
318.5
459.0
332.4
316.8
539.2
327.0
328.4
314.5
476.8
330.0
433.6
469.7
475.6
368.8
331.9
320.4
504.6
315.7
412.4
423.9
430.8
469.8
387.5
332.5
458.4
329.5
331.1
327.0
465.0
315.1
325.9
315.5
313.3
493.2
436.8
473.2
473.3
970.8
472.9
1109.8
674.3
1116.3
1180.2
774.6
1202.1
687.9
330.8
334.2
501.0
480.8
424.3
373.3
470.8
353.1
330.9
352.4
471.9
330.8
329.6
335.1
432.5
493.2
363.5
372.8
330.8
469.0
334.5
323.9
315.2
463.5
322.5
313.9
326.1
475.8
332.6
347.0
441.4
500.4
451.9
351.0
475.5
433.7
338.3
428.7
332.8
475.5
311.0
317.8
338.2
493.1
316.2
327.4
479.8
318.0
319.5
330.2
317.3
464.7
339.4
318.4
332.6
526.7
319.4
326.5
476.9
314.6
326.4
313.2
377.3
378.9
475.7
379.2
518.3
330.8
334.0
329.8
327.4
502.4
315.9
327.6
428.7
471.7
474.5
534.0
569.5
584.7
533.8
340.5
329.8
495.6
352.0
346.2
458.3
398.6
505.6
492.6
383.1
478.5
353.9
334.4
458.2
427.0
479.9
614.4
615.1
531.3
477.8
372.4
497.8
321.6
327.5
325.8
339.6
460.5
317.8
329.8
471.2
386.7
434.8
434.6
478.3
453.4
377.1
331.2
492.9
405.0
326.0
378.4
474.8
318.9
330.1
327.9
330.8
477.8
330.8
317.0
477.7
317.9
314.4
317.2
491.5
350.0
317.3
350.0
320.3
498.1
334.7
335.4
466.1
354.1
343.6
349.1
495.7
319.9
333.7
325.7
365.0
471.2
393.5
319.8
463.1
327.1
317.3
371.1
478.8
482.4
583.1
629.0
650.6
720.2
636.8
388.8
459.7
318.7
334.7
330.9
333.6
458.6
314.3
384.7
379.5
472.9
417.2
359.8
498.3
331.2
330.9
313.2
328.1
328.3
474.7
313.2
468.4
356.1
402.5
408.4
497.8
313.9
316.4
314.7
410.8
461.1
342.6
389.5
476.9
354.5
382.0
388.0
498.4
315.4
324.9
423.8
429.2
475.7
338.8
326.1
315.9
344.5
477.2
346.5
331.6
480.9
316.7
326.4
486.3
370.3
460.4
550.8
576.1
408.1
382.2
312.2
340.4
482.5
323.7
335.2
535.7
326.0
312.1
318.5
464.4
314.8
414.2
407.5
458.7
313.4
332.6
317.5
332.1
333.4
498.7
335.2
460.0
335.4
319.7
338.4
460.5
356.0
333.1
327.4
326.9
496.5
319.4
326.4
471.6
313.9
332.8
320.8
459.3
318.3
321.1
338.8
492.1
338.3
437.9
467.0
476.1
475.7
403.5
408.1
327.3
460.6
315.5
317.0
313.8
498.4
330.3
383.5
476.7
380.5
347.6
348.4
473.6
331.2
312.5
357.4
334.1
496.0
329.2
327.5
456.6
312.6
321.6
339.6
472.3
401.7
565.5
525.9
470.0
406.5
330.4
348.3
495.0
350.0
322.5
333.3
477.9
328.0
314.0
330.8
475.6
335.8
328.5
332.4
492.7
429.8
385.7
422.1
474.7
451.5
466.7
495.0
457.4
345.2
325.3
315.3
328.2
504.1
320.9
316.1
455.5
330.3
318.7
335.5
494.7
312.2
316.2
330.3
331.3
364.4
459.5
376.3
333.5
520.2
315.2
313.2
329.2
482.9
330.2
318.2
500.6
315.4
333.3
316.1
455.2
329.7
334.2
330.6
474.3
317.5
320.9
314.5
497.2
315.5
331.7
371.1
328.2
503.7
319.3
319.6
473.5
406.3
560.3
479.1
313.3
318.3
497.3
335.7
462.2
331.6
299.7
313.3
456.8
387.0
492.4
409.6
312.8
319.5
499.7
314.8
328.9
477.0
361.9
330.1
461.8
328.7
319.8
312.0
497.8
316.5
332.0
317.3
471.7
315.3
349.5
329.3
353.2
480.6
336.4
299.4
315.7
479.2
410.5
404.6
473.3
338.5
331.2
317.1
487.4
336.3
515.0
673.3
691.7
490.1
587.1
379.3
481.5
315.4
369.9
381.3
457.9
315.0
329.0
319.5
356.0
430.9
485.1
406.2
460.2
321.8
318.3
317.9
474.2
333.2
418.0
417.4
501.1
330.5
319.1
314.9
478.0
315.5
328.4
479.1
384.5
461.7
449.1
396.7
481.3
319.9
316.3
316.0
332.3
471.7
314.2
328.4
333.3
480.6
315.3
328.1
484.2
331.1
432.8
472.3
605.2
654.0
645.0
578.8
320.0
467.0
317.6
331.4
538.7
328.3
421.1
334.5
457.8
398.4
324.0
402.3
344.1
483.6
328.4
326.3
457.7
320.7
456.0
451.5
457.2
329.6
441.6
414.7
456.4
457.8
406.4
317.3
482.7
417.9
323.4
418.5
430.2
461.7
320.8
421.1
466.1
383.0
448.8
386.2
482.6
312.2
328.7
400.9
464.0
434.0
401.5
415.5
311.4
460.9
334.6
327.2
380.0
458.3
392.1
397.6
534.9
329.6
315.0
332.6
327.2
315.9
476.0
411.8
382.0
486.8
384.5
349.6
478.9
338.2
317.5
312.5
500.3
377.9
364.3
422.3
473.6
318.4
313.5
329.0
459.8
332.3
326.2
329.6
486.5
318.3
335.0
330.1
501.7
320.0
330.1
312.3
329.3
537.7
409.0
392.1
666.2
456.5
331.5
375.2
472.0
425.2
448.9
436.5
364.0
497.9
330.2
316.4
459.7
393.0
330.6
388.3
461.0
317.4
404.0
333.3
463.6
652.1
583.5
504.0
696.5
632.1
648.2
551.1
480.2
312.5
330.5
330.2
463.7
329.1
330.8
332.5
312.8
502.0
329.5
331.0
312.6
461.8
357.8
314.0
337.4
494.3
358.0
582.0
502.3
513.7
548.5
441.0
328.0
475.3
335.4
313.6
469.7
316.8
332.7
430.6
489.6
488.0
436.0
380.1
459.3
318.4
330.3
318.1
464.1
316.0
317.6
326.5
345.0
480.5
321.8
325.9
475.5
332.9
331.3
337.7
459.7
336.2
316.9
332.1
331.4
330.8
495.3
318.2
328.7
481.6
319.5
320.0
402.3
316.9
473.6
389.0
465.6
319.4
313.8
328.5
504.5
318.2
318.0
322.0
336.1
470.3
314.9
317.8
487.2
376.8
378.5
373.5
317.1
494.1
332.2
318.1
458.2
323.6
334.9
329.3
313.1
463.0
311.2
311.3
493.6
332.8
334.3
349.5
320.3
473.6
348.5
328.1
315.4
337.8
479.2
336.8
314.7
496.1
330.5
358.7
465.2
349.3
399.4
369.4
458.2
331.3
315.1
317.4
330.6
495.8
318.3
319.4
332.8
463.0
315.0
316.1
462.2
443.5
415.0
462.5
485.1
576.6
383.7
455.1
461.2
385.6
441.2
500.0
482.0
317.3
314.7
330.0
460.0
326.1
329.1
314.5
485.8
338.1
320.3
321.5
463.0
332.3
316.7
330.4
470.4
379.2
399.9
334.5
315.9
482.7
332.8
334.5
316.7
472.1
329.7
330.4
338.7
473.5
319.7
332.0
473.8
323.2
393.0
401.6
422.2
480.2
323.6
325.1
330.0
458.0
318.1
331.9
456.4
382.1
413.0
413.1
478.2
313.7
321.3
319.7
460.7
329.8
316.3
384.7
485.7
318.3
390.6
313.7
462.2
409.5
466.4
412.5
319.4
539.8
319.0
327.7
392.2
456.0
314.7
380.2
330.5
462.0
449.6
388.6
389.1
480.8
335.9
317.1
470.7
335.0
322.3
330.1
460.6
315.7
319.3
328.3
501.3
329.9
353.2
374.2
325.0
332.6
472.9
313.0
334.3
466.2
389.9
380.6
337.0
469.8
341.2
367.7
330.8
482.2
315.3
327.6
475.3
314.3
315.4
315.0
477.0
329.8
315.2
316.6
495.8
333.4
384.2
374.5
323.7
479.4
333.6
312.4
461.7
472.4
528.1
589.3
523.1
408.0
