376.3
332.1
353.6
368.1
541.1
312.2
408.9
399.4
474.9
317.6
330.8
475.6
473.0
617.2
476.5
693.3
734.4
594.0
650.8
316.5
316.0
330.5
326.4
484.6
527.0
484.2
532.3
477.7
459.6
317.2
411.1
493.8
418.3
319.0
459.4
380.2
362.6
466.5
481.5
449.2
431.8
406.5
472.2
620.1
702.5
712.0
713.2
614.4
467.4
330.6
329.0
372.4
359.2
500.5
313.7
319.1
317.3
330.2
327.2
459.3
413.6
547.3
488.9
520.0
492.1
347.4
313.3
333.0
332.1
501.8
324.0
330.0
330.0
462.9
330.7
328.5
312.7
328.9
318.5
478.6
325.4
330.4
330.0
311.8
497.8
326.2
373.5
328.4
454.4
504.3
379.4
414.9
333.8
475.1
327.9
325.3
371.8
442.7
451.5
368.5
478.8
314.5
332.3
334.0
484.5
320.9
317.6
328.4
461.2
341.6
421.3
415.6
344.6
459.3
317.8
398.7
400.9
437.0
369.4
499.7
445.6
367.7
478.2
475.0
380.8
433.4
410.8
361.4
313.9
502.1
396.9
315.3
331.0
476.7
314.1
333.8
317.8
333.9
311.9
432.2
495.5
406.4
314.4
462.7
336.9
328.8
328.4
314.3
315.9
460.8
324.3
365.2
365.7
491.6
332.4
489.2
441.3
367.8
504.7
376.3
372.3
407.6
317.2
474.0
325.9
397.8
329.8
395.4
498.1
324.3
313.1
329.0
324.4
479.4
333.6
334.2
335.3
323.7
315.4
500.0
318.5
314.0
316.2
481.4
331.7
340.8
405.0
408.3
461.4
411.2
453.1
342.2
370.4
352.2
503.6
319.6
350.9
316.1
335.1
476.3
409.2
408.5
454.5
399.7
455.8
365.4
388.1
448.5
352.1
478.6
372.6
325.5
415.0
474.2
387.7
418.5
353.2
316.2
459.5
481.0
584.8
600.6
469.7
617.8
532.4
372.0
391.3
328.7
484.8
319.5
427.2
365.3
422.9
315.2
469.9
407.0
433.9
408.9
473.4
466.0
360.5
462.0
485.7
461.8
398.3
373.1
448.3
329.9
501.5
331.4
411.7
410.1
316.5
315.9
507.0
326.6
329.6
331.9
483.6
358.9
315.1
351.1
315.8
458.2
315.5
302.0
374.3
360.3
501.4
327.7
312.6
313.9
312.1
367.8
353.5
477.2
385.6
314.3
456.9
365.8
344.6
345.2
386.5
403.6
494.1
563.3
468.7
548.3
585.2
323.6
334.3
316.9
312.9
331.1
332.4
459.9
329.3
414.3
482.6
463.6
510.6
411.3
363.4
496.8
328.2
330.5
346.3
343.4
459.5
331.7
320.3
335.0
323.1
366.3
495.0
310.8
313.8
319.0
402.1
471.2
348.1
451.3
414.8
470.7
311.8
349.6
346.4
337.5
484.2
459.9
385.9
451.8
327.1
505.6
491.6
481.2
543.1
412.8
329.9
478.1
314.6
318.8
333.4
451.2
471.5
497.5
483.8
429.0
513.6
314.2
318.5
317.2
315.1
458.8
327.9
330.8
315.3
317.4
358.8
500.5
375.6
410.6
334.1
469.3
333.8
323.9
441.5
451.0
476.3
312.9
334.2
317.5
316.1
318.7
482.9
372.2
329.7
328.3
481.9
329.4
330.2
330.8
326.0
483.0
316.0
330.3
329.4
329.2
324.5
315.5
477.4
327.4
313.3
456.3
519.4
400.1
458.3
357.5
330.1
479.9
329.6
312.2
311.4
481.1
429.7
520.4
562.6
527.1
483.2
394.1
330.4
331.7
338.3
314.7
463.3
318.4
329.7
336.0
465.2
319.3
354.1
469.7
452.2
483.4
559.1
600.6
454.8
547.1
380.8
462.1
313.6
315.8
325.2
467.6
314.0
314.7
316.2
327.7
485.4
318.8
324.0
351.6
356.9
341.2
313.6
458.2
455.2
343.8
478.4
433.4
333.7
312.4
311.4
496.0
314.2
315.3
326.4
314.6
455.4
366.0
433.0
337.4
310.8
483.0
343.5
315.1
333.4
397.0
461.3
406.1
370.2
377.6
328.0
471.2
365.1
396.2
382.4
330.2
489.3
323.0
329.9
326.2
330.7
467.9
320.9
314.5
329.7
314.5
482.5
336.0
321.0
329.3
319.0
521.9
328.2
333.3
312.8
340.9
414.3
496.7
478.8
441.5
317.4
314.9
484.5
335.2
337.1
331.3
456.6
338.2
329.0
310.9
336.9
495.2
369.3
321.5
426.4
334.7
338.6
466.7
374.4
481.1
611.4
616.2
624.6
626.0
346.4
328.4
479.0
337.8
323.4
328.9
356.4
331.1
382.6
482.9
348.6
315.8
474.1
315.9
428.5
435.5
327.6
476.5
315.3
374.8
332.7
428.2
479.4
486.3
625.0
524.1
582.0
330.7
484.2
328.8
392.2
377.9
476.8
314.6
335.0
353.2
420.5
439.6
458.3
403.8
325.1
311.6
322.7
480.8
320.4
374.2
361.4
460.4
319.4
317.0
326.9
315.1
493.8
328.1
317.2
361.7
433.6
460.3
432.1
416.2
329.3
333.8
479.2
372.0
424.5
402.1
386.1
498.6
321.8
320.2
327.7
333.7
474.2
332.4
488.3
475.7
499.1
654.9
644.2
664.8
315.9
326.1
498.0
332.4
312.3
328.8
318.7
505.0
331.2
377.1
330.2
420.9
334.9
463.7
328.8
333.4
336.0
317.5
349.4
481.6
397.8
314.1
501.9
421.9
567.7
562.2
432.1
352.9
475.1
423.9
331.4
431.2
445.0
498.7
429.3
488.5
480.7
333.9
457.5
325.2
330.9
330.8
463.2
452.6
462.3
561.3
530.1
498.1
355.0
335.0
342.2
327.4
478.2
400.6
390.1
423.6
377.3
474.2
312.6
333.1
335.3
331.2
477.3
488.5
512.2
612.2
488.7
484.3
431.0
325.2
337.8
321.1
473.5
391.1
385.6
443.6
316.4
686.8
326.9
338.7
332.6
313.3
500.8
316.1
327.0
326.1
322.6
328.7
496.4
317.7
312.0
328.4
329.5
462.1
317.7
374.5
334.6
460.3
314.8
315.6
312.8
316.6
329.1
479.1
335.1
392.5
366.4
313.3
474.9
332.4
359.1
362.4
462.8
331.7
423.0
396.6
485.5
602.4
613.8
521.9
758.2
684.3
753.1
596.5
368.6
315.8
317.8
336.5
464.4
317.3
314.9
338.1
323.3
502.4
332.7
318.0
331.4
318.8
463.4
311.5
327.9
332.5
496.2
478.5
493.1
533.6
539.8
517.5
336.2
318.0
327.4
332.9
458.2
311.8
448.4
447.6
570.3
473.7
472.7
414.8
503.0
405.6
496.6
332.5
312.7
331.8
327.2
460.2
414.1
373.9
363.3
322.4
499.9
333.4
313.4
300.7
339.2
470.8
315.8
374.6
335.2
314.3
478.0
316.6
318.3
314.9
315.2
480.3
364.0
500.7
367.7
496.1
457.1
333.1
327.3
339.9
327.1
475.9
327.2
337.2
393.1
366.0
311.2
480.1
325.2
316.4
314.5
459.0
327.8
330.6
318.5
335.8
478.9
336.4
314.6
323.5
333.2
319.2
451.2
477.9
450.5
327.1
546.0
403.2
398.6
459.2
405.2
471.6
314.8
424.1
429.0
336.2
336.8
474.0
352.8
343.5
309.8
327.5
506.2
335.9
330.8
331.1
457.3
313.8
445.7
437.3
351.4
358.2
329.4
495.5
349.0
335.0
463.3
431.2
437.7
556.0
470.7
561.7
480.4
539.4
428.4
322.0
389.8
478.0
364.7
328.0
332.5
321.0
487.7
313.3
315.0
331.6
464.8
312.7
320.0
327.0
325.3
319.4
456.6
316.9
314.9
324.3
501.2
315.2
384.1
315.8
376.5
479.7
318.6
374.3
413.8
333.0
322.4
482.8
347.0
343.7
344.5
499.6
347.0
551.9
475.6
547.8
314.7
472.4
313.0
317.3
326.8
321.7
477.6
474.8
388.7
416.5
487.1
330.1
401.8
424.0
437.8
485.8
316.4
495.6
522.6
432.6
468.6
317.5
316.0
317.1
339.5
474.7
314.5
336.3
311.2
316.3
370.2
315.8
528.4
374.1
313.8
551.9
529.4
603.7
636.1
637.6
477.3
327.7
335.7
315.7
331.9
498.6
329.3
330.1
312.4
327.3
464.0
329.4
353.2
363.3
369.3
315.9
477.1
503.3
518.7
1051.7
1113.3
1129.0
1254.4
1332.5
1074.7
1455.8
463.7
584.0
1525.0
759.1
1328.0
320.4
331.0
355.8
349.0
465.9
438.3
416.4
382.2
356.4
322.3
483.7
374.0
369.6
331.7
519.5
383.6
550.9
525.9
463.4
634.9
452.5
