360.1
331.4
525.7
374.8
522.7
316.4
330.7
465.7
485.6
315.7
341.6
424.6
488.9
657.1
536.8
615.5
416.8
641.5
643.7
331.6
332.4
491.7
328.5
469.7
335.3
376.3
382.3
487.7
484.7
328.7
333.2
319.1
466.1
318.0
460.6
337.1
472.6
332.3
352.1
499.8
370.4
460.0
330.6
472.7
320.3
335.3
484.7
334.9
484.6
329.8
332.7
484.3
361.9
478.8
312.3
357.2
446.3
313.6
319.0
534.2
330.4
335.1
460.6
375.3
531.5
333.2
333.3
455.8
332.3
529.0
312.9
492.4
328.0
464.9
379.4
333.6
459.9
320.1
305.9
458.9
339.0
486.5
323.9
328.0
482.1
332.4
456.2
334.3
328.5
476.5
379.8
511.2
331.3
501.9
334.0
333.2
330.5
471.8
327.0
472.5
381.9
312.1
487.4
322.0
473.8
315.8
320.7
505.3
462.8
339.6
332.9
455.7
339.0
453.9
331.2
325.2
356.9
463.2
335.0
534.9
336.2
317.3
500.3
476.8
408.2
380.3
472.1
352.0
344.5
468.9
364.2
462.3
337.5
521.3
336.1
330.9
487.9
321.3
335.4
483.1
332.4
466.4
311.3
464.2
316.4
363.3
336.5
458.4
325.6
502.6
338.8
475.0
336.4
471.8
330.2
332.7
472.9
333.2
470.7
320.2
333.6
505.0
327.7
483.0
330.5
314.3
315.9
474.1
477.6
327.6
311.0
484.8
336.1
522.6
334.1
332.3
328.9
479.0
314.6
505.3
319.7
316.7
474.6
491.7
336.6
330.2
422.2
481.1
463.1
357.6
365.3
315.5
456.1
331.9
497.1
339.8
496.3
327.0
329.1
478.8
332.6
326.7
464.3
371.5
477.7
331.0
325.5
487.6
320.2
460.4
333.6
337.1
477.7
480.7
331.1
319.4
476.2
328.5
481.0
471.8
399.9
490.6
430.6
378.0
481.5
308.5
497.9
326.9
478.5
315.8
331.0
336.0
465.1
377.2
477.7
332.8
316.0
329.4
504.4
481.0
316.3
320.4
477.8
466.6
324.8
338.9
482.3
335.5
480.0
331.3
332.1
482.2
331.7
315.9
462.1
331.5
327.9
487.5
462.0
328.4
332.1
456.9
323.8
462.9
316.9
344.9
329.1
459.5
495.1
374.2
337.1
310.7
460.4
330.7
334.1
475.5
462.3
313.5
318.4
512.5
335.3
334.2
480.8
391.8
405.2
467.2
477.1
621.4
633.0
328.0
326.3
313.9
462.9
316.6
314.9
463.2
478.1
358.2
385.6
481.9
433.1
489.2
327.8
478.8
331.6
331.5
316.8
464.0
458.9
332.4
313.0
313.2
480.3
327.6
465.6
319.1
456.7
332.6
323.5
474.9
328.8
312.6
472.5
482.2
320.0
314.0
505.5
338.2
326.3
459.5
359.0
478.9
314.2
502.6
332.2
373.6
483.4
355.8
331.3
476.2
319.2
498.8
332.5
335.9
379.4
479.6
461.4
355.8
475.2
327.5
328.2
473.7
317.6
460.2
324.2
334.7
484.1
317.2
320.4
463.5
316.0
472.5
332.7
460.9
340.4
313.9
371.0
479.3
461.4
314.3
335.9
478.9
311.2
314.9
461.9
324.4
495.0
312.5
465.7
314.1
332.8
473.6
332.7
463.9
313.3
332.2
479.7
315.5
330.5
321.8
505.7
498.5
312.3
374.0
463.3
427.6
481.0
322.8
329.6
457.5
326.4
504.2
319.5
474.8
335.3
354.5
470.8
401.9
333.1
482.0
358.1
333.0
496.2
332.4
326.3
506.3
472.3
315.3
472.3
336.2
341.1
325.5
461.9
364.5
473.8
372.9
334.4
472.9
328.6
477.9
319.2
328.1
482.0
476.7
326.6
326.9
461.7
326.0
478.1
315.2
330.2
332.8
493.1
313.1
328.2
459.0
327.0
478.9
333.4
517.4
327.1
475.8
319.1
318.1
511.6
315.5
475.4
318.4
472.1
335.0
328.7
469.5
415.3
512.4
331.7
362.8
356.6
471.4
335.4
480.3
358.7
515.1
324.0
459.9
327.7
332.6
461.1
314.5
462.1
332.2
332.6
332.5
501.9
458.8
336.3
314.2
468.2
331.4
481.3
325.7
322.7
313.3
499.9
467.4
324.5
334.7
465.0
350.4
339.4
459.0
423.7
521.3
335.5
319.7
491.2
323.7
319.2
495.0
469.8
338.3
336.2
331.7
481.6
480.8
339.0
313.2
474.8
333.8
314.1
484.2
363.9
312.3
471.1
329.9
474.5
312.9
478.5
334.5
502.4
332.4
363.5
475.1
346.9
328.6
339.2
502.3
466.8
317.1
459.3
330.8
330.8
517.5
329.8
497.5
313.3
334.7
475.5
334.4
458.4
461.5
431.2
421.3
459.1
464.5
335.0
333.8
485.9
318.0
319.4
519.0
336.2
485.5
381.0
366.8
471.4
396.1
459.2
317.0
320.3
484.7
328.4
334.8
476.6
478.4
315.5
318.7
458.8
313.4
485.7
329.8
333.9
347.1
315.9
477.5
503.1
391.6
462.7
333.0
459.7
336.6
314.1
318.6
504.6
478.0
329.0
330.3
480.2
328.6
476.4
314.1
316.4
475.5
358.2
546.4
559.2
555.2
315.3
482.2
479.9
318.4
332.0
475.9
334.3
459.1
333.3
335.6
316.1
498.7
314.9
470.7
360.8
473.8
329.2
315.6
320.5
471.9
475.3
318.9
320.0
346.3
469.4
488.8
402.4
333.7
476.2
314.8
330.3
473.2
393.6
479.0
334.9
382.7
472.0
362.6
336.7
479.5
508.2
331.0
475.8
320.6
405.2
465.1
405.5
474.0
328.7
328.8
486.5
388.6
335.6
354.1
518.9
488.1
318.9
461.7
327.7
314.6
328.9
483.6
483.0
319.0
374.0
469.4
387.2
313.9
463.0
336.2
475.0
316.9
499.7
335.4
332.4
457.9
322.0
462.1
333.4
330.3
458.6
311.8
478.5
328.1
314.3
460.4
327.7
325.2
491.2
337.0
479.7
330.2
323.7
478.0
332.6
520.7
365.8
458.6
324.2
337.2
480.8
336.1
327.5
601.7
336.5
522.5
326.0
318.3
457.7
313.6
316.5
463.7
459.7
333.3
336.1
414.3
535.2
594.5
397.2
404.1
462.5
348.0
588.3
547.9
326.9
473.7
299.8
315.9
476.6
319.3
317.4
486.3
327.4
459.6
330.8
319.3
499.2
461.1
362.2
333.9
330.8
479.1
315.9
510.3
410.6
405.5
501.0
519.2
328.4
333.0
474.8
333.6
460.9
316.1
317.5
333.8
488.0
317.9
460.1
336.4
461.1
330.3
472.2
314.9
317.4
480.8
361.6
319.1
469.3
363.2
471.3
337.6
476.3
318.7
317.0
339.0
472.3
474.0
316.5
331.4
334.0
496.2
461.7
315.6
324.6
478.5
331.5
461.6
320.2
360.6
364.5
469.9
488.8
335.8
329.3
478.1
346.6
441.1
535.0
615.0
623.7
657.7
659.1
770.7
335.5
311.3
485.6
469.8
335.9
331.3
478.3
317.9
460.8
321.6
326.4
332.8
484.0
461.6
300.4
335.0
476.4
315.9
468.1
362.4
346.5
321.4
479.9
491.7
329.6
314.1
516.6
337.2
339.7
474.1
329.9
467.0
313.3
336.0
465.5
330.2
500.6
316.0
504.2
329.0
331.2
475.0
317.1
331.0
319.1
475.4
461.1
323.5
486.1
421.7
405.9
353.2
469.5
484.3
331.6
326.8
474.3
381.0
325.9
480.4
365.4
478.6
328.4
332.3
315.5
528.0
334.1
460.5
461.8
318.7
325.9
466.0
330.5
328.6
461.5
312.9
334.4
500.6
313.7
520.2
314.2
460.4
332.2
470.4
317.6
314.7
474.4
329.6
339.9
477.0
313.6
337.3
481.4
474.6
365.9
354.0
448.3
470.3
336.1
485.1
329.3
461.6
311.3
326.6
500.2
316.0
332.4
480.5
461.3
331.4
317.3
341.4
495.5
465.1
326.2
348.9
470.3
384.4
513.2
334.5
331.4
325.7
503.6
477.6
317.1
335.9
312.3
476.0
398.3
487.7
362.0
473.9
314.4
477.1
396.9
362.5
404.2
458.5
473.1
312.3
317.1
492.5
331.4
474.4
317.8
313.5
332.5
462.2
463.3
318.1
314.8
463.2
333.9
322.0
514.9
333.8
331.4
473.2
317.6
511.5
318.7
324.6
459.0
335.6
376.6
515.2
333.6
480.0
454.5
316.9
334.2
481.0
331.6
463.7
336.2
318.8
463.1
334.4
359.7
461.7
336.4
478.1
313.5
468.7
603.6
417.4
395.5
516.4
388.7
525.5
