327.5
319.5
446.6
514.1
384.0
327.8
336.9
515.4
520.8
320.4
356.7
359.9
499.7
472.1
568.2
405.3
592.2
497.2
594.9
325.3
327.3
336.0
318.9
484.5
325.6
379.3
467.2
368.4
477.8
329.2
330.8
317.9
457.9
313.6
314.1
352.9
479.7
336.8
446.2
504.5
366.8
430.3
330.6
486.7
330.0
334.3
477.5
330.3
460.4
326.2
330.3
314.8
489.3
329.6
321.2
459.8
328.6
317.3
318.4
460.7
409.6
473.8
497.9
475.0
418.0
503.1
327.8
324.0
336.0
475.6
313.8
333.2
483.6
315.9
314.0
473.1
333.5
314.5
330.5
464.5
331.4
324.8
505.3
333.5
330.5
483.0
383.3
343.2
376.3
465.4
391.4
381.2
329.9
483.5
311.8
458.3
390.3
461.3
452.8
369.0
480.9
318.6
461.3
331.2
315.0
474.4
331.0
317.5
500.1
330.6
401.0
440.3
329.3
459.8
325.6
346.0
345.2
472.9
336.4
477.0
335.9
332.1
500.2
370.9
338.4
321.8
473.0
412.7
339.7
475.9
377.4
330.7
329.8
474.5
331.0
483.4
316.7
318.6
394.0
459.7
344.4
385.9
329.0
461.8
330.9
537.6
316.9
327.5
330.3
461.5
327.4
330.7
330.8
461.3
327.1
325.0
474.9
325.6
487.8
362.7
355.8
392.7
313.8
456.3
328.7
316.2
475.5
328.6
459.8
318.4
316.8
334.1
329.0
480.2
354.7
316.2
479.7
312.6
312.5
457.9
329.5
324.7
498.7
330.5
315.7
462.5
316.2
438.9
518.9
394.0
447.3
322.8
465.1
328.3
328.5
317.2
486.1
317.4
330.4
473.5
382.3
459.2
437.4
462.7
413.2
474.7
342.3
354.6
348.8
531.5
331.1
337.7
368.1
475.4
351.7
463.5
315.0
316.3
474.7
437.0
548.8
473.9
470.3
631.8
533.6
321.7
461.2
328.4
486.4
327.0
332.4
333.6
460.7
327.2
334.6
476.7
390.5
455.4
367.7
475.3
325.9
313.2
485.1
337.7
341.6
330.9
477.7
317.2
463.3
444.7
478.7
363.1
319.8
470.2
336.7
486.4
318.5
313.4
474.0
379.8
312.8
378.2
458.9
311.3
329.1
331.7
487.2
324.2
472.3
314.2
318.3
311.8
478.2
343.0
330.7
458.0
366.3
312.5
456.2
350.4
354.9
337.8
480.4
401.1
493.9
461.2
550.7
524.7
515.3
329.7
329.5
335.7
473.6
325.9
329.4
481.0
330.0
408.9
479.3
492.7
346.0
521.7
477.4
313.1
327.4
462.1
330.5
330.9
499.8
320.2
330.6
371.3
359.6
459.4
404.0
330.7
474.1
334.1
410.8
318.2
482.2
415.0
472.2
318.4
330.2
524.9
332.9
328.2
430.9
474.8
383.5
468.6
323.4
458.7
345.2
318.3
464.6
343.6
314.7
499.7
317.5
327.8
463.9
496.4
406.1
472.3
492.1
445.9
483.7
328.1
312.1
330.4
332.6
491.8
314.8
459.0
337.8
331.0
481.1
341.4
414.6
406.0
457.2
318.4
318.2
329.6
311.1
481.4
520.0
318.7
318.2
370.9
316.3
457.6
335.6
335.5
517.6
328.0
329.6
493.9
332.3
333.1
461.2
314.8
329.1
475.5
329.8
311.5
330.8
341.3
501.1
330.9
318.7
335.8
474.4
334.8
475.1
329.3
314.5
457.7
317.8
314.0
315.2
499.9
448.6
429.6
473.1
362.5
316.5
474.5
332.6
316.5
460.5
314.2
327.5
483.9
314.7
328.7
455.7
313.3
315.1
370.4
327.2
456.7
429.9
478.7
319.3
367.4
314.7
479.9
326.0
318.7
498.2
334.2
323.1
457.0
332.3
321.4
473.7
326.5
333.0
323.4
495.1
327.9
333.6
475.3
370.8
407.1
475.0
501.4
568.2
594.8
629.0
312.1
333.5
493.6
330.5
331.8
478.6
316.2
410.4
414.4
481.1
310.1
318.3
454.9
311.7
380.5
453.2
459.9
345.8
339.3
305.9
453.1
305.1
310.0
472.6
307.3
489.6
320.3
309.7
309.2
453.7
317.1
317.7
457.8
326.9
323.3
500.2
324.9
314.6
322.1
318.0
463.3
328.0
477.0
332.4
398.2
419.9
500.0
461.2
458.3
317.0
325.0
462.5
517.6
333.9
316.9
482.8
313.3
313.7
329.8
329.4
482.7
335.2
319.6
455.7
358.5
317.1
477.3
358.2
356.7
476.1
317.0
312.9
484.4
332.7
318.8
479.3
328.5
335.3
319.3
458.8
320.6
350.7
486.3
357.0
340.9
474.7
362.1
399.0
427.5
474.5
316.6
318.4
476.8
332.0
449.9
479.3
515.4
466.3
449.0
456.6
311.7
313.9
310.0
459.3
307.8
464.0
316.1
319.3
315.7
350.7
348.4
492.7
477.8
350.3
325.9
322.8
462.4
322.5
334.1
324.9
466.4
328.1
316.6
479.0
328.9
473.7
334.0
314.5
430.2
357.4
467.0
451.7
516.9
327.2
322.0
482.0
405.7
315.6
402.7
445.7
330.3
331.5
458.2
326.5
334.7
486.5
317.7
389.9
440.2
483.3
503.0
517.3
475.8
317.5
330.0
464.9
316.6
317.0
331.6
331.0
505.8
330.3
482.0
317.5
338.5
341.5
471.5
335.3
311.1
461.0
338.0
337.4
487.9
330.3
331.7
463.9
366.1
422.8
456.0
514.3
314.6
328.4
330.6
492.5
332.4
461.5
468.4
365.8
387.7
477.9
331.2
319.8
477.1
313.6
328.2
497.7
428.5
432.3
488.0
481.6
365.4
328.3
498.9
327.5
314.3
346.4
463.5
391.7
387.7
471.0
312.4
330.4
478.5
327.5
329.2
524.1
387.1
428.2
573.2
459.9
401.4
389.6
331.3
459.7
330.6
471.3
352.9
401.6
407.4
483.0
330.3
333.7
458.3
319.6
316.5
477.3
327.0
315.3
313.7
502.8
330.2
321.6
462.5
338.3
333.4
319.1
463.3
357.4
312.5
328.2
504.0
323.1
484.5
336.3
312.8
328.7
455.1
338.6
376.1
460.4
333.7
334.6
325.3
477.6
323.6
476.3
332.2
330.8
337.8
518.4
544.0
513.5
523.3
432.2
572.3
515.0
439.8
331.6
335.9
475.9
317.1
321.0
487.0
332.2
313.1
319.2
461.7
316.3
330.6
319.9
483.7
333.3
463.2
336.4
321.8
463.4
396.0
566.7
511.7
516.5
408.3
313.8
315.2
514.3
313.6
504.1
313.2
427.0
409.3
473.1
511.5
408.9
346.7
457.6
317.1
472.9
319.2
329.5
334.0
359.4
481.7
344.9
330.1
517.3
329.3
460.8
312.2
327.4
315.0
459.9
336.5
330.1
475.7
329.3
327.7
487.4
325.0
328.1
329.1
336.2
462.8
352.3
335.2
479.6
334.2
500.4
327.6
331.2
330.1
498.8
313.5
325.2
330.9
458.6
330.5
332.6
481.1
312.4
333.1
457.1
324.7
316.3
486.1
315.6
313.8
459.2
327.8
377.1
326.4
334.5
471.7
330.3
480.7
314.9
316.2
500.4
317.0
454.4
423.4
458.9
329.9
315.2
315.5
472.8
320.1
373.0
477.6
359.8
372.7
461.2
333.7
337.4
468.9
319.2
330.4
470.4
413.0
449.3
390.7
481.4
331.7
335.6
463.5
367.4
300.0
471.3
439.3
408.4
474.9
506.1
499.8
386.6
477.6
314.7
371.9
324.6
491.4
354.5
332.2
456.0
314.0
316.2
478.7
326.9
336.4
480.2
316.4
330.1
314.7
314.1
463.4
313.5
459.4
328.2
319.3
476.5
329.1
321.5
334.2
502.3
315.5
317.7
326.6
474.1
315.1
329.4
476.6
327.4
328.9
477.0
315.7
427.6
354.5
482.3
446.0
324.5
471.7
331.1
330.6
462.3
314.9
331.6
314.0
318.4
484.1
463.0
324.1
317.8
317.2
481.2
317.9
329.4
351.4
464.6
380.8
524.5
313.4
310.4
385.5
370.8
492.9
333.1
460.9
332.6
315.0
369.1
456.7
309.3
376.7
335.5
486.7
414.1
370.1
472.4
487.8
632.4
427.7
429.0
314.9
495.7
329.0
318.4
459.7
333.6
317.0
476.8
377.3
329.3
355.9
365.7
320.9
477.7
316.1
479.1
334.6
318.1
505.4
314.5
332.1
505.1
332.8
330.5
500.3
314.6
316.2
460.5
334.3
329.0
339.1
490.1
313.7
316.3
328.5
460.4
330.0
399.9
456.0
333.0
418.0
457.0
426.5
360.4
452.7
483.7
476.0
475.6
360.5
