361.3
399.3
334.5
528.6
404.1
319.6
378.7
468.9
378.1
349.0
482.1
389.3
607.4
521.2
655.6
458.6
709.6
574.8
633.2
334.4
487.0
336.7
333.9
339.9
314.5
403.0
463.3
415.2
479.4
334.8
343.9
324.1
471.4
330.6
331.4
393.1
500.2
420.1
400.4
477.6
378.5
371.5
333.2
474.3
319.0
328.1
469.5
328.5
317.4
326.9
494.3
318.2
314.6
477.5
324.4
318.6
311.3
460.0
325.0
315.5
452.5
364.3
437.5
484.3
476.8
328.8
319.8
313.8
319.4
467.9
318.7
318.6
496.5
312.9
317.7
472.1
336.9
316.7
330.3
467.5
317.1
329.2
352.6
331.3
498.9
325.5
465.7
360.9
507.0
528.3
473.6
371.7
314.7
334.5
481.6
317.8
434.9
460.7
436.0
486.5
473.2
314.0
478.0
329.0
323.0
475.2
326.6
334.0
487.4
379.1
439.6
382.5
327.3
479.1
324.0
330.3
326.7
463.0
318.7
470.4
371.0
499.3
440.4
497.8
389.4
447.4
364.2
331.9
335.2
483.7
475.0
328.6
332.9
337.3
487.9
329.7
335.5
315.9
324.5
480.4
334.2
459.9
335.4
343.4
334.0
493.9
333.4
330.0
311.0
457.2
327.9
380.0
378.1
477.9
313.0
328.5
466.9
329.0
316.6
313.4
327.5
496.6
312.9
473.7
326.2
318.9
334.0
464.0
325.8
319.6
311.6
487.4
338.0
327.8
457.5
387.7
317.9
346.0
314.2
475.4
331.4
325.5
501.0
335.6
314.5
472.8
318.1
540.6
482.1
479.2
493.6
336.1
348.4
314.4
490.7
327.7
477.6
319.5
331.0
327.1
482.1
333.2
458.0
442.6
644.5
328.4
564.0
484.1
374.2
377.5
318.9
318.1
405.4
477.4
369.8
474.6
333.3
321.1
464.8
388.7
522.0
486.1
488.1
671.4
520.1
316.8
466.3
330.0
330.9
500.7
435.9
346.8
446.5
320.6
457.4
377.9
374.5
457.3
464.6
454.9
320.1
365.5
459.0
367.6
346.1
340.4
458.7
311.9
496.5
315.4
316.5
475.9
384.9
328.5
374.7
476.3
315.5
331.5
317.1
500.7
327.6
331.7
468.3
312.4
319.9
370.7
330.0
465.9
404.2
324.3
486.2
318.1
334.3
333.6
381.1
474.5
374.9
457.7
311.5
319.4
345.6
316.3
477.2
537.0
489.2
518.8
555.0
542.9
476.5
333.0
331.4
326.7
463.5
314.0
316.1
458.0
324.9
388.1
457.4
464.6
442.4
412.1
336.5
496.8
328.6
311.6
319.5
312.4
459.0
321.6
460.5
362.3
413.6
367.3
497.3
331.1
329.9
467.6
335.2
430.9
395.8
464.5
415.5
319.5
342.3
478.0
311.8
327.1
487.1
378.4
478.2
440.4
334.7
465.6
312.0
338.2
520.6
332.2
324.6
476.5
325.6
333.2
327.7
375.4
466.9
498.0
479.1
457.1
328.2
368.0
480.6
459.5
526.1
852.3
862.7
868.8
904.2
481.4
456.1
814.0
525.0
474.3
372.2
333.2
310.7
312.7
472.7
391.3
399.3
482.6
333.0
331.8
396.3
314.3
468.2
371.1
456.1
333.4
329.9
319.4
331.2
485.7
332.7
463.2
318.5
314.3
322.7
474.4
389.2
404.4
454.6
476.3
395.5
451.0
531.6
511.1
425.3
391.6
324.0
473.3
310.8
315.4
348.7
497.2
315.8
368.8
459.9
363.6
326.6
472.4
330.6
338.3
333.9
334.1
315.9
480.6
462.5
332.7
335.8
331.2
477.9
428.8
369.1
521.7
422.6
503.2
399.1
478.7
334.4
335.5
332.0
315.7
499.4
322.9
330.6
480.3
338.0
319.9
461.4
328.0
327.8
330.2
485.4
312.7
456.8
502.2
316.8
445.1
376.5
514.6
318.1
316.6
314.5
474.3
318.1
320.1
329.7
484.1
314.3
316.4
478.8
327.9
315.1
316.0
329.1
496.0
385.8
410.2
358.8
511.4
354.2
473.6
333.7
331.4
374.0
325.8
479.9
316.3
313.8
328.6
564.0
333.6
473.4
314.8
318.7
317.7
461.7
334.0
332.5
330.4
483.5
313.7
320.2
459.8
320.5
314.9
313.6
390.8
391.2
460.7
452.0
478.5
317.7
316.3
474.5
323.5
328.7
340.9
494.1
312.5
314.5
323.3
325.4
477.5
329.6
314.5
458.4
328.5
373.1
388.5
501.2
311.8
334.6
319.6
463.7
327.0
472.3
317.2
329.1
332.3
483.1
317.8
356.4
330.1
368.8
480.2
341.4
476.9
404.0
334.3
412.1
475.9
313.1
318.6
353.9
481.5
400.3
459.8
460.4
492.4
482.6
437.1
467.5
317.9
326.8
357.8
457.2
317.6
342.2
491.6
330.5
364.2
379.1
425.0
487.1
406.2
316.5
477.1
331.2
330.9
460.0
333.2
418.7
414.2
461.5
312.2
333.0
338.2
504.8
332.2
334.1
335.1
476.9
454.9
459.9
476.7
329.3
313.9
315.5
318.1
492.4
316.3
480.8
349.6
324.5
354.5
464.1
320.6
330.8
318.6
487.3
505.8
469.9
486.6
542.0
534.4
331.6
474.8
328.1
315.2
330.3
501.7
333.8
330.4
475.1
390.9
318.7
400.7
333.3
477.6
329.2
380.7
462.6
400.1
334.4
493.0
372.8
331.1
490.7
481.4
476.8
469.2
445.4
333.0
476.1
330.2
329.7
501.7
411.7
426.0
428.3
474.3
393.6
331.2
321.0
477.3
333.5
475.7
364.5
340.8
488.3
397.0
479.0
404.5
333.6
469.5
326.5
317.2
477.9
354.6
462.8
427.9
515.3
333.0
311.4
318.1
336.9
330.6
499.2
348.2
350.6
466.5
401.8
314.4
469.2
311.6
325.1
475.1
332.5
333.3
329.9
477.1
318.8
322.6
486.5
315.6
315.3
322.6
463.5
327.9
318.1
486.5
327.5
333.9
370.1
468.8
349.9
333.7
347.1
480.1
323.7
316.1
314.0
482.8
333.3
413.0
635.7
427.9
451.5
464.1
474.6
329.6
326.6
334.6
470.5
329.9
372.5
495.0
329.4
326.9
396.2
400.8
426.2
475.8
462.4
489.7
490.9
509.4
523.3
454.1
331.1
327.1
483.1
328.7
334.5
467.1
327.1
327.5
316.3
472.3
313.2
333.1
366.1
481.8
366.6
317.5
359.9
481.2
338.0
471.8
465.8
500.0
549.5
407.8
331.0
473.5
331.3
324.9
487.7
313.7
381.4
463.1
464.3
498.2
390.9
364.2
512.7
332.5
477.4
333.4
317.5
326.9
315.6
502.9
426.4
410.7
518.8
335.3
372.8
478.1
319.6
316.2
316.5
456.9
335.0
315.4
311.8
329.9
501.5
374.0
331.6
459.8
314.3
318.8
401.7
347.9
476.4
377.5
475.0
315.5
332.0
504.8
328.0
332.5
326.7
476.7
370.4
349.7
378.3
462.2
313.0
332.0
482.7
324.4
312.0
331.2
460.2
334.2
314.9
331.6
457.6
317.3
312.8
463.8
316.2
331.0
317.9
480.8
328.8
363.8
328.9
335.8
464.9
330.1
330.4
318.5
462.5
313.2
326.8
495.8
360.1
351.9
474.1
330.0
332.1
476.8
315.9
316.1
314.6
315.9
314.8
483.4
312.2
325.5
326.6
472.9
467.7
312.9
320.4
414.0
346.6
473.1
501.2
552.6
391.5
465.8
314.9
315.4
364.3
490.1
367.7
474.6
331.9
334.0
333.6
457.4
315.2
329.5
476.2
315.4
322.7
328.4
334.5
500.7
334.1
312.5
321.5
321.5
461.7
475.4
378.9
340.0
371.8
477.4
334.5
403.0
383.4
485.3
329.8
330.9
312.7
461.8
330.8
318.2
457.3
415.6
374.7
482.8
326.8
468.9
328.7
499.0
315.9
330.5
335.8
464.3
369.5
361.8
429.2
487.1
316.8
312.9
472.9
327.7
322.9
357.6
464.1
356.5
376.2
331.7
496.1
328.5
379.5
513.3
326.6
313.8
334.9
482.8
318.2
372.8
390.5
501.4
326.9
313.1
479.7
419.3
362.6
481.1
460.7
324.7
315.5
313.1
482.9
328.5
311.6
477.1
364.5
364.8
410.4
456.3
338.2
362.8
353.2
327.7
458.6
312.4
314.7
475.6
379.1
382.2
359.9
484.5
364.2
355.2
347.1
479.7
318.0
313.4
477.6
332.9
317.1
487.2
313.8
334.2
318.2
317.2
470.5
324.4
398.9
481.5
327.8
411.8
478.5
319.8
460.1
504.6
376.3
604.6
577.1
476.7
