859.7
471.8
597.6
464.9
702.1
714.6
680.0
665.6
859.2
880.2
955.9
856.5
914.8
1059.3
845.3
1031.8
921.6
1079.4
903.9
454.6
306.4
302.4
305.9
303.4
376.5
449.1
495.1
538.0
847.7
428.4
302.8
352.9
302.3
303.7
845.8
403.9
422.0
848.7
692.0
569.0
665.0
557.0
300.9
847.3
339.4
304.8
391.9
348.9
305.1
301.9
858.7
301.4
303.8
301.3
301.9
304.2
302.5
847.1
301.8
303.4
515.0
549.0
496.8
613.5
466.4
848.1
371.9
325.4
357.0
845.3
301.3
305.4
305.6
303.3
848.6
302.5
301.8
300.4
303.7
300.4
845.7
301.3
302.3
301.9
303.0
849.3
403.8
496.4
638.0
403.7
632.1
847.2
302.3
313.7
304.0
303.3
437.0
454.5
509.9
476.4
886.3
369.1
435.2
330.3
404.9
1039.0
477.5
834.4
849.6
875.1
880.1
909.2
813.5
808.1
858.8
519.1
555.4
581.6
681.0
743.8
387.9
581.0
590.0
848.3
304.5
304.7
335.2
846.7
543.1
496.8
617.6
446.5
361.7
302.1
846.7
303.4
302.8
300.8
306.9
419.2
409.1
847.2
309.6
326.8
318.4
343.2
313.4
848.1
340.5
305.8
399.4
332.7
362.3
845.6
301.9
304.3
302.4
850.3
301.1
381.3
466.5
377.4
305.5
301.8
847.3
304.8
395.3
384.9
846.7
303.9
303.0
346.2
305.3
360.4
319.8
335.5
324.6
847.9
303.2
302.4
303.8
365.4
360.9
846.8
314.3
327.3
394.2
465.5
601.0
567.5
381.6
858.2
861.2
354.9
382.8
429.4
331.8
310.8
301.4
475.5
855.1
474.3
469.3
469.5
862.5
573.5
474.3
479.3
625.7
516.6
470.6
620.5
848.5
630.0
562.4
579.3
372.9
342.7
870.7
634.6
627.2
668.1
904.6
847.1
515.7
828.1
607.6
325.9
301.3
849.2
326.4
432.7
464.0
362.5
337.9
847.3
493.9
629.1
552.2
654.9
355.6
454.0
340.5
582.4
849.1
505.6
301.3
301.4
857.2
303.8
414.9
406.7
307.5
302.1
849.1
325.0
303.6
317.9
410.7
303.6
846.8
409.8
306.1
302.3
353.9
452.2
448.1
848.8
560.5
433.2
304.4
304.4
850.8
376.2
467.4
468.4
358.8
303.0
328.8
856.5
375.9
361.2
845.2
705.4
679.9
717.7
823.9
829.6
849.1
752.8
866.2
645.2
541.6
858.4
541.4
425.9
846.0
347.0
541.5
503.7
510.4
480.3
357.9
847.4
303.1
303.5
306.0
302.3
303.9
303.9
848.7
423.4
348.9
371.4
845.7
302.8
339.3
334.8
364.9
537.0
848.5
487.4
725.0
733.6
592.1
461.9
401.9
845.6
355.7
450.0
376.5
374.2
382.9
849.7
316.8
432.9
386.8
314.5
332.2
857.3
300.2
302.4
847.8
528.5
679.5
724.7
680.6
676.5
384.8
845.6
480.4
511.4
416.8
412.4
303.4
303.3
848.3
338.3
315.8
422.0
350.3
344.4
847.7
302.3
302.2
363.9
304.3
360.4
845.6
301.8
303.9
304.9
394.9
360.5
398.9
353.4
848.6
302.6
302.8
307.0
305.8
856.6
309.1
303.8
301.8
305.0
848.1
302.2
329.8
303.7
501.9
847.7
549.6
560.4
665.9
704.2
485.8
872.6
304.8
301.4
302.9
303.5
301.8
849.0
454.5
469.2
684.7
698.7
372.4
502.3
848.1
305.3
305.1
302.9
305.3
303.3
846.2
304.2
303.1
303.3
509.2
552.0
849.6
666.0
801.5
841.7
627.6
518.4
607.5
854.9
300.8
304.1
307.2
845.7
302.9
302.3
323.3
304.8
367.1
382.0
313.4
443.9
847.2
340.8
337.9
585.8
543.8
848.2
568.1
547.1
359.5
301.3
848.2
323.4
342.0
358.3
301.8
848.2
301.3
301.4
303.1
302.4
338.3
320.9
848.2
384.4
611.6
672.5
524.7
846.6
550.1
667.4
413.2
592.5
410.8
390.4
313.3
847.4
302.4
302.4
302.9
304.0
845.1
376.9
403.9
489.1
847.5
303.9
302.3
357.9
347.0
314.9
304.1
304.5
302.8
848.5
361.5
469.7
534.4
490.8
586.4
850.5
328.3
360.0
327.8
868.2
303.6
320.9
302.3
303.9
850.2
303.0
434.9
434.3
342.3
336.8
846.3
428.8
422.1
514.5
556.9
367.8
320.3
314.3
847.4
303.3
303.3
302.2
301.5
306.3
850.7
302.2
396.5
328.7
426.9
350.4
367.6
855.7
401.3
363.4
393.0
875.4
304.5
304.8
304.3
302.4
510.9
591.5
849.3
779.3
775.6
727.5
505.1
418.3
856.9
305.9
380.4
390.3
309.8
305.3
848.2
469.4
402.7
493.9
428.4
846.2
302.2
305.3
303.3
301.9
331.7
430.2
406.6
313.7
849.5
301.4
847.5
304.8
344.7
354.5
312.4
419.9
542.9
454.4
446.7
301.0
848.9
301.5
847.1
432.4
413.9
437.2
404.4
300.3
301.7
847.9
330.4
321.8
301.3
304.9
583.4
658.5
659.3
694.7
668.0
847.7
321.4
301.9
301.4
857.6
301.5
302.7
301.5
302.2
847.7
417.5
394.0
409.4
386.9
320.4
324.5
847.5
301.2
398.6
393.3
320.4
322.9
847.6
489.8
478.5
570.1
550.5
414.8
859.1
472.9
385.7
303.8
865.9
457.0
478.9
444.3
471.7
362.0
858.6
391.1
502.3
370.4
303.4
465.5
637.6
848.3
642.5
580.3
818.7
563.2
858.2
659.1
609.6
773.1
743.6
579.5
739.6
846.6
430.7
303.4
301.2
301.4
303.3
392.4
849.6
581.9
593.0
458.6
458.0
333.3
846.6
318.8
301.7
303.4
415.9
423.9
849.6
300.6
302.3
302.8
305.2
846.2
303.8
303.1
301.3
848.5
312.1
303.9
304.2
303.3
315.8
363.1
520.9
517.5
847.3
494.2
440.8
397.4
325.8
301.9
847.6
300.6
328.9
360.3
340.8
434.9
376.4
845.3
302.1
301.9
354.0
350.1
849.4
301.3
301.9
673.6
848.0
715.7
700.7
1047.1
858.0
958.3
1083.0
957.8
849.7
663.8
407.5
333.6
403.2
846.7
362.4
302.4
304.3
301.8
859.4
303.4
313.0
397.7
382.1
303.4
848.1
400.2
501.2
666.0
652.8
702.5
723.1
626.6
847.1
460.5
420.3
301.9
370.4
396.3
848.1
502.1
526.6
446.4
742.5
857.5
419.7
659.5
636.2
301.4
847.8
301.8
302.4
374.4
368.0
349.9
352.1
526.3
459.8
847.7
301.3
302.8
305.0
848.2
302.8
301.8
300.8
317.8
306.7
305.8
858.3
302.4
303.4
302.1
382.2
847.7
465.9
461.2
441.0
858.5
301.9
303.2
329.8
326.7
302.8
466.3
410.9
474.6
848.1
481.7
430.8
315.9
304.3
849.1
310.3
303.1
303.9
339.8
359.0
327.0
350.7
849.0
301.6
303.2
303.9
848.1
303.8
303.3
301.4
451.0
849.7
457.5
411.8
468.7
302.3
303.7
306.6
847.9
490.1
450.7
443.4
399.9
303.7
847.6
321.1
386.0
362.3
303.9
331.0
848.7
354.8
385.7
436.4
847.1
411.3
522.4
619.6
505.4
338.3
564.9
849.1
673.7
733.9
759.5
792.7
577.6
721.4
883.2
395.8
489.4
501.9
846.3
301.8
398.8
341.6
395.7
389.8
302.6
301.8
846.1
303.4
304.4
301.8
305.8
304.9
848.6
302.6
306.4
316.8
308.8
850.3
307.1
396.1
399.5
302.2
307.0
302.8
434.1
847.6
365.1
355.4
302.6
306.3
315.5
847.0
341.8
422.0
468.3
304.9
333.4
859.2
335.5
316.9
307.2
849.6
305.7
379.9
475.0
387.4
848.7
303.0
317.4
422.3
404.8
301.5
328.1
444.3
364.3
439.9
848.2
304.9
303.0
425.3
413.9
847.5
303.5
306.3
301.6
850.3
865.9
881.6
1535.4
1537.5
1276.4
1541.8
1560.9
1582.8
1634.2
1640.7
1661.8
1449.6
1714.2
328.4
962.1
641.0
364.8
369.9
848.6
488.5
557.9
531.4
473.0
405.9
479.9
583.1
849.7
343.9
346.4
516.4
451.9
856.5
317.3
316.4
438.4
416.9
429.9
849.6
300.9
303.3
850.8
301.3
304.9
350.9
350.9
305.3
331.9
328.8
347.1
848.4
306.3
384.9
368.9
302.3
849.6
431.5
554.5
518.5
684.0
680.1
566.4
845.2
