313.4
385.8
584.0
674.2
566.4
686.3
643.2
639.2
859.3
1104.8
1107.0
856.0
1033.8
1118.3
1033.3
1046.1
1090.6
1061.7
1067.1
557.9
302.9
305.3
310.5
847.7
476.6
610.5
463.3
603.1
495.7
846.9
405.3
488.4
520.3
314.4
314.4
472.2
850.5
633.2
622.2
513.7
666.6
856.6
302.4
306.4
339.3
301.9
386.7
348.5
302.8
302.3
846.7
304.9
302.2
301.3
301.8
300.9
304.2
846.6
301.9
302.9
564.7
484.5
533.8
523.5
442.0
848.7
303.8
305.9
303.6
306.3
846.6
300.9
300.8
302.2
301.8
300.8
847.6
339.9
422.8
449.4
337.6
303.3
304.0
302.8
846.7
304.0
301.6
450.9
547.7
481.3
416.3
849.9
305.7
302.4
301.2
306.1
485.5
402.6
511.0
467.9
849.0
302.2
303.0
313.9
302.9
304.4
845.6
303.6
301.8
384.0
304.3
398.9
301.9
864.0
430.8
303.4
516.9
532.4
513.8
846.2
509.7
501.6
611.1
516.6
302.4
305.3
323.9
846.0
483.6
518.0
473.8
338.9
315.3
848.5
303.4
302.0
303.0
305.2
361.4
344.5
396.9
847.8
317.0
332.6
338.7
314.3
323.5
847.3
338.2
359.3
314.6
381.0
339.1
846.8
384.0
486.0
500.2
359.6
301.4
303.6
308.1
303.5
304.3
848.2
301.9
301.7
305.3
303.3
845.2
303.4
301.2
300.8
302.3
423.5
372.8
414.8
352.9
857.4
302.5
303.9
315.9
354.8
366.9
848.1
318.0
326.7
303.3
655.0
564.6
588.8
848.5
477.4
463.3
302.8
304.3
303.3
303.7
845.2
302.8
303.8
452.4
447.8
489.9
482.3
846.7
303.3
507.9
453.8
404.2
845.8
502.5
512.0
458.5
677.7
730.1
553.5
848.6
535.0
587.5
771.7
851.2
848.0
686.4
857.7
980.9
635.1
648.5
386.9
302.8
846.2
377.7
519.8
645.5
504.4
511.4
592.4
520.0
537.8
509.0
847.7
452.4
538.4
539.0
468.4
509.5
503.0
847.1
358.9
302.5
302.9
305.3
303.9
403.3
847.7
395.9
301.8
305.2
302.7
846.7
357.5
326.1
381.1
302.9
303.8
462.9
476.6
464.4
846.0
562.4
436.0
316.9
301.4
856.2
429.1
601.8
623.1
507.6
482.7
316.0
351.4
480.0
427.9
845.7
585.1
639.0
756.6
848.5
860.4
821.6
509.6
750.3
537.8
532.0
847.2
619.4
582.9
400.9
379.6
447.9
469.4
388.3
584.6
849.8
410.5
304.3
302.5
304.9
304.5
303.0
303.4
848.9
304.3
376.3
371.9
845.7
303.8
342.7
399.5
390.6
459.2
609.5
846.3
724.3
538.9
708.0
627.4
550.5
857.7
405.9
512.1
619.0
711.4
719.1
652.6
614.2
541.0
726.9
845.7
565.1
511.4
324.4
303.3
848.2
584.0
700.4
627.1
715.5
624.5
405.8
417.0
848.1
448.7
422.3
405.7
301.3
301.3
361.5
846.6
380.4
395.0
537.5
543.1
311.6
847.9
302.5
383.9
488.9
494.5
435.9
846.7
302.7
305.8
462.3
558.5
415.0
520.6
301.6
308.8
319.6
846.7
305.3
302.6
301.3
302.3
311.3
848.0
302.9
304.9
334.2
303.1
525.5
419.4
848.6
712.8
714.6
647.0
585.0
300.7
303.3
859.3
301.8
303.3
302.5
303.9
304.5
389.8
472.0
639.8
414.7
848.6
480.5
301.8
304.4
381.2
375.4
845.7
303.8
305.9
322.0
304.8
848.0
497.0
800.4
800.2
847.1
894.0
761.2
838.7
654.1
643.4
302.3
303.4
303.9
847.8
303.0
301.7
355.9
374.3
407.4
304.0
401.9
393.9
848.6
362.3
554.5
568.4
646.7
705.2
741.6
894.9
541.6
479.9
323.4
320.4
302.0
316.9
848.7
301.2
301.3
302.3
306.9
847.2
303.3
301.4
307.4
426.5
500.4
594.0
631.5
536.0
846.7
538.1
502.4
515.2
430.2
391.0
359.7
848.1
301.8
303.9
302.8
305.2
302.3
847.9
303.2
305.6
301.2
303.1
848.1
323.2
325.8
308.8
450.4
411.8
304.7
429.5
846.2
558.5
754.1
783.4
827.7
816.0
401.2
513.6
325.8
847.9
303.2
318.3
302.8
302.7
848.1
362.6
367.6
430.5
346.0
333.4
846.7
303.3
418.4
567.0
650.5
466.8
527.4
374.9
845.8
301.7
302.2
301.5
302.0
303.3
301.4
848.1
497.0
466.3
520.5
591.5
539.4
411.4
401.9
529.4
516.8
847.5
301.8
305.5
847.7
302.7
382.4
800.8
791.6
866.3
706.6
900.7
848.3
485.0
604.0
352.5
390.6
418.4
322.6
848.5
402.6
302.8
461.9
483.9
543.2
855.6
302.8
303.0
357.0
301.1
445.4
430.4
314.3
315.3
846.7
303.3
307.8
307.2
302.6
861.9
863.9
911.9
927.5
1023.9
1047.7
1104.1
1019.3
1231.7
1140.8
701.7
588.5
544.6
542.3
322.3
316.4
857.0
321.3
303.4
319.8
302.2
589.3
655.9
681.5
713.4
684.1
846.9
367.2
303.7
301.4
858.1
301.8
301.5
302.1
303.6
848.4
418.9
489.6
482.6
664.1
560.0
435.8
308.3
856.7
456.9
612.8
451.3
625.2
448.6
431.0
644.2
511.5
695.2
847.1
457.4
515.6
304.7
302.9
849.2
396.3
484.5
439.5
473.4
309.4
857.8
452.0
432.9
345.5
301.8
384.9
304.3
697.6
517.5
694.4
847.8
504.4
586.5
427.4
757.9
845.9
691.1
765.8
645.5
574.5
302.9
302.6
849.3
370.3
538.7
531.1
551.3
539.1
799.7
848.4
676.6
761.1
459.6
441.6
373.9
375.6
848.4
469.4
456.8
309.2
303.9
303.4
301.3
845.6
304.2
301.8
301.7
301.3
304.0
849.0
301.7
304.5
303.1
303.6
303.3
325.2
308.9
334.6
846.1
428.2
425.5
395.0
301.6
847.3
424.0
470.5
489.5
469.5
442.9
363.4
376.4
856.1
379.9
482.4
429.0
302.2
848.4
563.5
1010.4
858.2
1112.6
984.3
1171.8
1086.8
970.2
869.4
1033.9
727.6
342.9
301.4
302.0
304.2
846.9
408.4
407.6
417.3
427.2
847.4
387.3
433.7
461.0
567.1
359.9
369.1
29.7
447.9
615.1
857.1
600.1
618.9
645.7
307.8
353.4
301.5
378.8
858.2
330.1
363.1
628.0
682.2
661.6
847.2
571.5
592.4
510.0
367.7
847.6
301.8
300.9
305.3
404.9
614.1
377.4
623.5
460.4
848.7
305.5
302.6
301.9
301.8
845.6
305.4
306.5
304.3
429.0
423.3
301.8
304.0
849.2
302.4
303.9
310.7
378.8
400.8
385.9
848.2
310.0
307.2
331.6
329.7
319.4
392.4
851.8
408.4
595.2
563.5
481.5
316.4
303.2
846.1
310.7
304.3
307.8
302.2
304.3
330.3
323.8
861.1
385.1
447.6
354.8
302.3
845.8
302.5
303.0
302.8
387.6
366.8
315.8
846.1
301.6
302.9
418.3
411.5
310.7
303.5
362.4
354.8
850.1
345.8
304.8
338.8
307.1
846.1
304.7
303.8
427.0
447.0
372.0
849.1
491.8
461.0
519.4
449.7
429.7
333.4
646.6
745.6
847.1
709.2
769.3
576.9
563.3
396.7
845.3
528.0
562.7
418.0
301.3
302.9
301.8
302.4
302.3
847.2
304.0
301.8
306.2
333.8
848.1
409.1
344.0
400.9
308.4
306.9
318.4
311.3
846.8
303.9
400.6
387.3
302.0
319.3
305.1
418.1
849.2
304.1
411.9
310.4
304.2
303.4
847.5
375.3
483.0
556.6
560.3
441.0
334.0
351.8
847.6
301.4
302.9
309.3
380.9
448.4
368.9
848.7
304.1
303.9
306.4
848.3
302.4
385.0
661.3
674.8
530.4
561.8
301.8
847.3
304.3
422.3
418.5
303.4
307.3
301.9
848.2
414.9
521.1
435.9
568.9
417.9
473.4
848.2
540.1
537.5
589.7
479.9
364.8
859.7
301.9
301.4
306.5
306.8
303.8
335.7
313.4
419.3
430.3
848.7
584.2
426.4
452.6
450.0
845.3
480.4
468.8
457.9
608.5
316.9
447.1
377.3
419.4
472.5
848.6
300.8
303.4
849.3
303.5
315.4
360.1
337.4
303.6
303.0
303.7
301.3
846.2
312.8
474.9
397.9
474.8
483.6
847.5
623.0
691.6
704.6
626.7
763.0
858.2
