314.2
474.4
553.2
533.5
752.4
616.1
665.1
755.2
858.2
830.4
791.2
1138.1
859.3
995.3
1073.0
1159.8
1075.9
1065.6
1155.4
580.6
460.1
339.5
300.8
845.6
552.3
633.6
688.3
690.7
849.5
359.4
657.8
548.6
301.5
384.7
848.1
321.2
364.9
625.1
416.4
596.7
588.1
849.0
312.9
308.1
302.0
315.2
303.3
848.9
301.6
302.3
303.2
304.4
303.8
378.9
318.7
304.9
310.1
860.6
302.6
304.9
305.1
486.9
547.9
549.5
386.3
847.7
304.9
320.0
335.9
358.1
301.5
305.2
849.6
302.8
301.3
304.0
302.7
303.5
304.2
302.5
849.3
301.3
301.3
313.6
303.7
302.3
376.0
601.0
569.3
576.5
488.8
862.1
303.6
305.9
321.2
362.4
850.5
459.5
521.2
618.0
571.5
337.8
304.9
321.3
300.3
845.6
307.2
301.9
301.4
302.0
304.3
307.2
300.4
847.2
301.2
392.4
486.2
483.0
411.4
306.8
436.9
849.6
511.6
443.6
302.8
303.3
374.1
472.1
847.8
718.4
690.6
525.4
457.3
490.0
848.4
305.2
303.6
303.9
404.9
638.2
517.5
413.0
410.0
301.8
382.6
848.8
310.2
459.5
344.9
381.4
318.2
345.1
350.3
898.0
362.7
499.1
554.0
391.3
848.4
445.6
396.6
401.9
309.6
301.2
301.0
301.8
303.8
302.0
846.0
302.6
302.6
350.3
308.9
362.4
382.9
302.8
357.2
848.2
302.3
303.2
301.8
314.9
302.8
301.8
858.6
372.2
564.4
636.2
632.9
648.8
480.4
472.4
846.9
382.9
384.9
371.8
374.4
301.8
301.6
846.7
448.5
540.5
543.5
614.1
562.5
357.8
427.8
332.3
482.5
851.0
425.5
486.1
622.1
604.3
626.9
492.5
846.7
468.4
634.5
556.5
755.5
870.4
848.1
746.6
868.1
620.6
667.5
374.9
303.3
303.6
307.8
398.4
395.3
372.3
848.6
504.0
475.6
468.6
470.9
856.6
429.2
454.4
680.1
723.7
500.7
549.6
320.8
846.9
303.6
365.6
386.6
418.2
303.9
306.4
847.1
328.5
307.0
319.8
305.5
404.1
304.8
403.1
300.7
857.6
356.9
352.4
427.2
560.4
602.5
418.0
301.8
303.1
846.0
460.9
552.0
682.7
622.6
556.7
454.9
528.3
475.3
848.0
476.8
457.4
759.7
847.2
869.2
907.6
839.2
702.4
805.6
619.7
751.6
600.4
592.0
385.0
846.6
550.1
648.4
693.0
721.3
579.7
428.6
849.2
301.8
401.2
405.7
500.2
487.2
307.5
846.2
447.7
454.5
443.5
449.0
304.8
342.3
331.3
306.4
575.5
579.0
847.3
738.2
572.0
591.6
753.2
424.5
858.2
566.6
564.4
630.2
683.7
526.5
644.5
569.8
757.2
846.1
647.9
466.5
532.0
368.1
301.0
304.7
848.5
442.6
443.4
846.9
922.0
1041.2
1162.9
1584.4
1518.6
1677.8
1686.1
848.7
1730.4
1949.1
962.8
1089.0
1704.8
1428.6
1284.8
1044.9
730.4
434.5
365.6
310.9
362.9
846.2
303.0
302.8
302.6
336.3
384.0
370.9
320.4
306.0
847.8
322.3
312.9
303.0
305.5
300.9
301.3
847.1
305.5
303.7
304.4
331.9
319.9
424.5
419.3
848.6
724.2
747.6
626.5
580.5
821.6
330.8
302.9
846.1
302.4
307.7
302.0
346.8
375.8
477.0
481.9
435.3
850.1
437.7
301.9
303.0
305.5
303.2
302.9
846.6
305.6
311.4
315.8
303.4
359.9
682.9
845.6
786.1
664.1
842.7
701.2
659.1
632.8
357.4
303.1
360.9
858.7
301.7
301.8
323.3
305.3
369.4
379.4
365.2
848.1
395.6
452.0
608.7
632.1
496.3
688.2
845.4
775.7
684.6
514.8
372.2
303.3
302.4
302.8
847.8
300.3
304.2
302.9
302.5
302.3
319.5
338.4
847.6
520.7
465.4
739.8
709.1
753.5
669.6
850.1
572.3
669.4
538.8
639.6
593.6
399.6
302.9
307.0
846.0
319.8
339.3
331.6
302.8
305.2
848.1
307.5
302.4
302.6
361.2
417.4
349.0
395.3
303.9
408.0
850.1
631.5
696.8
757.8
727.2
755.8
434.0
484.0
335.4
848.0
306.7
325.3
302.3
303.5
847.7
393.8
351.9
439.2
416.4
454.9
372.6
363.2
320.8
398.3
387.8
846.5
484.6
368.7
370.6
301.3
301.8
858.2
303.3
302.3
307.3
301.8
384.2
326.8
415.5
354.3
303.2
849.2
550.7
450.7
517.5
489.9
302.8
305.6
847.5
302.7
302.6
743.2
748.4
780.6
649.9
846.9
846.5
521.9
512.1
396.5
448.7
414.1
355.2
388.6
857.5
508.2
570.5
582.5
640.5
576.2
302.5
304.1
848.7
401.0
464.5
440.4
533.0
470.4
847.6
302.3
302.8
302.8
376.8
383.8
316.4
475.7
435.6
474.5
436.7
302.8
860.6
302.9
306.6
303.7
304.7
302.8
846.3
400.5
327.8
362.4
302.5
304.4
328.9
851.1
648.0
776.0
888.5
844.9
819.1
885.3
329.1
456.9
302.6
848.3
301.8
304.4
304.4
304.7
846.7
452.0
555.5
675.1
629.5
588.2
492.9
449.5
848.7
484.3
586.9
553.0
519.0
421.7
356.4
547.9
645.4
548.9
446.4
436.2
847.2
402.6
328.3
421.2
457.2
482.0
514.4
477.4
848.4
341.0
412.6
369.9
847.7
302.8
430.4
600.1
611.0
710.0
805.8
662.6
650.3
847.0
856.3
937.1
805.5
1044.2
923.3
470.5
849.7
851.2
326.2
302.4
382.4
528.9
549.8
596.3
597.0
814.4
847.4
629.9
690.6
386.4
506.4
302.3
329.4
389.4
426.0
846.7
308.1
306.3
304.4
302.9
303.3
301.8
846.2
301.4
303.1
304.3
363.7
301.8
304.5
846.8
399.4
304.2
528.5
617.7
473.9
487.3
441.5
356.3
302.3
846.7
303.0
392.3
420.2
449.8
381.7
327.9
848.2
302.9
389.7
382.9
441.0
391.8
302.3
846.5
551.4
813.9
921.8
821.3
1081.5
849.5
784.7
997.8
1064.4
928.1
706.3
354.9
302.8
301.3
303.4
848.3
304.7
303.7
303.3
303.2
303.2
346.2
304.4
346.3
308.8
846.8
423.6
478.8
607.5
795.1
773.1
614.5
815.2
848.7
512.1
596.4
544.2
376.9
393.4
845.7
617.5
826.7
671.1
830.8
809.2
625.5
576.4
852.3
386.8
427.4
302.6
302.4
306.5
355.9
493.3
357.5
565.6
468.6
851.2
303.0
306.4
302.1
303.1
847.5
305.6
305.8
354.5
433.4
409.7
366.6
302.4
847.2
302.8
305.3
379.0
442.9
469.4
427.8
846.9
301.8
315.8
320.8
331.8
306.2
304.5
320.5
304.9
337.2
338.5
860.7
301.2
302.6
305.2
316.9
300.8
366.2
847.5
304.1
388.1
366.3
374.1
305.3
302.3
303.8
846.8
306.1
301.8
302.3
303.0
382.3
304.2
379.8
845.6
301.3
383.2
458.4
371.3
325.8
305.3
376.6
363.9
332.8
847.0
390.1
432.8
353.8
302.5
305.2
848.2
302.5
521.2
492.5
336.5
358.3
325.8
327.0
301.5
303.0
852.5
420.6
555.4
670.4
737.4
576.0
846.4
635.0
610.4
449.5
466.9
520.5
847.5
302.1
303.5
399.8
436.4
374.9
320.0
303.1
303.0
303.8
859.6
350.7
404.7
401.4
341.9
301.2
334.8
382.7
349.8
846.8
374.5
317.7
382.1
304.6
303.7
302.2
427.0
847.1
309.9
407.7
303.0
304.2
303.8
848.8
493.4
489.9
656.4
663.5
441.9
475.2
366.5
326.3
847.1
301.9
303.9
378.1
349.8
415.0
849.0
302.8
304.3
416.4
410.8
309.4
344.9
362.5
404.1
389.2
861.1
302.9
304.2
333.3
408.8
435.4
302.9
302.9
309.9
849.5
393.4
475.2
407.3
544.7
372.7
848.0
516.4
513.1
565.4
620.3
468.0
364.8
846.8
302.3
301.8
301.3
304.3
358.0
304.1
349.2
301.3
847.2
491.4
507.0
443.0
611.9
530.9
360.4
354.2
477.0
435.9
848.2
304.5
560.8
301.3
604.4
529.9
305.5
847.3
421.9
414.1
302.9
302.4
304.4
303.2
845.7
448.4
374.9
445.8
370.4
316.9
369.3
375.9
302.7
860.8
467.3
628.7
690.6
694.1
628.5
551.6
845.6
