313.3
387.2
505.5
675.1
740.9
676.7
724.4
702.1
858.9
1028.1
1116.4
846.0
858.0
1190.6
943.8
1139.9
1210.0
1262.1
1121.3
639.1
436.4
426.2
315.4
344.3
344.6
433.3
538.6
533.5
846.7
531.4
346.9
444.5
496.1
327.8
437.4
462.0
846.7
672.0
711.8
713.3
653.1
643.4
301.2
849.1
302.1
319.9
401.8
380.5
304.8
309.1
304.5
301.4
859.9
301.2
307.6
302.7
702.6
849.4
1024.3
1027.8
1155.5
1354.7
1363.0
1463.1
1519.3
667.9
1455.9
950.2
1099.4
806.2
301.5
301.9
848.2
300.8
301.9
305.4
304.0
303.5
302.9
300.4
850.6
300.9
301.3
304.6
306.6
303.5
311.4
417.5
544.9
453.1
444.4
857.8
303.2
301.8
302.8
302.3
474.9
470.1
493.4
486.9
848.4
352.8
374.8
451.8
377.6
382.2
303.3
845.7
302.2
331.0
519.1
568.5
403.4
492.8
348.4
383.6
402.4
407.2
508.9
849.1
446.4
501.4
552.4
471.4
303.1
302.6
846.4
520.3
496.4
580.5
603.9
502.0
368.2
301.3
848.1
302.7
303.7
302.7
470.9
444.5
462.7
438.0
333.5
303.5
336.5
847.1
306.3
383.3
371.7
317.4
395.7
302.8
378.9
851.1
344.9
464.3
474.4
384.2
302.1
302.5
302.4
300.8
303.3
849.1
301.3
373.2
384.9
427.4
322.4
302.2
847.7
343.8
303.0
492.8
607.6
563.4
466.9
439.4
302.3
301.3
858.4
319.1
364.5
353.8
312.5
324.4
373.3
607.6
595.9
611.7
846.7
430.5
516.7
321.0
335.1
343.4
301.3
849.0
300.9
305.2
369.4
533.6
532.5
590.9
561.7
402.4
488.9
476.0
394.9
847.0
412.3
516.9
624.7
652.7
532.0
499.5
847.1
619.9
602.2
734.2
822.7
925.8
937.5
845.9
773.8
719.7
735.3
311.4
303.4
301.9
304.3
326.2
328.3
305.8
848.7
361.4
677.6
635.4
582.5
685.0
405.2
590.8
676.4
848.1
561.9
492.3
639.8
403.6
329.9
847.9
909.8
893.7
972.8
1101.2
1139.5
1143.4
844.1
901.1
597.9
316.0
322.9
306.3
847.9
304.7
373.3
306.1
426.4
408.4
336.9
304.3
847.7
304.8
303.7
425.8
580.6
424.0
588.6
395.0
428.3
848.2
520.3
427.3
444.6
739.6
676.7
746.9
752.2
846.3
832.2
750.0
601.5
827.8
661.6
536.6
627.5
408.8
847.6
384.8
608.8
817.2
756.2
559.7
740.1
549.1
406.6
848.7
474.0
502.3
525.3
310.3
418.7
304.4
379.3
375.9
846.2
302.9
341.1
333.3
397.6
579.5
692.4
678.0
847.4
634.6
807.1
773.2
634.1
526.9
302.7
429.9
406.9
317.9
420.6
846.4
524.5
688.1
670.1
623.5
409.9
503.2
302.4
860.7
303.9
517.0
775.2
693.4
797.1
716.3
605.1
474.0
496.0
849.4
387.9
441.1
305.4
303.3
301.9
317.9
303.0
394.8
502.5
383.4
847.2
302.2
406.3
302.3
334.8
334.1
302.9
846.0
303.4
304.8
441.7
488.4
494.4
448.4
326.0
307.2
846.7
330.8
301.2
304.2
302.9
303.2
302.3
301.4
303.8
846.2
360.0
570.7
632.6
543.2
667.6
574.0
746.2
583.0
847.6
545.8
312.4
312.3
303.3
302.9
300.4
847.7
551.5
632.1
692.1
792.4
478.3
634.7
718.5
302.9
374.1
349.8
413.6
846.7
306.3
303.7
303.7
307.3
303.9
387.7
719.1
846.9
769.1
658.0
939.7
639.7
888.1
680.0
316.1
383.4
363.9
849.5
301.3
302.8
473.4
403.5
401.7
357.3
354.8
379.8
848.2
479.9
556.3
563.4
720.4
633.9
692.9
589.2
845.5
478.3
331.8
402.3
304.6
407.4
307.7
301.1
847.9
305.8
301.3
371.0
302.9
301.9
313.4
408.1
519.0
571.9
547.6
848.2
501.5
591.0
486.9
619.8
362.3
512.5
312.0
858.6
302.0
306.7
304.8
304.9
340.4
332.4
301.9
301.8
847.0
302.9
306.6
371.1
342.8
335.2
306.8
306.8
305.3
851.6
442.4
580.0
675.8
663.4
797.5
699.5
477.1
438.7
324.9
857.7
302.8
320.2
302.3
303.3
302.1
305.4
306.2
320.6
393.6
848.8
402.2
374.5
330.0
493.6
303.2
418.9
847.9
356.4
344.9
303.5
300.8
301.5
301.1
301.9
305.7
847.2
540.5
403.1
539.5
699.3
684.6
451.0
406.0
487.8
462.0
848.3
302.3
304.3
302.6
300.9
345.4
583.6
694.2
847.7
807.7
751.2
787.1
520.1
509.0
301.6
370.4
428.9
355.8
848.6
323.1
520.1
378.4
527.9
515.0
846.7
302.3
303.4
333.9
386.1
583.5
555.9
502.4
493.5
847.9
302.3
304.1
303.5
403.9
347.8
344.8
481.4
421.4
472.0
412.5
301.7
846.1
302.7
303.3
397.3
371.2
359.5
351.8
324.9
847.8
365.2
330.3
304.2
320.8
301.3
534.9
618.1
644.1
754.3
762.0
845.7
366.5
450.7
383.3
302.3
859.0
304.5
306.5
307.4
302.2
401.6
412.9
454.9
565.7
337.6
309.3
303.3
848.0
452.5
546.5
667.5
557.0
373.4
566.4
628.1
614.2
615.2
846.7
481.6
497.4
302.9
304.4
431.0
848.8
572.4
513.0
653.8
650.4
436.6
470.2
454.1
847.4
304.8
419.9
662.9
685.1
773.0
648.5
806.5
725.0
847.2
709.7
880.5
958.8
907.1
1207.5
766.7
942.2
586.0
302.5
314.2
846.0
581.7
678.1
722.1
821.3
815.7
779.7
671.2
847.7
407.0
493.1
302.9
317.2
329.9
453.4
496.5
303.4
306.0
301.4
850.0
301.3
301.8
300.9
301.3
303.2
302.5
850.6
302.8
304.0
303.8
374.1
410.9
456.5
454.4
448.6
379.0
428.4
364.4
859.7
301.3
302.4
304.1
321.8
340.9
352.5
348.4
846.4
301.9
383.5
447.1
354.1
555.2
301.2
846.7
632.8
925.6
1039.6
1034.7
849.9
1078.7
1019.4
976.3
891.9
1169.3
721.8
348.6
301.5
323.0
306.8
318.3
302.3
303.5
303.6
845.7
303.3
375.9
437.8
424.9
387.9
440.9
847.8
510.3
804.5
827.6
817.8
839.5
866.7
857.2
523.5
566.6
858.7
495.1
638.0
637.9
663.1
597.0
801.2
878.9
848.3
643.0
720.0
607.3
300.8
301.8
303.9
303.9
436.1
517.4
544.5
849.5
673.4
519.8
550.5
330.9
300.8
303.4
303.7
847.6
310.6
301.6
388.4
446.8
419.5
353.4
301.3
848.8
303.6
307.3
424.3
593.6
419.1
541.5
644.2
338.0
309.8
342.8
846.1
304.9
307.2
357.9
401.2
398.9
352.9
849.0
301.8
316.8
301.8
311.0
302.9
303.3
302.4
303.8
331.7
321.7
856.9
346.9
426.8
377.4
302.8
302.8
301.9
307.2
850.7
432.1
491.1
473.9
409.9
302.3
301.4
302.3
848.1
447.5
512.5
599.1
505.5
535.5
375.3
302.4
302.0
857.8
302.2
307.4
300.3
339.8
510.7
486.3
338.6
307.7
383.9
375.9
300.8
848.2
303.6
376.3
562.6
666.6
734.0
847.2
606.6
690.6
561.5
523.5
641.8
636.0
487.0
379.9
398.0
378.5
849.9
405.6
306.8
300.3
303.2
302.4
357.7
848.6
403.9
344.9
397.9
304.4
323.3
384.9
405.9
357.3
349.8
846.0
351.5
300.3
311.4
385.4
387.7
300.8
301.5
847.2
366.4
373.9
371.8
334.0
390.1
378.4
414.4
309.4
323.6
856.7
333.9
326.0
304.3
302.8
303.3
391.5
302.3
386.0
848.3
302.0
372.2
458.0
375.7
304.6
402.6
424.7
414.5
392.8
860.9
303.0
303.7
305.0
425.0
417.4
301.5
303.8
304.0
849.2
441.5
475.8
457.5
498.2
416.4
302.3
848.2
520.5
637.7
427.8
706.1
449.4
417.4
301.2
304.8
304.3
859.2
400.8
382.1
442.8
495.8
433.2
510.5
498.7
523.3
566.5
846.4
425.4
554.1
513.0
604.3
535.6
302.2
304.8
428.7
848.9
449.5
451.6
306.1
427.5
422.9
303.4
355.2
847.7
346.8
302.5
450.8
374.3
441.2
366.4
446.9
376.1
370.4
303.4
848.6
529.5
587.2
593.4
731.5
620.1
536.8
856.7
