311.2
386.3
306.9
385.0
302.8
343.2
301.9
342.1
313.5
302.1
300.6
403.4
365.8
605.7
644.3
797.3
541.7
534.6
651.5
302.8
301.1
301.6
301.9
299.2
319.9
443.6
466.6
370.8
376.6
300.8
391.9
317.9
458.9
301.8
302.0
305.6
300.0
379.7
301.9
388.4
302.6
304.4
311.3
302.8
302.1
301.9
301.3
300.7
301.4
301.0
309.4
299.7
300.8
301.4
301.3
312.6
303.2
301.0
304.1
311.9
352.8
478.1
494.7
466.1
343.4
300.4
300.7
302.7
304.9
302.6
300.8
302.9
302.8
299.5
300.8
301.5
302.5
395.4
352.4
424.9
299.4
301.4
302.0
306.7
301.8
309.7
313.9
300.1
334.8
337.1
301.2
311.9
302.8
299.5
301.9
299.2
309.4
307.2
392.5
386.3
371.8
301.3
301.2
301.6
303.8
299.8
299.8
300.0
305.9
325.9
303.5
336.9
300.0
302.2
299.3
357.6
301.7
344.3
301.2
301.9
404.1
309.2
402.1
302.0
302.7
361.1
356.0
299.9
302.1
309.6
301.5
303.0
302.3
509.8
301.1
301.6
301.3
301.8
318.7
301.2
314.4
306.0
304.5
312.8
301.0
314.5
301.0
300.8
300.0
302.1
305.3
302.1
301.0
311.9
400.1
304.0
405.8
374.3
300.7
301.2
301.7
302.3
301.7
311.1
301.4
301.3
312.5
301.1
301.0
306.4
301.3
302.2
304.1
361.2
301.8
303.7
301.5
302.3
301.0
302.7
307.0
301.4
303.1
301.4
300.1
302.5
304.4
393.0
398.9
353.2
356.7
304.2
303.5
311.0
300.7
307.1
300.9
300.5
301.7
305.1
302.6
356.7
322.6
391.0
369.0
309.4
302.7
306.2
301.8
302.5
299.1
438.6
412.2
351.0
299.5
300.1
300.2
300.9
300.2
409.9
429.4
429.1
331.5
351.7
348.8
307.1
302.6
300.5
300.8
301.2
302.2
306.7
303.4
306.0
305.2
300.1
313.8
460.0
419.8
383.1
305.9
452.5
445.4
331.5
387.2
303.0
375.6
305.6
300.6
318.7
319.5
330.2
303.3
301.9
300.5
301.2
303.5
302.4
299.7
301.1
304.7
312.9
299.4
311.3
300.6
303.7
308.1
308.6
302.9
299.7
300.2
302.2
301.8
301.6
420.6
417.5
300.1
300.4
300.0
309.5
301.5
303.1
301.9
581.8
598.5
724.7
684.9
744.8
599.9
352.3
300.3
302.2
307.8
314.0
393.0
366.8
300.5
405.1
491.6
522.4
373.0
311.0
300.3
301.3
301.1
299.4
319.3
327.6
331.7
300.5
311.8
303.2
302.4
301.6
311.8
302.4
315.0
300.3
300.6
300.9
305.8
300.4
300.5
300.2
302.5
301.4
300.9
302.2
338.4
403.3
342.8
398.5
301.3
302.6
360.0
474.1
410.4
303.0
302.1
301.3
300.2
300.7
299.9
395.4
479.3
568.3
491.6
323.2
301.0
300.0
305.1
302.2
301.6
301.2
302.3
299.9
300.8
299.9
302.7
305.9
305.1
299.3
311.5
300.1
300.0
301.1
313.0
301.8
311.5
302.0
301.1
305.4
303.5
302.6
299.9
300.2
300.5
300.6
300.1
300.0
303.9
308.3
301.6
300.2
304.8
300.0
299.7
300.1
383.2
467.6
387.3
307.9
403.6
449.7
511.2
365.8
299.4
300.2
304.8
304.5
316.2
300.7
325.4
310.4
435.0
478.6
434.5
341.1
303.3
309.7
299.8
300.8
302.4
317.0
304.2
314.9
301.2
299.6
299.9
309.3
301.2
302.3
299.0
301.8
346.7
336.5
304.9
300.9
301.7
312.6
300.1
300.4
303.6
302.1
300.2
300.5
298.5
300.9
303.8
300.5
299.9
311.3
303.8
345.5
303.5
350.4
318.9
363.2
379.0
402.2
300.3
299.7
299.7
300.8
301.2
302.4
299.7
300.0
312.3
301.1
300.7
300.5
300.9
301.0
306.4
308.3
314.6
470.3
424.4
330.8
300.6
312.3
303.5
301.0
300.1
302.9
298.7
300.6
301.1
324.2
301.7
304.3
300.8
311.3
302.4
317.1
301.4
301.8
309.5
311.6
312.6
299.7
306.9
302.7
300.7
303.2
300.6
304.3
495.2
511.2
419.3
388.1
332.2
426.6
404.7
299.7
306.1
301.1
300.5
300.8
301.0
350.8
313.2
348.8
301.7
301.0
299.7
300.7
311.5
304.0
301.9
303.5
301.4
301.1
302.9
301.5
300.3
309.2
300.5
299.9
299.5
300.0
312.2
421.6
392.8
350.9
299.2
300.9
306.5
336.9
338.0
300.9
304.9
301.5
299.9
301.0
299.9
385.4
630.8
663.8
512.8
435.5
412.9
302.5
300.9
344.2
343.7
307.9
301.0
300.8
301.8
301.6
332.2
452.4
497.4
365.5
304.3
301.0
305.0
304.0
300.1
301.3
309.8
300.0
300.1
300.8
302.4
303.9
302.9
303.0
303.2
400.1
302.2
456.7
407.2
318.2
306.9
301.4
300.9
300.2
300.9
305.2
307.0
299.8
303.3
311.8
301.6
301.4
306.5
300.3
383.7
472.0
629.0
642.1
645.3
545.6
310.8
301.4
300.2
300.0
299.8
301.6
303.6
300.6
299.0
311.7
330.8
314.5
320.6
313.2
300.1
299.8
300.4
435.7
313.2
441.1
299.8
300.1
401.6
383.4
463.2
520.5
363.3
305.0
303.0
314.2
302.0
322.7
307.4
330.1
324.6
346.4
363.0
323.3
303.5
306.1
300.8
299.8
303.6
303.6
468.0
456.0
348.9
298.9
301.1
311.8
300.6
309.5
300.5
304.0
311.7
300.0
300.6
300.5
316.0
300.5
359.4
364.8
427.8
389.4
483.8
431.3
332.3
299.4
304.5
300.5
301.4
300.1
300.5
303.7
372.1
361.1
305.1
300.1
300.0
300.5
300.1
300.7
299.9
300.3
300.2
318.0
300.9
299.7
300.1
301.6
300.4
301.0
315.2
298.6
303.6
303.5
301.2
313.1
301.2
300.0
300.4
375.7
372.6
298.9
300.9
302.6
304.5
300.2
303.7
301.3
303.5
299.2
300.0
407.1
300.0
383.7
377.9
542.2
301.7
509.7
479.5
390.7
428.0
303.2
299.9
301.6
300.7
301.2
305.9
303.4
302.1
302.7
301.5
311.6
302.3
301.3
301.3
300.9
300.5
302.0
300.7
302.1
300.7
301.6
403.3
430.2
513.0
304.4
300.4
302.0
307.5
301.3
302.7
303.8
438.1
429.2
498.2
419.4
362.3
300.9
304.3
301.6
302.8
300.4
301.5
301.2
302.7
320.6
315.1
304.5
310.1
301.2
301.0
299.9
302.0
300.6
304.9
311.6
300.2
301.2
301.9
305.0
300.9
301.4
302.4
315.4
301.3
312.2
300.3
322.0
331.9
301.8
320.6
300.3
302.6
306.2
301.3
300.5
302.0
301.8
307.1
303.4
305.2
300.4
301.9
315.5
302.5
301.4
301.9
312.8
300.5
301.2
306.5
301.5
300.7
301.1
303.4
303.9
303.4
300.0
300.8
309.9
359.6
584.3
589.2
590.8
591.3
314.6
331.9
312.8
331.3
341.7
302.5
339.5
301.4
306.9
301.4
302.5
302.0
304.6
307.0
300.3
299.0
303.9
357.2
349.0
301.4
334.0
307.7
351.3
328.2
300.2
299.8
304.2
378.4
439.5
482.8
480.4
301.7
318.8
304.7
308.0
442.5
435.0
301.3
301.1
300.2
300.8
302.7
301.3
300.2
301.0
301.4
307.0
305.4
332.6
318.0
302.1
302.0
301.0
340.0
305.7
332.1
300.2
301.0
302.4
302.3
300.6
303.9
308.4
313.8
300.2
304.4
315.5
305.4
301.7
338.2
301.3
370.2
368.4
363.5
409.7
302.2
305.7
301.8
306.4
300.2
306.3
302.6
299.8
307.9
306.8
299.5
301.2
305.7
332.5
338.9
305.7
336.9
428.5
455.5
299.1
301.4
299.8
302.3
346.6
330.6
376.0
301.6
303.1
303.3
315.5
302.6
303.4
301.5
304.8
300.9
302.2
301.0
301.9
367.3
350.6
301.3
300.8
301.3
299.8
320.6
300.8
300.9
302.7
318.8
305.7
314.4
301.7
314.4
319.8
342.1
300.9
429.6
306.0
319.1
331.4
300.4
300.1
301.5
304.2
300.0
346.5
336.6
332.4
324.7
326.6
315.9
301.7
308.4
302.7
300.0
300.4
300.4
304.8
312.4
303.1
303.4
302.6
302.1
301.1
302.1
303.1
303.2
525.7
426.5
552.4
394.7
302.1
