312.2
368.5
312.5
368.9
300.1
350.5
307.4
344.9
301.5
302.0
859.7
399.2
385.9
572.8
415.6
743.2
778.6
530.8
547.3
300.0
305.3
849.5
301.1
301.2
302.2
441.8
561.6
318.5
436.3
302.2
301.7
300.4
847.9
300.3
305.7
301.8
300.3
396.1
335.4
355.6
299.7
301.2
300.7
847.5
300.4
316.7
299.7
298.7
300.7
311.3
310.3
303.1
300.8
856.8
300.6
311.7
301.2
299.7
300.5
303.4
311.4
451.2
487.8
417.2
299.5
858.0
303.4
299.1
302.7
301.1
304.7
304.1
301.2
301.3
301.7
303.7
856.6
366.5
312.0
365.4
302.5
302.9
428.9
301.5
313.8
302.3
373.3
303.4
370.5
858.6
306.5
313.2
303.1
300.5
314.4
301.6
307.8
311.4
349.0
334.4
856.6
301.7
303.2
303.4
300.8
300.3
300.5
299.9
846.6
340.1
305.1
347.5
305.9
313.5
302.3
343.1
313.5
351.1
300.5
846.9
397.8
304.2
392.1
301.0
381.1
378.8
328.6
300.8
301.3
316.1
856.2
303.6
300.7
303.8
301.3
301.0
300.5
308.0
301.1
313.1
300.1
857.0
303.5
303.3
299.8
315.6
302.4
301.0
299.1
300.9
305.7
303.9
301.3
859.3
405.5
349.1
362.8
302.9
307.2
304.4
312.5
301.2
300.6
856.4
301.2
317.8
331.9
303.6
326.9
302.6
300.9
300.8
302.8
305.7
299.8
300.3
858.9
302.7
304.7
299.7
302.7
308.2
303.3
299.9
299.8
858.3
355.6
421.7
445.4
371.4
408.2
309.8
306.3
300.9
301.1
300.6
858.5
300.8
302.5
307.4
302.2
301.5
319.5
392.0
375.2
301.4
300.2
300.7
304.1
857.4
305.1
485.5
521.1
385.4
359.8
319.3
303.5
301.5
857.9
472.8
407.7
535.9
494.4
477.4
316.1
305.1
301.1
302.1
300.8
846.3
301.1
302.4
302.8
301.3
314.7
301.4
377.1
441.2
437.0
362.2
306.8
307.3
300.4
847.2
387.8
303.1
375.9
300.2
301.6
302.4
301.9
856.7
302.7
300.6
327.8
302.2
303.3
302.1
300.8
301.3
300.6
303.0
302.0
860.5
302.1
302.3
302.6
314.5
301.0
300.4
300.8
303.7
302.4
303.6
301.9
301.8
845.9
301.1
300.5
302.1
301.1
313.2
305.2
443.0
451.6
549.7
538.5
474.4
856.9
302.7
315.8
305.9
302.0
311.8
302.1
857.6
301.0
446.9
455.9
504.4
392.0
300.2
300.4
300.1
303.1
301.1
299.8
311.8
858.3
300.1
301.4
308.2
302.1
308.1
305.6
307.3
304.1
858.3
302.7
303.1
303.1
302.4
358.1
301.1
305.2
311.2
309.2
301.0
398.9
304.4
395.9
853.0
301.1
302.4
344.7
395.7
423.6
299.8
301.3
858.6
302.1
301.0
300.2
443.8
628.3
629.6
720.1
432.9
301.7
301.2
301.2
851.5
302.7
313.2
304.2
375.1
301.6
300.2
300.7
303.7
301.9
301.4
857.0
301.3
302.5
301.7
300.9
313.1
302.2
302.1
302.0
300.2
299.6
300.4
303.9
859.2
299.9
300.4
303.3
300.8
302.3
307.0
301.5
848.6
302.0
301.8
299.4
299.3
474.2
373.2
414.6
301.4
301.1
301.7
300.2
301.7
857.0
300.1
304.1
315.7
299.9
301.6
301.3
300.7
301.2
301.4
318.5
856.5
303.6
301.8
300.8
303.8
299.7
299.6
315.5
300.6
301.0
858.2
300.1
301.5
305.2
305.4
313.3
301.3
345.5
333.8
300.0
305.1
303.1
856.0
301.0
302.4
301.8
301.2
301.1
302.0
301.3
301.6
303.6
856.3
300.9
313.0
301.1
358.4
308.1
355.6
323.8
305.6
350.7
301.0
845.7
306.8
300.3
301.2
300.5
305.0
300.4
301.5
301.1
301.4
304.0
859.8
301.9
302.1
305.5
302.3
313.2
428.8
435.6
316.4
301.1
847.8
301.9
301.8
301.5
302.9
301.5
300.4
300.9
302.3
300.9
299.0
301.1
847.1
314.7
301.8
302.8
302.1
305.6
302.7
300.4
311.6
306.9
857.8
305.1
314.1
301.6
435.4
389.5
467.2
436.4
373.4
303.9
302.8
857.5
303.0
300.1
301.6
301.0
300.3
301.4
315.1
313.8
317.8
300.9
300.5
858.1
304.0
311.3
303.5
302.3
302.2
300.3
311.0
303.8
301.4
858.1
302.3
302.0
299.8
301.0
303.4
300.6
320.3
390.1
396.7
305.0
305.0
858.0
301.6
348.2
345.1
300.8
300.7
300.7
302.4
300.4
311.7
358.4
418.4
315.4
352.4
858.9
301.4
300.7
304.6
301.4
300.3
301.4
858.6
300.3
300.2
413.2
452.6
490.9
348.0
302.0
299.1
298.6
301.0
301.1
303.9
845.5
301.0
300.6
301.8
300.9
300.0
315.0
299.8
300.8
427.5
429.0
344.5
858.0
301.0
299.4
308.7
314.7
301.9
300.4
303.6
846.4
301.1
304.3
302.2
301.4
300.3
298.7
304.3
372.8
453.0
470.9
449.4
453.6
848.6
301.9
306.8
300.7
300.1
303.9
301.8
300.7
313.6
856.2
301.0
329.8
312.9
319.9
305.7
305.2
301.5
299.8
301.7
302.5
1672.5
2018.6
341.1
467.5
402.5
508.3
592.9
382.5
306.6
302.7
301.5
300.9
857.8
304.3
302.5
304.6
387.4
382.5
303.1
303.7
312.1
300.8
847.6
300.5
433.0
436.3
410.4
404.1
311.6
301.5
301.7
299.9
302.6
380.7
302.2
849.4
306.1
299.9
299.9
302.3
299.9
369.4
425.1
352.1
303.0
301.5
300.1
857.2
303.7
300.7
305.3
313.8
301.0
301.8
300.2
306.0
858.4
365.2
301.6
300.0
299.7
300.2
301.1
300.0
300.9
301.0
858.9
301.2
302.5
300.5
309.5
305.0
300.0
314.4
300.4
300.5
311.5
301.6
853.0
299.7
300.6
302.2
305.6
364.4
347.0
306.0
302.6
302.5
303.7
858.6
302.7
301.3
300.9
301.2
300.6
302.6
371.8
376.9
441.7
301.1
370.9
302.3
373.9
856.5
300.5
306.7
301.7
400.8
304.5
302.5
846.8
301.5
315.2
300.1
300.5
301.4
302.1
312.3
301.7
301.1
300.1
301.3
300.5
858.1
313.6
441.1
483.9
498.9
299.9
300.6
303.4
302.2
300.3
301.5
857.0
490.5
444.1
423.1
473.9
307.7
305.4
308.5
301.4
846.3
301.1
301.5
301.6
300.2
312.1
307.2
312.1
300.8
301.1
303.6
856.9
301.0
303.4
439.2
300.7
299.5
301.2
299.9
304.0
303.4
300.4
322.0
857.1
301.2
311.2
306.0
315.5
318.4
319.6
311.3
304.4
370.2
301.0
847.6
301.2
305.3
300.2
301.8
312.2
300.5
303.6
301.3
303.0
301.5
863.9
301.8
302.0
317.4
324.4
313.7
301.4
303.1
307.5
301.9
857.3
300.8
300.7
301.8
302.7
314.5
308.2
409.0
439.8
427.3
301.3
301.4
301.3
857.9
330.5
303.7
333.8
302.2
301.9
300.1
312.7
305.0
861.0
301.3
301.6
298.9
313.8
359.8
362.5
300.3
316.2
313.1
323.7
310.4
846.3
299.9
300.1
402.3
395.9
520.6
515.0
300.8
303.0
299.6
305.1
301.3
301.4
845.5
302.3
300.0
300.5
302.9
301.3
301.9
313.5
858.0
303.3
301.5
307.0
300.1
301.9
301.5
301.9
335.7
305.2
338.1
846.1
301.0
313.7
301.7
300.9
300.9
314.1
301.1
300.4
309.7
302.4
302.6
300.0
856.9
300.2
352.7
304.7
383.8
399.2
301.1
301.7
299.9
857.6
301.4
301.5
302.4
303.2
303.8
314.7
304.6
300.9
300.8
304.0
857.0
300.9
302.7
451.0
437.3
314.5
301.7
301.5
301.5
303.6
309.3
845.9
301.2
315.5
300.6
302.8
303.4
304.0
313.1
302.0
314.7
302.2
412.5
302.5
401.3
857.4
306.3
300.7
312.6
302.6
301.2
298.9
301.6
319.8
857.0
314.6
311.8
300.4
300.7
303.9
322.5
315.9
330.7
304.3
303.2
311.3
858.8
301.3
304.0
304.4
302.0
363.6
328.7
331.8
301.2
299.7
861.4
301.9
305.3
304.5
299.7
301.7
299.0
312.9
302.1
301.0
304.2
304.8
306.2
857.0
302.6
304.3
304.9
447.1
484.3
464.0
370.6
846.9
