311.0
376.9
318.0
376.3
299.6
312.6
340.3
328.6
319.6
301.4
302.1
420.9
396.6
465.6
725.3
730.6
449.8
614.8
557.7
301.3
302.8
300.1
302.8
301.1
364.6
370.6
429.8
373.9
335.8
301.7
320.2
365.1
363.2
302.2
306.9
301.1
300.7
381.5
354.0
344.1
305.5
302.8
301.9
301.8
300.2
300.8
301.4
300.7
300.7
301.7
300.8
302.5
303.5
301.5
304.0
312.4
302.0
299.7
301.3
302.2
374.7
459.7
470.8
453.2
372.4
299.1
303.7
300.2
302.1
301.8
301.8
301.5
301.5
301.4
302.3
311.5
314.4
376.3
327.8
378.2
309.3
306.3
350.0
357.0
422.8
470.8
728.7
555.5
470.5
475.1
302.9
864.3
324.6
310.9
318.6
305.1
322.6
319.2
320.4
352.5
341.8
314.5
307.6
302.4
305.9
311.3
312.7
343.7
301.4
313.0
365.4
358.5
338.2
325.0
309.8
373.5
412.4
377.0
316.0
307.9
414.8
356.7
431.2
305.9
321.1
310.0
343.9
313.5
307.4
326.0
305.2
314.4
307.6
306.1
313.2
302.2
308.0
304.5
306.2
328.1
310.3
326.9
334.3
334.1
317.9
317.3
309.4
307.2
304.5
332.9
307.3
308.8
306.4
307.5
394.9
428.4
471.3
323.8
311.1
317.8
306.3
311.9
310.7
312.2
322.8
302.6
302.7
318.8
361.8
301.6
302.2
302.2
301.1
313.8
306.9
311.0
304.3
301.0
301.7
301.2
300.6
302.0
300.3
298.4
300.7
311.5
307.9
398.9
493.2
343.3
355.6
299.9
857.3
301.7
300.5
300.6
312.1
303.6
301.2
300.6
301.7
306.7
395.5
473.6
366.7
310.2
306.6
304.2
304.0
303.0
301.0
322.5
388.7
401.6
303.1
301.4
301.7
301.2
301.4
445.8
380.7
489.1
464.5
425.9
369.0
301.7
301.7
309.9
301.8
301.2
301.2
307.3
302.2
302.6
302.7
301.4
303.5
459.4
409.9
380.1
453.8
388.2
410.5
301.6
375.7
314.5
361.7
301.0
302.3
361.0
306.5
350.2
300.8
301.8
299.8
301.9
302.4
306.7
301.3
303.3
305.0
304.5
299.5
300.3
303.0
299.5
307.1
303.3
316.1
302.5
303.1
301.2
301.5
398.8
469.2
391.3
299.7
300.6
301.2
300.1
302.7
301.8
301.4
581.8
574.6
648.5
713.3
689.1
611.7
301.4
302.6
302.4
860.0
343.9
341.6
376.5
300.1
392.2
500.0
488.5
401.8
304.9
300.2
301.3
301.2
301.4
303.5
320.1
322.2
307.6
312.7
301.8
303.1
313.5
301.9
303.4
303.5
300.6
304.7
304.2
309.5
303.9
311.2
301.2
303.3
301.8
304.3
301.1
303.0
387.6
381.0
365.2
300.7
302.9
314.4
452.4
464.5
300.3
308.1
302.6
299.9
301.1
301.0
494.1
502.0
495.1
461.8
299.2
325.7
427.0
302.6
304.7
302.9
303.7
300.3
302.3
300.1
300.1
301.8
303.7
308.4
299.3
301.3
302.4
304.1
301.4
305.2
300.2
311.4
301.3
301.1
301.2
307.7
304.5
301.0
302.0
360.6
307.3
300.4
302.2
300.1
302.6
299.7
302.8
300.6
302.9
316.4
300.3
387.5
343.2
431.3
299.5
303.9
302.7
302.0
300.9
858.4
300.0
302.0
301.7
299.8
301.1
302.1
300.1
308.3
474.7
437.8
334.9
312.0
312.6
302.2
301.4
300.4
301.4
303.4
301.9
302.0
300.0
304.3
300.3
301.4
312.4
448.0
387.6
458.4
489.6
343.1
302.1
301.2
304.1
301.0
300.7
303.6
320.6
303.1
308.8
301.0
303.8
317.2
300.7
300.1
303.1
301.6
303.3
333.5
327.6
319.7
318.9
413.7
377.2
303.5
300.4
300.3
320.7
313.9
304.2
301.0
302.6
300.0
301.4
301.4
300.4
301.0
299.7
301.8
312.7
322.4
437.5
449.7
304.5
305.2
303.6
311.6
306.2
300.7
301.7
301.2
299.6
300.7
300.0
304.2
305.0
304.1
300.0
303.2
302.0
299.6
304.9
302.3
312.6
312.0
300.4
300.6
304.4
301.2
856.9
306.8
438.0
339.0
600.9
450.0
364.7
328.5
372.7
392.2
300.2
300.5
301.4
299.7
300.1
301.7
311.9
316.5
320.1
300.0
313.9
301.5
302.2
301.1
302.1
300.7
307.1
305.5
303.1
305.9
301.0
303.4
301.2
301.2
316.8
311.5
300.0
302.7
414.9
402.3
320.4
300.5
300.3
311.5
305.0
333.9
342.2
301.4
301.5
302.5
301.2
303.5
413.9
494.5
664.4
478.8
450.9
412.5
300.1
307.2
304.0
303.0
301.1
300.2
301.1
301.0
301.2
382.3
484.8
459.6
368.6
301.2
299.9
301.4
312.6
299.7
323.7
301.8
299.9
301.9
300.8
301.7
303.1
302.1
300.3
302.5
382.5
304.1
462.7
399.0
389.6
301.7
301.9
302.1
301.5
303.4
303.4
302.2
300.4
300.1
858.6
301.6
300.2
300.1
300.6
353.4
501.5
564.6
631.4
634.9
550.6
300.7
320.3
301.3
301.7
302.1
301.0
303.1
303.2
301.1
302.0
326.0
308.4
323.5
302.6
300.8
301.4
300.2
353.8
348.8
397.3
312.3
300.3
372.4
437.7
455.2
485.3
340.7
301.7
306.9
300.9
306.0
303.1
303.3
300.3
301.5
392.9
381.7
315.4
305.6
309.1
302.5
300.7
300.6
304.9
413.9
435.7
368.5
299.7
301.1
302.5
300.6
303.0
302.0
301.5
300.4
299.5
301.5
300.3
302.0
302.0
308.4
406.4
396.2
305.1
442.2
454.7
308.4
301.9
302.8
307.5
302.1
300.9
305.4
302.3
369.4
365.9
301.2
301.4
300.2
300.2
300.4
300.3
300.7
301.9
301.5
301.6
311.1
302.3
310.3
299.5
301.9
303.5
857.1
311.1
299.8
301.0
301.9
301.7
300.4
301.5
300.6
303.2
352.3
345.6
302.6
310.9
301.2
301.4
304.2
302.4
302.1
301.0
300.3
301.2
300.0
383.4
461.9
402.6
315.7
425.1
352.8
403.5
378.0
304.3
300.3
299.2
301.5
312.8
303.5
300.5
301.7
312.8
299.8
312.2
302.6
301.5
309.8
301.1
302.1
300.3
301.1
308.5
304.5
392.6
322.2
457.6
486.7
299.1
300.9
301.8
301.4
302.5
302.3
300.4
357.3
474.0
443.8
450.1
333.8
302.1
304.4
299.7
300.4
299.6
300.5
301.4
302.4
314.7
301.1
316.5
311.6
301.4
312.4
302.2
300.1
300.7
304.6
300.2
300.2
301.8
300.8
315.6
303.4
300.2
304.0
301.6
302.5
300.8
303.7
320.7
312.5
300.7
857.0
302.4
301.0
302.3
300.1
300.5
299.2
300.8
314.2
302.8
299.7
312.6
299.1
300.6
302.5
301.2
306.9
303.1
300.3
301.7
312.3
302.1
304.3
300.7
302.1
302.6
300.9
300.1
301.0
300.8
310.5
301.8
314.2
300.4
311.9
301.0
331.3
305.9
332.0
304.8
316.9
322.3
300.8
301.9
300.2
307.0
301.6
300.2
302.4
299.1
311.8
306.8
359.0
356.9
299.9
317.0
315.2
323.1
298.7
299.7
357.1
301.5
396.2
433.0
512.3
522.2
301.4
301.7
300.5
321.3
454.7
423.3
301.3
301.2
300.7
302.3
302.1
373.5
301.4
311.7
301.6
299.8
300.2
301.3
299.7
299.9
302.9
302.1
300.4
315.7
327.6
300.4
300.2
303.1
301.6
300.2
301.2
300.9
301.1
301.0
301.7
857.6
301.1
300.4
300.9
301.4
348.3
308.5
386.5
383.5
300.7
307.5
302.8
303.8
302.5
302.2
301.8
300.0
303.8
314.8
308.7
301.8
324.5
330.4
350.9
302.8
321.1
446.7
448.2
300.7
302.3
304.8
301.9
312.7
383.7
384.0
301.5
309.1
301.4
302.5
305.0
303.9
300.2
306.8
306.2
312.4
301.6
304.7
350.0
359.7
299.9
301.1
303.6
301.1
303.8
307.7
300.3
300.6
305.1
314.1
315.0
300.4
301.4
314.1
336.4
302.7
333.4
300.2
302.0
304.6
300.8
306.0
301.2
304.9
381.1
302.3
412.6
407.8
300.9
303.2
306.8
302.4
306.7
304.3
300.2
300.2
301.2
306.2
302.3
301.7
302.4
313.8
302.9
303.5
302.0
300.1
313.5
455.9
502.9
459.9
383.2
857.6
