301.3
302.5
551.3
430.8
437.4
321.9
487.9
408.2
401.1
300.3
314.2
399.5
445.8
528.6
798.6
815.6
496.2
540.2
672.7
300.9
305.0
301.4
301.9
299.0
441.6
366.1
528.1
352.4
397.1
300.2
411.7
301.5
414.8
302.9
303.9
306.9
305.9
298.7
300.6
359.4
856.4
339.9
306.0
305.5
301.2
303.8
302.1
299.3
301.6
303.5
302.7
301.3
300.9
305.2
302.2
312.8
302.6
299.6
309.6
301.1
420.3
450.0
392.5
524.7
394.3
300.7
302.4
300.0
303.9
303.3
301.1
301.3
303.4
301.6
302.9
301.0
301.9
363.7
316.1
364.9
302.5
302.2
324.3
394.0
312.4
301.8
307.5
300.7
317.5
303.7
301.3
858.0
302.3
300.2
301.8
301.2
302.3
305.8
304.4
348.2
336.0
303.3
300.0
301.1
305.2
300.3
300.9
302.1
303.6
336.4
303.3
338.2
301.5
312.8
367.3
347.6
304.1
348.6
303.8
305.3
404.0
321.8
384.2
301.7
347.5
302.8
348.5
303.6
303.3
301.6
330.0
300.1
301.1
304.1
301.6
301.5
303.2
301.1
322.1
315.9
300.4
858.9
301.6
313.4
300.4
356.3
299.7
304.0
300.8
302.2
305.2
303.7
301.8
304.1
379.0
315.4
399.4
304.5
303.1
304.4
302.7
309.1
299.5
311.1
301.2
301.3
299.8
300.1
300.7
301.4
301.6
301.6
302.3
301.3
300.0
303.3
300.1
304.3
301.7
312.6
301.1
301.2
303.1
301.6
299.9
301.1
354.4
347.5
403.5
360.9
353.9
300.1
864.6
302.5
300.4
303.1
302.5
300.7
303.8
302.5
302.9
302.8
302.0
396.7
385.0
301.6
301.2
311.5
301.2
301.2
300.5
404.6
449.8
430.7
303.1
301.3
300.5
303.6
301.1
446.0
418.4
500.0
409.2
540.6
377.4
301.9
307.1
299.7
299.7
300.4
301.0
303.2
302.8
304.4
304.7
299.2
409.9
403.1
448.9
360.6
303.7
303.6
300.4
859.3
330.1
323.2
352.4
299.8
300.4
320.7
319.8
330.1
299.8
301.8
301.8
300.9
302.6
307.2
306.2
315.9
408.5
413.4
304.0
300.1
380.0
300.5
315.4
307.5
304.6
302.8
300.4
365.7
302.2
342.4
414.0
395.6
300.4
300.3
299.9
301.1
302.0
302.0
300.7
448.3
615.0
732.3
777.3
718.2
582.7
303.8
301.1
302.5
305.5
301.2
302.8
857.9
300.4
381.4
469.2
491.2
392.5
300.5
301.7
300.4
301.3
303.5
304.1
324.5
325.6
302.9
312.1
303.6
303.6
314.1
302.4
304.2
303.6
300.4
301.3
304.7
320.6
307.1
333.0
300.9
303.0
303.0
300.3
301.3
364.7
307.5
374.9
365.1
301.2
302.0
388.0
371.9
454.5
301.6
306.6
302.9
300.0
301.4
300.3
397.8
350.3
316.7
304.1
858.9
300.0
300.0
302.0
302.6
302.1
311.1
301.6
300.1
304.5
303.1
304.5
305.6
300.9
300.7
300.1
300.1
301.1
343.8
328.9
346.7
301.4
302.3
302.0
301.0
300.6
302.3
299.8
301.7
300.2
299.9
300.3
300.3
302.7
306.5
300.7
309.1
301.7
302.1
300.2
300.4
398.6
342.4
444.3
300.6
351.0
412.0
454.0
303.4
857.3
299.4
300.8
305.7
301.5
303.6
307.0
300.3
335.7
418.5
444.6
327.2
563.9
379.7
300.5
300.9
300.7
303.8
306.7
303.3
313.2
300.2
301.6
361.3
300.1
314.6
367.6
316.3
349.8
325.9
330.2
320.7
302.3
302.3
310.8
309.8
364.9
847.9
301.9
368.2
730.9
731.0
731.0
704.9
545.8
549.0
461.5
416.5
302.8
323.0
351.6
369.9
373.5
860.9
301.9
351.8
300.8
315.4
305.8
311.1
300.2
301.5
301.0
306.8
318.0
303.9
301.4
301.7
309.8
308.8
306.7
400.2
423.3
352.2
301.0
304.4
300.7
303.8
327.9
302.5
310.7
299.9
301.2
300.9
302.9
302.0
311.8
300.4
300.8
311.8
302.7
302.2
305.4
301.7
311.3
300.1
300.7
314.0
303.5
301.9
299.1
302.2
371.3
359.8
300.2
858.5
332.5
353.9
383.3
392.3
304.4
302.2
300.0
300.3
429.4
305.3
314.7
319.2
303.5
315.0
301.7
301.5
303.6
304.3
302.1
303.6
301.2
300.4
301.8
302.2
300.8
304.3
303.4
301.9
299.9
299.4
477.4
381.6
407.9
328.8
302.1
300.4
298.8
303.7
343.0
335.0
301.4
300.3
300.6
307.0
654.4
793.2
858.7
1033.9
949.3
1098.6
1111.9
1133.0
802.8
302.2
307.6
301.3
301.8
300.8
300.3
302.6
382.1
509.6
527.4
311.5
305.9
300.9
301.9
302.6
301.5
341.1
300.9
310.7
300.0
354.5
306.3
305.9
302.5
300.2
303.5
349.4
385.9
417.6
446.7
303.8
301.7
301.4
301.4
300.9
304.0
303.5
299.6
301.0
303.3
304.7
303.2
299.9
302.4
865.2
386.3
357.7
553.5
451.9
672.3
687.4
301.3
302.5
299.8
342.3
299.8
301.0
302.3
306.7
302.7
301.5
302.7
320.8
322.2
301.5
311.7
301.3
300.5
437.7
346.7
410.5
310.8
299.9
384.9
385.0
408.4
524.4
353.5
305.2
304.5
301.5
303.3
301.9
303.2
302.0
359.6
433.8
354.7
302.7
316.4
330.6
300.0
319.4
302.9
299.9
301.5
311.3
858.0
299.6
301.4
301.1
300.1
302.7
300.2
300.7
299.0
300.6
301.9
300.7
300.3
299.9
385.5
441.0
362.3
301.7
431.7
454.1
300.4
300.2
304.7
300.3
303.1
304.4
300.4
370.7
339.2
328.2
304.9
300.9
301.2
300.5
300.8
300.3
302.6
300.9
300.4
312.0
302.3
299.4
300.3
301.6
299.2
301.0
304.0
300.7
301.9
301.4
315.0
860.7
314.4
300.2
303.2
313.7
351.6
354.7
306.0
327.0
300.9
300.7
303.0
301.6
301.0
302.2
299.9
299.7
1408.5
1444.4
1445.4
1447.0
1447.0
1464.4
1482.9
1490.6
1508.5
1447.2
866.7
301.5
300.8
305.2
303.5
323.7
305.9
304.8
300.9
313.1
301.3
301.0
301.5
301.1
325.6
303.2
303.6
304.6
300.1
304.2
362.6
355.5
303.4
860.3
300.4
302.1
407.7
422.6
301.8
300.1
373.0
457.3
513.9
423.5
396.1
303.2
301.9
300.5
300.1
300.1
304.3
313.1
303.6
301.4
313.1
310.1
299.0
310.5
328.8
301.8
300.1
306.8
301.7
300.3
299.3
301.3
301.7
313.4
300.3
300.5
340.4
332.2
301.4
302.1
302.0
315.6
343.0
302.7
325.7
302.4
300.8
312.0
302.8
858.1
310.3
300.3
304.8
303.6
298.7
312.5
303.0
299.5
302.2
302.1
300.7
303.0
337.9
305.5
321.2
304.5
343.2
302.5
303.4
299.3
299.8
300.0
303.2
299.8
300.6
302.0
305.6
311.5
303.2
300.8
332.0
303.8
331.8
333.2
303.7
328.7
300.9
357.4
300.7
301.1
302.1
300.7
302.1
301.5
298.7
303.1
358.5
352.2
299.8
301.2
304.8
308.5
873.8
306.0
300.4
300.8
467.2
404.6
449.2
515.6
302.8
302.5
299.8
401.8
346.0
437.5
298.3
300.8
300.0
299.6
302.0
303.5
300.4
307.1
300.3
300.0
300.4
300.2
301.9
300.3
300.3
299.5
334.5
313.2
333.5
356.0
298.9
301.8
301.9
299.8
302.6
305.7
303.0
299.8
301.5
301.9
299.9
311.2
300.7
299.5
326.6
305.6
316.3
858.6
302.8
302.9
302.2
305.6
303.1
298.7
300.0
300.0
302.4
311.6
315.5
300.8
302.5
369.0
357.0
311.6
389.5
393.5
489.4
299.8
303.3
300.5
300.4
303.3
386.4
379.7
310.5
301.2
301.8
313.1
393.7
559.0
346.0
403.6
305.5
303.3
300.8
386.6
314.7
385.7
307.8
302.0
303.1
309.0
306.9
299.9
302.9
303.4
304.7
303.1
856.7
300.7
301.6
303.4
345.1
313.7
329.7
301.6
302.9
305.9
301.1
300.6
300.0
302.4
303.0
358.3
301.5
346.0
301.8
303.8
301.3
305.2
307.3
301.7
300.8
300.5
301.1
306.6
302.4
299.4
303.1
302.6
303.0
303.1
331.0
303.0
388.2
520.7
511.6
440.8
389.1
303.1
