311.7
312.0
301.6
311.3
300.6
300.5
300.2
299.6
301.2
301.4
300.0
300.0
299.9
311.2
308.7
335.4
300.6
300.7
301.3
313.4
302.5
299.6
300.9
301.4
300.9
301.4
311.9
300.6
301.5
299.9
300.4
301.0
313.7
313.1
310.8
300.4
299.6
300.4
301.1
301.1
313.6
301.6
311.9
300.6
311.5
301.2
300.5
378.1
302.3
301.2
299.8
301.3
299.5
310.8
300.7
301.3
300.2
301.3
300.1
299.6
300.1
300.2
311.1
302.1
301.5
314.8
300.5
299.5
301.2
312.3
312.4
300.6
312.0
299.8
299.8
301.0
301.5
300.1
303.0
310.4
300.6
311.9
311.0
299.9
306.3
311.0
300.1
310.1
300.3
299.7
364.2
302.3
312.7
300.1
300.1
301.4
315.4
313.8
302.0
302.6
301.9
311.1
299.8
299.6
302.4
299.7
299.6
299.8
300.7
299.5
313.7
299.8
300.9
299.7
302.0
300.4
301.0
316.0
300.7
299.9
299.9
301.7
310.7
300.1
311.5
313.1
301.9
300.2
300.1
302.8
301.0
299.8
300.3
300.1
311.1
312.2
303.4
300.7
300.5
300.1
300.1
300.6
301.8
311.6
302.0
300.9
303.1
299.9
314.9
299.9
299.7
310.7
304.2
303.5
314.6
301.2
313.7
300.2
300.2
302.3
300.5
301.7
311.4
300.3
300.7
299.9
300.2
301.1
300.4
311.0
301.9
300.5
301.7
315.4
300.2
299.7
312.2
429.4
311.0
300.3
301.6
305.1
311.0
311.3
300.0
300.5
306.1
311.7
314.6
301.2
302.8
301.2
301.3
312.7
299.5
302.1
300.1
300.2
300.0
299.7
300.5
312.3
302.2
300.7
326.7
313.1
311.0
303.6
300.0
300.4
300.4
312.0
314.3
303.2
301.1
300.7
301.5
300.0
300.8
302.5
318.8
516.5
301.8
300.7
312.5
302.6
306.0
300.4
300.6
300.3
299.7
300.4
301.0
300.0
300.9
300.4
300.0
311.2
302.1
302.1
300.2
311.7
314.4
299.5
299.6
302.3
299.5
300.6
301.3
312.3
313.8
301.5
312.0
301.8
299.6
310.9
300.9
315.5
301.4
300.5
311.0
313.6
300.0
301.1
310.7
307.1
300.0
314.2
313.2
303.3
311.8
311.2
300.1
315.4
303.1
315.1
299.4
299.7
299.8
302.2
299.5
300.5
299.8
310.6
346.9
448.4
482.2
380.0
303.2
300.2
300.2
300.7
301.9
301.4
312.8
301.5
311.8
311.5
311.7
301.7
304.1
300.2
310.8
300.6
311.4
300.0
304.3
313.3
300.4
300.4
299.7
299.8
313.1
303.2
302.2
311.5
312.0
310.7
301.0
300.5
300.8
301.1
301.9
301.0
303.5
391.9
300.1
299.8
312.3
310.7
301.0
301.9
299.6
300.0
315.7
313.2
316.6
300.3
300.3
300.5
300.0
310.7
300.5
392.9
313.4
392.1
301.2
301.7
300.3
300.0
299.8
300.8
300.6
311.8
300.7
301.8
312.0
301.0
300.6
300.2
302.8
311.9
300.0
299.7
299.5
311.5
301.2
313.7
299.5
311.4
311.6
300.7
301.4
310.3
312.0
299.9
306.3
309.6
300.0
307.3
312.9
301.6
300.1
299.6
305.4
300.7
302.7
310.8
318.5
303.3
314.3
301.9
396.0
450.5
358.6
300.3
300.3
300.5
311.1
301.4
301.5
311.8
311.2
299.9
406.6
350.4
362.6
299.9
311.1
301.7
300.3
310.6
300.8
300.0
300.2
311.3
300.5
301.9
301.8
308.7
302.4
301.1
300.4
301.4
302.3
313.2
300.2
301.9
300.5
301.4
311.6
311.3
304.8
301.7
311.0
307.7
300.6
301.7
316.2
300.5
303.4
303.2
300.3
300.6
302.7
312.5
312.6
300.8
303.1
302.7
300.2
299.9
301.6
313.4
300.7
301.0
300.5
300.5
301.0
369.7
301.6
311.1
310.7
301.5
299.8
302.0
300.2
303.1
312.4
302.3
299.4
326.7
300.2
312.1
311.8
299.9
300.6
300.0
302.9
300.7
312.7
302.1
311.3
310.7
311.2
311.7
300.6
312.4
320.5
314.8
299.7
299.5
321.2
300.0
310.5
313.9
300.0
312.2
300.9
300.3
301.7
301.2
304.5
300.8
339.2
299.9
300.3
301.1
299.9
306.8
301.4
310.8
299.5
303.8
300.4
311.6
299.5
311.8
312.2
300.3
310.3
354.5
326.8
303.7
299.8
311.5
308.8
300.0
300.2
299.8
301.0
301.0
313.0
304.4
312.4
301.0
305.1
311.2
302.2
302.9
302.3
302.7
315.0
299.8
299.9
312.7
310.5
384.7
386.0
468.6
301.1
588.3
308.6
302.6
299.9
302.8
311.6
301.2
300.2
301.1
300.1
301.6
439.1
339.5
435.2
300.7
311.7
299.9
300.2
299.9
300.1
300.2
301.3
303.7
300.3
331.0
302.8
301.6
314.6
299.9
310.0
300.8
301.5
313.4
300.8
310.3
300.5
301.2
314.9
310.5
315.8
302.7
300.8
299.9
303.3
314.7
310.7
300.5
299.9
299.6
299.4
301.7
314.6
409.1
414.0
301.1
310.3
300.1
301.4
310.5
310.4
313.2
320.3
312.6
310.5
300.1
303.1
312.2
311.4
306.0
300.3
300.7
300.1
301.4
307.8
313.4
299.9
300.3
313.4
313.9
314.8
313.6
312.0
301.0
310.3
321.0
302.9
311.9
305.6
301.4
304.2
301.5
301.8
310.7
300.5
311.7
299.6
311.6
300.2
300.5
312.0
306.3
301.1
307.4
311.6
301.1
309.9
370.7
301.2
301.3
300.9
301.3
311.4
300.7
300.6
300.1
307.0
312.6
298.9
300.2
301.8
299.2
310.7
299.8
301.3
322.0
300.0
310.9
300.4
300.4
310.5
301.1
300.4
300.6
300.0
300.7
300.3
299.7
312.1
352.6
300.1
310.3
301.6
301.1
301.4
300.2
300.9
300.0
301.7
341.8
300.6
300.5
302.5
300.9
311.5
374.3
301.5
311.8
311.9
302.3
299.8
300.9
353.9
299.9
300.5
300.4
310.9
299.8
302.4
313.0
300.3
301.6
332.8
321.9
301.8
303.9
301.6
303.4
310.1
301.9
300.4
324.9
314.8
300.1
310.3
300.2
312.4
312.0
299.7
300.5
312.4
310.9
300.7
300.5
299.8
299.8
311.6
301.1
300.2
300.2
320.6
434.6
437.3
311.6
300.6
301.1
299.9
306.6
300.9
337.3
302.2
300.8
310.3
311.4
300.5
301.4
300.2
300.2
317.7
310.6
300.2
311.2
310.4
301.3
300.8
300.6
303.9
300.5
312.0
312.6
301.6
311.6
301.0
301.0
302.6
301.9
310.3
300.1
302.5
299.9
311.2
313.5
311.1
300.2
313.8
314.4
301.0
301.6
300.5
310.6
302.1
300.9
426.3
308.7
311.8
300.3
301.2
311.8
299.6
308.4
311.0
301.5
299.8
302.8
303.6
299.3
299.5
299.2
299.8
299.2
300.6
301.5
301.0
300.8
299.9
303.1
310.7
300.5
301.4
302.7
304.1
301.1
302.4
311.6
333.2
300.7
312.8
301.5
299.8
301.4
302.0
312.7
300.3
300.5
301.7
302.9
300.6
312.6
300.2
311.7
312.8
302.7
301.7
301.5
301.0
300.5
299.9
299.8
312.5
303.1
300.1
302.3
312.9
300.1
312.1
300.0
306.7
312.4
347.5
307.9
301.7
312.5
313.3
300.2
299.9
303.2
299.7
301.7
301.5
301.9
302.6
300.8
300.7
311.2
301.0
310.7
303.0
310.9
316.8
316.7
310.6
299.8
311.1
300.1
301.9
312.0
312.4
307.7
300.7
312.4
312.1
301.0
310.7
301.9
300.1
302.2
302.3
313.0
302.8
301.5
311.5
300.5
302.2
299.6
300.2
300.4
304.5
312.6
301.6
311.1
312.0
311.1
302.3
324.8
324.0
404.2
416.9
300.2
302.1
300.0
299.8
312.0
300.5
301.3
312.1
300.4
303.3
300.2
311.6
312.5
300.2
299.7
302.6
299.6
300.0
301.9
302.9
312.4
301.4
300.0
301.7
312.8
301.3
301.4
299.8
300.9
299.7
301.0
311.4
301.7
303.3
303.5
300.6
300.5
301.9
300.2
299.7
299.7
300.0
302.2
311.0
299.4
300.8
300.3
313.9
299.3
300.6
301.3
311.7
310.4
302.8
312.0
300.2
310.1
300.2
379.2
428.8
300.0
311.6
300.3
300.4
312.6
300.7
299.8
299.8
302.3
316.9
312.1
300.3
329.1
