313.0
321.7
302.7
310.2
307.1
307.0
300.7
300.3
300.5
299.0
313.4
301.3
300.6
298.9
302.2
310.6
300.4
302.3
313.2
321.7
307.5
313.0
300.2
300.7
300.1
300.7
310.7
301.0
301.3
303.7
300.2
312.3
302.0
302.6
311.2
300.2
300.1
300.6
301.1
301.2
311.1
302.2
310.6
307.2
311.7
302.6
300.2
307.7
471.8
312.2
302.2
301.2
301.3
311.3
307.6
300.2
310.7
299.7
333.3
301.0
301.2
300.1
310.6
301.4
307.0
299.7
304.9
299.6
317.2
313.1
310.7
306.9
301.0
299.7
310.7
385.0
301.2
299.7
300.5
311.2
307.2
299.8
312.2
302.5
299.7
301.7
310.8
300.4
302.0
297.3
300.1
300.6
310.8
300.0
311.2
300.6
301.1
320.4
300.2
472.3
311.2
311.5
300.4
310.7
299.8
300.2
301.2
300.2
310.7
312.3
310.6
311.5
300.0
300.2
311.2
311.1
301.3
311.3
310.9
307.4
300.8
301.6
312.5
300.1
312.4
311.1
352.0
300.1
301.4
301.2
301.6
301.7
300.9
302.9
311.0
310.9
299.7
304.6
518.5
301.7
307.8
307.3
301.3
314.3
300.2
301.0
300.4
299.9
310.8
473.3
300.5
310.9
304.5
300.7
322.1
308.1
311.0
299.4
300.4
307.3
300.7
301.4
300.1
307.1
311.3
530.1
301.0
308.5
360.1
312.9
301.1
301.3
301.1
312.3
300.7
299.7
301.5
302.2
312.1
299.8
300.9
301.2
312.2
300.1
300.0
300.7
301.7
311.5
301.8
302.0
300.8
302.6
300.7
310.6
302.1
304.2
302.5
312.8
300.2
307.3
472.7
300.1
301.7
312.2
300.3
313.7
307.8
315.0
300.7
299.6
300.3
307.4
311.6
300.7
300.1
300.7
300.2
307.3
301.6
303.0
303.7
311.4
301.4
301.1
307.4
301.2
302.6
300.1
301.8
312.3
300.2
299.5
312.9
339.5
303.5
300.2
299.2
312.7
317.1
301.2
300.7
307.1
313.1
301.3
300.1
301.2
301.5
300.5
311.7
300.7
301.7
473.1
300.1
299.7
309.7
311.1
312.8
312.6
299.8
310.7
300.7
314.1
300.3
300.2
310.2
299.7
299.6
300.7
311.0
310.7
300.1
300.4
299.7
311.7
313.2
300.3
301.2
301.4
301.9
310.8
305.2
305.4
301.2
311.0
330.0
428.0
476.3
369.1
311.8
300.7
302.2
310.6
302.1
302.4
300.9
300.8
313.6
301.4
302.3
312.8
303.2
301.2
472.4
300.6
312.0
300.8
300.9
311.5
304.8
300.5
307.6
299.8
310.7
301.2
306.8
311.2
313.0
512.8
300.6
316.0
300.9
301.8
307.2
300.2
301.2
301.1
300.2
299.7
311.1
311.0
338.2
379.7
300.7
307.0
300.2
314.1
315.8
300.5
301.3
300.6
301.2
312.6
300.2
386.0
349.1
352.2
307.5
300.7
305.3
310.7
300.4
302.0
300.6
472.2
299.6
300.4
300.2
311.4
300.2
301.2
303.2
300.9
299.6
311.6
301.4
312.2
301.0
310.7
301.3
312.2
311.5
299.7
445.8
313.0
300.5
300.1
301.1
300.2
300.6
300.2
300.2
301.4
312.7
301.8
299.7
311.3
300.2
307.4
311.4
300.7
311.8
300.2
370.0
429.7
381.0
432.4
306.0
300.1
311.1
301.0
300.3
310.9
299.9
310.7
312.6
471.7
332.8
302.4
302.2
306.2
299.7
312.6
300.3
300.3
299.7
299.7
303.8
299.6
300.2
311.5
307.3
302.4
300.9
301.2
300.7
303.2
300.2
301.2
300.0
300.9
312.2
300.2
312.9
300.2
300.0
306.9
306.9
303.3
314.2
307.2
300.8
301.1
300.2
300.3
300.2
310.8
308.0
302.3
316.9
300.6
299.9
308.8
350.1
311.0
300.7
472.2
368.1
302.0
302.0
314.0
311.1
299.9
310.7
299.8
310.6
300.6
300.5
301.3
310.5
300.2
300.2
300.9
305.1
315.3
307.2
307.3
303.4
299.8
300.1
300.5
300.9
302.2
312.2
307.1
311.9
310.1
304.9
312.4
311.4
311.0
300.3
299.7
299.8
299.9
301.2
319.3
301.8
300.0
301.7
310.5
300.2
299.7
299.2
313.9
302.5
300.1
470.7
301.4
300.2
300.6
302.2
312.2
300.2
301.9
301.5
302.0
300.1
314.3
300.6
315.9
312.7
311.2
313.7
301.5
306.8
310.4
299.6
300.5
301.2
302.2
299.7
300.6
300.8
306.1
312.4
301.1
299.6
307.1
299.7
303.2
302.2
301.0
311.8
299.7
301.2
312.7
328.5
373.3
388.3
453.0
301.3
302.0
300.1
307.8
298.5
300.2
312.3
487.9
299.5
299.7
312.3
300.2
439.0
382.5
399.8
303.4
311.1
307.5
300.7
302.6
428.6
300.2
307.1
302.6
300.2
312.2
301.1
318.0
322.6
300.3
299.6
301.3
307.3
311.2
299.7
311.5
300.7
301.8
313.3
311.2
300.5
301.5
301.1
307.2
303.1
310.9
312.9
310.2
302.2
300.2
317.9
301.2
348.3
369.2
424.3
300.2
311.2
310.9
473.6
300.8
313.4
314.6
307.2
311.6
300.7
300.6
301.2
312.5
308.8
300.4
300.2
300.7
300.6
311.1
300.7
301.7
300.2
305.6
310.7
317.4
317.4
319.2
300.6
301.2
307.3
311.2
301.6
312.4
302.2
302.2
301.2
300.7
301.2
300.2
301.2
300.7
300.3
311.2
301.7
299.7
312.5
301.3
300.6
300.5
300.2
371.2
300.5
518.5
301.3
472.5
313.3
300.5
300.7
311.1
310.6
300.2
303.6
312.9
298.8
300.4
299.7
311.8
302.0
300.2
300.1
299.7
300.4
314.4
300.2
299.8
311.6
300.1
300.2
300.6
301.1
300.0
300.3
300.1
300.6
311.1
312.0
312.2
302.2
300.7
299.7
300.2
300.2
300.2
301.3
299.7
300.5
310.7
301.7
300.7
301.3
307.2
299.5
302.8
314.0
311.5
476.2
307.6
308.7
299.7
299.8
300.2
300.5
300.1
299.3
299.7
301.7
342.6
314.7
353.1
301.6
302.0
307.2
301.2
305.8
301.8
300.8
299.7
300.4
300.3
300.8
301.9
312.0
311.3
300.1
301.3
311.7
310.8
302.3
299.8
319.3
310.4
300.5
303.1
299.7
301.4
414.1
390.2
483.3
299.3
301.5
299.8
300.5
439.4
301.0
300.6
301.1
478.0
299.7
302.6
300.2
311.7
301.1
299.6
310.3
301.5
300.9
319.5
301.2
299.9
300.9
302.4
299.5
307.3
310.7
300.4
299.5
300.4
313.8
301.7
312.9
307.1
307.8
300.4
301.2
311.7
317.7
315.6
312.8
312.4
312.9
311.2
300.2
302.2
301.0
310.2
300.2
301.3
299.6
307.2
299.9
302.4
311.1
300.8
306.9
370.0
310.2
310.7
472.0
308.3
311.8
299.9
307.0
305.2
300.4
300.2
301.6
300.4
300.7
300.9
300.2
300.1
310.7
300.2
300.7
300.1
301.5
301.8
310.8
301.7
300.7
299.7
302.7
307.3
300.1
302.7
311.8
313.6
307.1
311.1
302.6
300.7
303.4
308.1
307.3
312.4
313.2
300.4
300.7
306.4
299.6
305.4
307.2
307.4
301.2
301.7
313.2
301.7
300.2
471.1
299.2
304.8
299.9
300.2
302.3
312.0
310.8
315.5
301.3
301.7
512.3
310.9
300.1
301.3
299.7
299.8
299.7
312.7
300.3
430.1
300.7
314.7
304.0
304.1
315.3
328.3
300.1
299.7
299.2
300.1
309.0
313.3
301.0
299.8
299.8
311.8
311.2
307.0
300.2
300.4
300.2
300.5
307.2
311.7
299.8
300.1
300.1
301.5
300.8
308.9
471.9
301.7
301.6
320.1
301.2
310.1
311.2
312.0
300.4
311.3
323.7
426.7
430.1
300.9
300.3
300.3
301.6
299.9
310.9
300.7
311.3
299.7
311.9
302.6
320.4
317.0
300.0
300.7
307.9
299.7
300.2
301.7
301.3
311.2
311.2
300.2
300.2
311.1
300.0
300.3
299.6
300.3
299.7
300.8
312.2
310.9
303.6
301.8
299.7
307.0
300.3
473.4
300.3
311.0
300.3
300.7
311.1
302.4
301.2
300.1
542.9
330.4
303.0
311.8
305.1
310.7
301.7
313.2
299.7
302.2
300.4
299.7
300.6
314.1
311.2
306.3
307.2
307.1
299.6
299.7
307.2
304.1
315.5
298.3
308.0
302.8
