312.0
299.7
333.1
312.6
299.5
299.2
299.7
299.3
313.1
299.8
308.4
299.4
298.7
299.7
302.2
297.7
311.2
304.6
306.8
311.8
311.2
300.2
299.7
302.7
300.1
301.2
313.0
308.2
301.7
301.9
302.6
301.5
313.0
307.3
300.3
311.8
300.2
301.8
300.5
301.3
300.5
307.1
311.2
300.7
313.4
305.1
300.2
300.4
301.9
300.5
300.9
300.4
300.3
310.9
300.0
305.5
301.9
307.2
300.4
301.3
300.1
300.6
310.3
326.7
301.3
299.7
300.4
300.6
301.0
312.7
311.7
300.5
300.5
300.1
301.0
307.3
311.8
311.6
302.8
311.5
306.3
311.5
311.2
300.6
300.2
301.9
306.6
301.4
300.5
315.5
302.6
311.4
310.8
299.6
300.2
299.7
301.7
313.7
300.0
471.3
300.5
310.5
305.5
300.1
299.9
300.1
300.9
300.1
307.1
301.2
311.7
300.6
299.9
299.6
301.3
310.8
301.5
302.4
306.1
300.8
300.3
301.4
312.6
300.4
312.3
311.8
300.4
299.6
307.1
301.1
313.0
390.2
300.7
305.9
302.1
312.7
321.3
299.8
306.2
300.8
300.9
306.1
307.5
313.6
300.2
300.5
310.9
310.7
305.7
329.0
302.8
327.6
307.3
300.8
526.7
301.3
313.7
303.8
300.4
300.4
310.2
300.8
307.0
299.8
299.8
312.2
303.6
311.3
300.4
311.2
305.9
313.7
309.1
313.1
299.7
307.2
318.0
310.8
311.7
311.5
302.0
306.8
322.4
299.2
300.2
300.8
300.2
302.0
313.7
301.6
313.2
300.2
312.0
311.4
299.9
301.5
299.7
300.8
315.3
300.5
471.1
300.0
307.5
322.2
301.1
312.2
301.7
313.6
300.0
300.7
301.9
304.8
316.2
303.7
299.7
318.9
307.1
300.2
305.8
302.7
300.7
312.9
302.7
311.7
301.0
305.9
312.5
300.1
309.9
311.5
513.2
300.2
316.4
300.7
360.9
300.2
319.0
311.1
298.3
330.8
301.4
300.7
314.0
305.4
333.7
301.9
309.7
300.6
306.1
311.9
311.6
302.3
300.6
299.7
311.3
311.2
301.8
316.8
301.2
300.0
300.6
312.0
300.7
300.7
310.7
301.0
300.1
373.0
313.2
302.8
300.3
300.3
307.3
300.8
317.4
308.5
299.7
299.6
300.5
299.7
300.3
300.7
307.3
311.3
361.9
405.3
477.6
370.2
313.2
301.5
301.2
310.7
300.4
301.7
311.4
307.1
307.1
307.3
314.7
312.2
303.0
472.1
300.6
300.8
312.2
300.7
306.7
311.7
300.8
301.1
301.1
310.6
312.9
301.5
301.2
311.1
310.9
307.1
306.9
300.5
305.2
310.7
301.7
300.6
302.2
305.2
300.8
299.9
312.3
312.2
302.0
300.7
301.2
302.3
306.7
314.1
315.5
319.6
319.4
301.8
411.7
310.8
299.7
429.3
328.5
409.8
308.8
302.2
299.0
299.6
300.4
301.1
303.1
314.4
310.1
311.3
300.5
300.1
299.7
300.0
300.8
302.2
310.8
299.8
299.8
311.7
309.3
322.0
312.1
310.6
311.2
308.0
307.6
311.3
301.1
299.5
300.2
300.2
307.2
300.1
336.3
310.8
300.3
300.5
305.4
300.2
313.1
300.5
310.7
314.0
304.6
300.7
324.1
396.4
398.1
304.2
301.1
304.0
318.9
300.7
302.1
312.5
474.3
300.8
404.7
313.2
393.8
312.3
302.2
301.8
306.9
311.2
301.2
300.1
299.6
306.8
311.7
300.2
301.9
301.2
300.7
299.7
306.9
301.7
308.7
312.5
299.7
312.5
300.7
301.4
312.3
302.6
311.2
307.1
307.2
300.3
299.9
301.5
314.3
299.7
300.6
300.8
300.6
300.7
306.6
311.3
307.5
302.2
304.5
310.2
301.1
299.6
301.1
311.2
300.3
300.8
301.6
300.6
311.6
363.7
305.5
311.8
311.2
304.0
306.7
300.9
309.6
304.2
312.1
301.9
299.2
302.6
307.2
312.6
300.2
299.8
300.7
314.8
311.6
309.6
305.8
348.3
313.6
301.7
313.7
301.5
300.6
311.9
310.7
311.8
310.4
304.7
300.4
300.1
303.3
328.6
311.3
299.7
302.3
313.0
302.4
311.4
299.4
472.2
307.5
300.3
300.6
301.5
302.2
301.7
300.6
312.4
298.6
301.2
310.5
312.4
299.3
314.4
299.9
300.6
310.8
308.5
309.8
300.1
301.9
311.6
301.2
322.9
299.8
299.6
300.2
300.6
300.0
301.6
311.6
326.5
300.1
300.8
300.4
303.3
304.2
301.4
312.5
311.0
300.0
310.4
299.6
388.6
437.9
473.5
300.7
301.2
299.2
300.0
301.4
313.6
322.3
301.6
301.0
313.2
303.9
304.1
312.1
388.5
390.6
302.1
310.7
310.1
299.8
307.2
299.8
299.6
303.7
302.2
300.3
408.8
307.3
316.6
314.8
310.2
307.1
311.2
301.7
312.3
307.1
311.1
310.2
300.2
312.7
311.4
300.4
307.0
311.2
300.1
307.2
310.6
310.8
300.2
300.1
300.2
300.2
316.8
301.1
303.5
471.7
300.9
300.7
299.5
321.4
300.0
299.7
311.1
301.7
311.2
301.1
307.5
301.7
312.4
300.2
300.2
299.7
310.7
300.8
301.2
314.1
310.8
302.3
307.1
311.5
308.1
312.7
313.6
311.7
300.1
311.6
322.2
301.6
311.8
301.6
306.9
301.2
300.6
307.6
301.3
301.4
300.4
305.9
311.0
299.5
300.7
311.2
302.2
307.3
300.6
299.8
301.4
299.8
311.4
300.8
301.5
301.2
300.8
298.7
317.8
299.6
316.4
304.3
313.3
308.2
326.3
327.2
311.9
300.2
300.2
300.7
300.2
299.8
310.2
301.0
299.7
315.7
307.8
300.7
300.6
300.7
300.2
305.7
299.7
307.2
306.7
300.6
310.9
302.2
300.2
301.6
308.0
301.2
299.8
368.6
309.6
307.4
301.3
300.2
301.1
299.6
473.2
301.6
300.7
313.9
302.5
314.2
301.9
301.4
17.4
311.5
310.7
299.7
303.0
300.7
307.2
300.4
350.6
314.2
354.1
301.3
304.2
301.6
301.2
302.5
310.9
300.5
310.5
303.6
300.4
300.8
311.1
311.3
314.5
311.2
299.5
310.7
311.0
306.4
299.7
300.2
308.1
302.2
301.0
299.6
299.9
393.2
369.5
510.6
301.0
310.7
301.8
308.1
327.2
301.7
310.7
301.7
305.4
301.0
301.0
308.1
302.6
305.6
300.5
312.0
311.5
300.8
312.0
300.5
312.0
301.2
301.0
309.7
300.1
300.7
299.9
306.3
311.1
300.3
300.4
300.4
301.7
300.2
299.7
301.8
300.0
301.2
313.1
310.8
299.7
314.1
311.7
300.2
299.5
301.0
311.0
312.1
300.6
299.7
300.2
300.6
299.7
473.2
307.2
310.8
301.6
310.8
313.7
299.8
300.3
307.0
299.8
300.7
301.6
300.6
299.7
307.2
301.2
301.2
322.7
310.6
300.0
311.2
303.7
307.1
301.6
301.1
310.0
307.3
420.9
312.0
307.4
328.7
299.7
307.8
301.4
302.0
313.7
300.6
307.4
301.7
300.7
300.3
310.7
301.7
313.3
302.9
312.7
312.5
312.3
302.3
301.1
306.0
311.2
301.7
302.8
300.5
300.8
312.4
299.4
301.2
299.2
306.2
311.2
302.2
312.7
300.0
310.8
300.2
300.1
300.4
303.0
300.4
301.7
311.2
300.7
299.5
300.2
300.0
300.6
300.1
300.1
301.8
303.8
312.9
299.8
421.7
300.7
299.6
300.2
301.6
314.6
301.3
300.6
307.5
311.1
311.7
299.7
300.0
301.2
310.8
302.8
300.6
501.3
301.5
300.2
300.1
301.7
311.6
301.0
299.7
299.7
299.1
311.6
307.3
310.6
313.4
311.3
302.0
312.0
312.2
424.6
426.9
301.2
307.1
307.2
300.1
305.1
310.5
311.8
316.7
300.2
300.3
300.2
312.4
311.6
299.6
300.1
301.3
300.2
406.7
300.4
300.9
314.0
301.2
300.2
301.2
320.5
301.4
299.9
307.4
310.8
305.8
301.4
311.0
299.7
302.0
301.1
311.9
311.3
301.4
302.5
301.1
299.9
300.7
301.0
310.2
299.6
302.0
301.1
300.7
309.7
301.1
302.3
311.8
311.2
300.7
310.6
300.2
299.7
307.0
308.2
301.0
300.1
310.7
300.5
300.2
300.2
300.3
308.0
299.8
300.6
312.7
298.1
300.8
301.0
