311.6
299.8
301.1
311.8
299.9
300.5
363.0
416.9
300.2
300.0
311.3
299.9
301.0
299.9
300.8
300.0
300.5
304.0
305.1
310.8
300.6
300.1
300.5
299.5
311.0
300.7
316.3
302.0
300.6
300.8
300.8
313.5
301.9
301.6
857.3
300.2
299.9
299.8
312.0
298.8
300.9
301.2
312.6
544.8
318.5
300.0
301.1
301.2
314.2
299.9
471.8
310.8
300.2
311.0
302.1
302.2
300.4
311.1
300.3
300.3
300.1
311.8
310.8
300.8
301.1
299.7
312.1
300.3
301.5
314.0
314.8
301.1
300.2
312.6
300.1
310.7
302.5
301.1
300.7
311.3
300.5
300.1
313.1
301.4
300.5
856.1
311.9
310.4
302.3
311.3
300.1
299.8
311.2
299.5
301.1
312.7
301.1
301.6
301.2
301.5
300.9
310.1
471.3
299.8
301.0
300.1
301.6
301.9
300.8
299.7
311.5
300.2
310.9
301.5
310.1
312.5
301.4
312.1
311.8
300.8
300.6
302.2
312.2
301.8
312.0
310.8
363.6
300.1
302.2
301.1
301.7
299.7
314.5
300.6
310.8
311.9
300.9
856.9
311.3
301.8
300.1
301.4
301.1
313.7
311.6
301.5
311.8
300.1
300.0
299.6
304.4
310.6
311.4
302.2
477.8
312.5
310.9
310.2
299.9
303.1
299.5
308.1
301.3
311.1
301.7
303.1
310.2
316.1
303.8
314.5
300.8
312.1
311.3
313.8
300.3
301.7
311.4
300.4
311.6
301.0
301.5
301.1
311.6
299.8
301.5
310.9
301.1
311.3
314.1
299.9
858.4
347.1
315.3
313.1
300.3
312.9
299.9
301.5
300.3
302.5
305.6
311.4
312.4
311.5
301.0
313.1
300.4
473.6
313.6
301.3
301.9
312.4
313.5
301.6
299.9
302.7
306.8
299.4
300.8
301.8
301.2
312.8
301.3
301.2
300.7
300.9
314.4
300.6
310.8
311.1
300.2
299.9
300.8
300.6
300.9
312.9
301.3
302.5
301.4
301.2
300.3
301.0
857.0
301.9
300.0
301.5
309.7
310.4
299.9
300.7
319.8
301.9
303.7
299.9
300.1
310.9
300.8
316.6
472.3
312.4
301.7
524.1
301.2
299.6
311.2
300.7
301.3
302.3
312.7
301.5
463.8
307.7
307.7
313.3
327.2
299.2
300.1
300.1
310.7
300.9
313.8
300.5
301.0
310.6
331.4
519.6
325.5
529.4
300.2
312.8
302.4
303.1
300.9
324.4
856.6
301.0
300.2
310.3
310.8
299.6
300.9
300.6
311.1
299.7
338.8
299.7
301.9
313.3
302.0
302.0
472.6
311.9
311.9
300.9
323.5
310.6
310.6
310.9
300.8
301.8
300.4
300.9
301.1
302.0
301.3
314.2
300.4
310.2
311.6
313.9
300.6
302.2
449.1
301.2
330.8
303.5
324.6
300.6
300.1
300.9
302.5
312.6
299.5
300.6
311.1
858.5
300.6
301.4
301.4
302.1
302.1
300.7
301.5
310.8
299.6
302.1
299.4
299.9
300.6
311.8
299.8
301.7
472.9
311.3
313.4
310.6
311.4
311.5
301.3
311.8
320.4
342.6
300.1
311.1
299.6
311.6
301.3
302.4
301.5
302.8
310.6
301.4
300.0
300.3
309.8
311.8
301.0
300.5
301.7
367.6
311.6
300.0
325.3
398.4
405.3
312.1
300.6
862.0
311.0
301.1
299.7
312.0
300.4
300.1
400.0
312.9
387.8
300.3
300.7
299.6
299.6
310.7
299.8
299.9
471.6
300.8
300.0
301.1
303.9
300.3
299.9
301.7
299.6
300.3
301.3
313.6
299.6
301.3
300.3
301.8
313.7
312.0
301.0
300.3
311.5
299.5
301.9
301.0
370.0
300.0
301.5
320.1
303.6
300.8
300.9
310.3
299.9
301.1
303.9
856.2
311.0
300.1
300.4
312.0
309.8
302.2
301.3
312.4
300.0
300.3
313.1
299.8
314.3
310.4
300.1
300.2
471.7
301.5
311.1
300.5
300.9
299.8
301.2
313.4
300.0
311.3
309.9
301.8
300.4
318.0
320.1
313.2
322.7
312.2
313.6
301.2
302.4
321.7
314.8
312.9
300.3
299.8
302.1
300.8
301.6
312.5
300.8
300.2
300.2
312.9
301.8
856.3
307.5
314.3
313.0
300.5
300.2
301.4
312.7
310.6
312.8
312.2
301.2
300.8
300.1
300.3
300.7
311.2
471.9
300.5
311.0
305.8
301.8
311.8
299.6
312.0
301.7
300.7
300.5
300.2
315.4
300.0
300.1
301.5
311.5
301.1
300.9
300.0
301.2
301.6
301.5
301.2
311.0
299.9
301.2
310.6
310.8
331.1
419.9
431.2
300.6
300.8
300.7
857.4
304.4
301.0
312.3
299.5
318.6
300.0
300.4
300.4
327.0
425.6
441.7
302.2
311.1
300.1
301.9
312.3
472.5
300.2
300.3
301.4
299.9
325.3
299.5
314.3
312.5
300.4
301.8
313.4
302.4
312.5
298.4
300.3
301.8
311.9
312.0
310.9
302.4
301.1
299.8
300.0
301.5
311.0
312.5
311.0
303.6
299.5
312.9
302.0
367.6
367.6
427.7
857.1
310.8
300.0
299.8
312.2
310.8
310.7
301.5
312.2
300.0
301.9
301.2
315.2
300.0
300.9
303.9
300.3
471.3
300.3
301.8
312.0
300.5
301.0
429.1
301.7
313.2
309.1
311.6
300.7
314.2
310.7
302.4
310.8
307.4
328.6
301.2
302.5
301.3
311.1
301.2
304.3
301.3
311.5
299.9
358.1
311.0
312.6
301.9
300.0
300.0
301.7
299.6
857.3
300.7
301.1
312.2
302.2
300.1
300.7
300.0
300.7
314.4
311.4
300.1
299.8
300.8
301.7
301.0
301.2
471.3
311.5
299.9
317.3
310.2
300.5
313.8
301.0
311.8
306.1
301.0
299.9
310.5
300.5
300.4
300.1
310.5
311.2
300.3
311.4
300.9
313.2
310.7
300.3
303.7
310.7
299.9
300.3
301.6
314.2
299.5
300.1
310.7
300.8
311.6
858.1
314.7
300.7
300.1
300.4
299.6
301.2
299.9
309.9
299.7
301.1
300.3
341.1
313.6
341.7
335.8
308.4
481.4
301.2
300.9
299.9
301.6
300.2
300.7
302.5
300.0
310.7
313.2
316.6
311.5
299.5
309.9
315.1
299.6
299.8
299.9
299.6
299.7
300.0
300.1
299.9
345.7
447.9
419.8
302.4
300.5
323.5
300.6
299.7
302.0
409.8
303.4
299.5
860.1
300.9
300.2
314.4
303.2
300.9
312.9
299.8
299.8
310.8
310.8
300.0
302.6
299.8
301.8
305.6
472.8
312.0
311.5
299.5
299.9
300.4
310.8
299.7
299.7
300.9
301.2
300.0
301.1
312.8
311.7
300.3
302.2
315.0
300.9
300.2
301.1
311.6
300.5
301.9
301.5
300.1
300.8
300.5
299.6
301.2
300.8
300.2
311.6
299.9
299.9
856.6
310.6
299.6
300.0
301.0
316.3
300.3
308.4
300.9
312.0
300.3
300.4
299.9
314.6
300.2
304.0
300.1
473.1
302.0
300.6
300.2
300.7
302.9
301.0
299.9
299.8
301.2
301.7
314.2
300.9
299.8
306.8
300.0
301.6
311.0
300.3
311.8
311.7
301.8
312.4
306.6
306.2
300.7
310.7
300.4
300.0
300.2
310.4
301.6
311.8
302.7
300.1
858.6
301.1
303.1
305.8
314.9
304.1
311.1
300.4
300.0
299.9
300.2
311.7
300.1
307.8
310.3
299.7
311.0
472.3
300.4
302.0
317.9
300.1
301.8
316.3
300.4
301.8
300.3
311.4
300.4
305.6
314.1
300.3
301.1
300.6
311.2
316.3
300.7
300.3
343.5
307.2
300.9
300.6
311.2
315.4
303.0
300.0
305.5
316.3
450.9
303.4
301.4
312.0
857.9
300.0
311.2
311.7
312.7
314.9
312.8
313.9
444.7
498.0
313.7
311.7
321.8
300.7
300.2
302.1
303.1
479.0
310.8
299.6
299.7
312.3
312.4
299.8
313.3
299.8
303.4
300.9
299.9
301.7
313.7
311.0
300.0
301.0
311.0
315.0
300.1
311.6
305.0
303.2
302.1
321.1
310.4
301.0
312.6
301.6
310.5
300.8
301.7
300.3
300.8
302.0
862.7
311.0
299.8
311.5
300.0
300.5
309.9
299.8
301.2
300.5
311.8
304.4
315.7
302.5
300.3
300.7
356.8
471.8
304.1
313.2
302.2
299.8
300.1
300.1
299.8
308.9
315.1
321.4
298.3
301.3
301.7
