311.7
397.4
303.5
386.1
300.7
324.2
302.9
341.4
299.1
301.5
305.6
419.6
396.3
465.5
565.3
745.3
496.8
616.5
558.6
300.7
300.6
304.0
301.1
301.1
332.9
430.9
449.3
396.8
347.3
301.7
357.6
327.0
391.5
301.7
301.3
303.1
301.0
360.0
318.9
371.2
301.5
302.8
304.0
303.1
307.2
300.7
304.0
299.3
302.1
300.3
301.5
301.2
301.0
305.5
304.8
303.9
301.8
312.6
301.8
311.7
376.1
407.4
494.8
421.3
381.0
301.0
301.5
306.6
302.1
301.1
304.0
301.7
301.0
301.4
302.2
302.5
301.4
377.4
337.0
365.2
301.9
301.2
302.0
301.5
303.6
301.5
301.5
312.2
336.2
343.4
312.9
303.2
300.9
307.4
301.4
301.9
300.8
302.2
303.3
351.8
341.3
301.3
299.9
299.6
300.9
300.5
299.4
299.1
301.3
334.9
303.3
332.6
299.2
299.1
301.7
337.2
304.0
344.0
300.5
302.0
346.3
328.1
363.0
302.9
361.2
303.9
345.6
301.0
302.1
301.4
314.2
300.9
299.7
301.6
301.1
301.0
299.6
301.4
312.6
312.4
301.5
302.4
302.7
305.1
301.9
312.3
300.7
301.2
300.8
300.5
305.4
302.6
301.4
302.1
412.7
333.6
378.3
300.1
301.6
301.6
303.1
302.5
302.7
300.1
302.5
302.7
300.9
299.1
301.4
304.0
301.0
302.7
303.0
313.8
299.0
326.1
298.7
300.0
301.3
310.7
301.4
302.5
313.0
299.7
302.5
302.0
376.7
440.8
423.5
299.5
378.7
300.7
302.4
302.5
299.0
299.2
301.0
300.8
301.4
300.7
303.4
303.0
308.3
391.4
398.0
301.7
304.0
312.7
303.4
303.8
301.4
315.8
388.4
396.7
303.7
304.3
299.9
299.0
300.0
449.7
382.5
489.3
464.3
430.3
361.5
301.5
302.5
303.3
300.8
302.7
300.5
302.3
312.7
301.0
302.6
299.3
352.0
465.4
433.5
352.4
331.5
463.8
427.4
301.4
378.2
302.5
373.2
299.3
299.7
301.7
301.2
300.7
301.5
302.4
304.0
301.4
302.9
303.2
302.6
308.9
301.2
302.9
362.8
299.9
301.5
299.1
312.3
301.9
302.8
300.1
299.4
301.5
300.3
388.7
372.4
445.0
300.9
300.3
302.2
301.6
306.6
313.1
301.7
614.5
652.4
721.4
720.7
557.9
746.8
301.2
302.9
300.9
302.6
311.0
383.6
387.1
304.5
443.4
547.7
460.1
416.3
302.0
301.4
300.1
301.6
301.3
302.6
318.6
323.9
299.3
312.4
311.7
310.2
307.2
301.5
302.0
302.0
299.1
304.7
303.8
303.0
303.7
303.5
300.4
301.4
301.6
301.2
302.1
302.1
382.4
372.2
368.0
300.0
302.8
373.0
464.8
426.0
301.0
301.2
303.0
299.5
301.4
301.7
403.9
660.6
612.7
438.7
414.9
300.5
300.6
302.7
302.9
358.8
431.3
519.6
365.3
299.0
302.2
303.3
302.9
304.2
301.3
301.2
301.2
301.3
302.9
304.3
311.7
300.1
301.5
302.7
299.8
305.4
301.6
312.2
302.3
300.3
301.5
300.3
300.0
300.0
303.2
299.0
300.1
300.6
301.2
299.6
299.5
372.9
458.5
395.6
300.4
441.9
507.2
502.0
363.6
299.2
301.7
301.9
302.6
299.5
308.1
302.6
311.9
401.9
450.8
450.5
327.7
303.2
302.5
301.1
326.5
301.5
299.1
302.4
303.7
300.0
302.7
308.6
302.7
300.2
315.3
302.0
301.7
340.4
337.3
303.9
302.7
302.4
305.9
302.8
300.6
301.5
301.5
301.2
358.7
302.5
301.8
302.9
300.4
300.2
301.6
301.0
353.1
303.9
353.1
327.4
322.6
409.8
380.7
301.8
299.8
300.1
301.6
302.3
303.7
302.3
301.5
303.2
303.0
302.2
299.4
301.9
301.6
299.4
301.7
451.3
422.9
403.9
360.6
303.7
301.2
304.1
303.7
302.1
305.2
300.3
319.1
299.2
305.2
301.0
301.8
307.3
301.3
307.3
302.0
301.1
301.8
302.0
307.0
311.5
299.4
299.9
317.2
303.9
301.5
300.8
450.5
415.7
477.8
454.9
381.6
374.5
420.2
342.5
303.8
300.1
301.4
302.7
299.3
301.9
308.9
303.9
316.1
300.1
313.9
304.1
334.1
301.7
301.8
302.9
309.1
303.9
300.0
303.5
301.3
303.4
303.2
301.6
299.2
300.9
305.1
302.6
371.6
419.1
360.1
302.0
300.3
312.1
302.3
338.8
330.7
305.1
299.3
300.3
301.2
299.4
402.1
491.6
552.9
493.3
442.3
406.4
300.5
300.9
303.1
302.5
302.7
301.5
300.0
300.4
301.5
377.1
459.9
473.8
358.1
305.5
299.4
301.3
300.4
301.7
302.3
301.3
301.6
300.0
324.7
312.5
304.3
302.1
299.7
303.3
409.5
445.3
427.5
430.1
299.2
302.0
302.0
304.7
301.1
300.5
302.4
300.9
301.6
301.7
301.9
301.1
303.6
300.0
302.5
353.7
393.9
591.7
623.1
670.1
541.6
300.9
302.4
300.1
299.9
301.4
302.4
300.7
302.4
302.0
303.7
320.6
312.6
319.0
303.2
301.5
300.3
301.1
356.9
344.8
400.9
299.8
304.4
374.0
388.2
485.1
503.3
324.8
302.6
301.7
301.0
301.9
307.1
303.4
303.9
343.3
411.3
361.1
309.2
304.7
304.6
300.2
302.7
300.6
377.2
441.4
434.3
370.7
299.9
302.1
300.6
302.0
307.3
311.3
306.2
305.9
299.5
307.1
301.1
299.4
300.2
306.5
402.1
405.9
383.1
481.1
424.0
332.6
299.3
302.6
300.9
301.6
303.1
302.4
301.1
370.6
361.8
302.9
300.0
300.0
301.7
303.9
300.0
299.9
304.5
299.5
303.0
302.7
300.9
299.8
299.3
299.6
304.0
302.1
311.2
301.0
303.5
308.9
313.2
300.9
301.5
301.2
366.5
358.6
305.4
301.6
309.5
302.5
299.6
302.5
301.5
306.6
301.5
300.4
299.2
299.9
302.4
415.2
421.9
327.1
404.5
458.8
344.4
464.2
321.9
300.3
304.3
300.6
301.1
301.2
302.3
302.9
316.3
299.8
302.2
301.4
302.0
314.7
301.3
301.9
300.4
299.6
312.6
303.9
302.5
324.4
472.9
465.7
300.5
303.0
302.7
300.7
302.3
307.0
300.2
448.8
362.5
394.8
511.5
369.5
302.4
302.0
299.9
301.4
299.6
302.0
301.3
301.7
316.9
312.4
305.2
299.6
300.8
315.4
301.9
302.6
299.9
302.2
300.5
306.9
304.5
316.2
325.5
301.5
301.4
302.5
303.4
300.8
300.9
303.5
320.2
311.9
314.8
309.6
300.9
301.3
302.3
302.3
300.3
300.0
300.0
302.2
301.9
309.3
301.0
301.8
303.2
303.4
300.5
299.3
311.4
300.9
299.9
302.5
302.6
302.0
300.7
301.8
300.5
300.7
301.6
302.1
299.7
305.2
302.7
342.7
408.7
418.8
301.9
327.1
306.9
328.8
333.4
374.3
332.9
301.4
302.0
300.1
301.2
301.6
300.2
299.5
299.9
299.1
381.0
365.6
316.1
300.5
329.5
302.5
325.9
302.5
300.5
300.2
299.8
434.7
457.6
527.9
459.5
301.2
312.8
301.0
401.5
343.2
439.2
299.5
301.4
302.4
300.1
301.6
300.9
300.1
301.1
299.9
303.5
299.7
302.6
299.9
313.5
301.8
300.1
329.9
303.8
342.7
301.2
300.8
303.3
302.9
301.1
302.3
313.6
303.0
301.6
303.7
302.8
302.2
301.0
300.2
301.4
371.6
306.3
377.7
397.6
302.1
301.4
301.1
303.6
304.1
301.4
301.3
301.4
302.6
308.0
377.8
301.4
316.8
367.3
369.8
312.5
318.4
437.8
451.6
342.4
300.2
300.9
299.1
313.1
391.6
383.9
301.5
303.6
301.6
303.5
312.5
316.2
302.6
302.4
301.3
301.5
300.8
306.2
355.3
344.5
299.9
302.3
313.1
301.0
300.7
299.9
300.7
300.8
316.6
301.5
313.1
300.8
305.7
301.1
317.3
306.4
328.4
302.9
312.7
300.3
300.5
300.9
301.0
302.1
301.7
319.3
330.2
328.3
300.1
301.8
301.3
301.0
301.7
303.6
301.3
300.1
300.3
302.9
301.0
302.2
303.5
315.4
301.8
301.9
300.3
300.5
398.6
465.0
482.6
481.4
358.7
299.5
