314.0
381.6
314.4
377.4
300.4
349.3
303.5
354.9
314.7
303.0
303.2
368.6
335.5
650.3
640.2
685.2
481.2
617.6
570.3
301.0
301.4
301.1
302.7
299.1
319.6
445.6
497.8
359.1
388.8
305.1
386.5
315.1
402.1
300.8
880.2
302.1
303.5
379.1
312.2
386.9
303.5
303.6
301.7
311.4
300.3
301.2
301.4
299.2
303.4
301.2
301.2
916.3
301.0
300.6
301.0
301.9
301.1
300.9
307.4
305.3
425.2
440.3
534.6
439.9
417.7
299.8
432.6
418.9
310.7
341.1
301.7
302.0
307.2
301.4
304.1
300.6
315.3
367.3
316.8
364.4
301.7
313.1
301.2
301.2
313.8
881.9
300.7
316.0
340.5
345.6
313.0
303.1
301.4
301.9
301.3
302.3
318.3
328.8
318.5
361.5
347.5
301.7
301.2
314.5
917.5
299.9
299.5
299.3
302.3
336.3
340.5
313.1
299.6
302.2
302.7
344.6
304.4
343.4
301.6
302.5
428.8
314.3
423.2
305.1
334.6
315.6
338.1
301.4
301.8
300.9
304.0
301.6
301.9
301.7
301.6
301.0
299.5
899.2
302.4
302.2
313.8
302.5
313.4
303.2
300.5
302.6
312.2
301.4
305.0
342.3
300.4
304.5
300.7
313.6
301.5
301.9
916.5
300.1
301.6
304.8
310.0
299.0
316.5
324.7
301.4
303.1
312.4
299.3
300.6
301.1
301.5
303.3
317.2
301.5
301.0
313.1
302.0
300.3
302.2
302.1
302.2
301.7
314.1
299.5
302.9
302.8
339.0
420.8
437.0
339.0
310.4
312.3
883.2
303.0
310.6
301.2
299.4
301.7
303.3
300.9
308.3
303.7
302.8
407.1
386.8
302.7
315.5
302.6
309.9
942.9
300.9
313.8
406.8
398.7
307.2
300.9
300.2
299.3
300.3
392.6
452.9
556.6
461.5
443.8
348.4
301.5
303.1
326.7
301.2
301.7
301.2
302.7
300.7
300.1
305.0
299.4
366.7
439.8
435.1
357.4
301.5
313.9
300.3
881.7
375.0
303.1
373.4
299.9
301.1
312.9
320.1
329.1
306.6
302.0
312.7
301.9
301.5
302.6
917.2
301.3
303.0
303.1
301.2
299.9
303.9
301.5
301.2
302.1
320.2
304.3
305.6
300.8
303.4
351.1
408.0
447.1
301.5
301.4
303.1
303.4
303.6
304.1
301.1
442.2
693.5
491.8
697.8
765.9
804.5
301.5
306.3
301.8
304.6
299.5
302.9
882.2
299.0
492.0
452.2
455.8
423.5
300.9
300.3
300.4
301.2
301.2
303.0
317.4
325.2
299.2
915.5
308.7
314.1
306.7
301.3
303.6
302.2
300.1
299.9
302.3
306.0
393.5
303.2
488.2
307.3
313.2
316.6
301.7
365.0
381.5
342.6
401.6
300.5
315.8
301.3
409.2
411.2
300.6
301.0
380.3
299.4
301.2
300.5
302.4
358.7
357.6
301.4
881.8
300.2
300.0
303.4
301.7
302.1
302.8
301.8
300.0
300.6
299.3
300.2
315.4
302.4
311.5
914.8
301.5
301.1
302.7
314.1
300.6
302.5
313.9
302.5
311.4
301.7
302.7
312.9
303.6
300.7
300.1
302.0
300.8
300.4
301.6
299.3
305.9
303.2
303.3
299.6
299.5
314.2
442.0
429.8
304.0
303.1
438.8
489.8
364.3
300.2
881.7
302.0
315.7
304.9
301.4
314.6
299.6
316.4
485.3
438.3
346.9
300.5
303.2
313.9
302.6
300.5
300.0
301.8
916.4
301.1
299.7
300.3
299.3
299.4
312.7
303.8
300.5
346.5
347.1
301.8
304.2
300.8
312.9
303.7
302.3
302.6
300.5
301.1
301.8
302.1
301.0
302.9
300.7
312.1
302.1
311.7
347.9
313.9
353.3
329.9
300.7
326.4
301.7
880.6
299.7
301.7
301.4
301.1
302.8
299.5
301.7
302.7
302.2
312.7
302.2
302.1
301.1
299.9
301.4
304.5
303.7
312.1
917.3
301.1
314.3
306.4
313.0
301.8
303.9
312.5
306.2
300.3
338.9
301.3
301.9
303.7
302.3
302.2
302.6
301.6
301.4
314.1
312.4
301.7
301.3
300.5
303.1
301.1
304.1
300.9
331.6
462.3
453.5
388.2
881.1
340.2
359.5
398.4
301.0
301.4
301.7
302.8
299.3
302.0
315.4
316.4
318.1
300.2
305.7
312.9
301.1
300.3
305.9
917.5
304.5
305.0
299.7
301.2
300.8
301.1
303.0
304.4
303.1
302.7
310.7
301.9
417.9
386.9
342.8
302.9
299.7
300.2
313.1
345.0
335.9
303.1
299.3
299.1
301.4
299.1
381.7
544.3
586.5
536.1
372.5
468.1
299.6
881.8
300.4
301.7
301.0
302.2
300.7
299.9
305.3
380.8
405.2
480.5
310.8
305.2
300.3
300.0
300.7
299.8
301.3
916.2
301.4
300.2
303.8
312.4
303.0
314.6
300.0
303.4
347.5
359.4
438.7
441.1
303.9
313.6
304.5
305.0
301.1
300.6
302.4
299.9
299.7
300.3
313.7
301.3
302.6
302.6
304.7
303.8
409.6
437.6
500.0
549.0
880.0
301.0
300.8
300.1
303.0
301.0
302.6
302.5
302.9
302.6
301.1
321.4
315.3
318.2
312.6
300.2
300.4
915.4
455.2
324.0
424.2
300.6
300.6
301.7
335.2
478.5
492.4
353.8
302.9
302.2
305.4
310.1
306.4
379.5
366.2
372.2
451.3
371.5
312.6
302.4
311.3
300.1
301.6
303.7
460.9
393.6
503.3
396.0
299.7
301.1
302.4
299.5
301.1
311.6
301.4
881.8
321.8
300.8
301.3
301.7
300.5
381.9
394.3
402.5
303.8
461.3
442.6
317.4
301.8
919.2
302.4
301.5
301.4
301.1
352.8
313.3
364.4
301.8
300.2
300.8
300.7
302.0
300.0
299.8
301.1
301.6
301.8
301.7
299.8
310.7
305.2
301.0
338.7
314.1
307.2
300.4
314.0
301.0
303.3
301.0
301.5
300.1
302.4
302.2
300.8
305.3
880.0
301.3
299.2
300.8
301.7
303.4
304.0
301.0
299.6
300.9
442.6
457.1
611.9
314.6
322.5
329.0
313.3
301.0
916.2
309.3
305.0
299.5
301.5
302.7
300.1
303.0
316.6
301.2
301.2
301.0
302.8
303.4
311.0
302.5
302.4
299.7
316.2
300.4
355.5
475.5
498.7
509.5
311.9
300.6
314.1
309.2
303.9
305.7
300.3
304.8
342.3
329.7
300.6
880.9
308.5
312.7
305.4
307.8
301.3
301.2
301.5
304.6
300.3
316.3
314.2
300.8
321.1
915.2
302.2
299.5
300.5
302.0
302.8
299.6
311.2
304.7
305.7
301.2
302.6
305.9
314.0
301.5
300.8
300.7
313.8
340.1
308.2
327.6
302.0
304.6
301.3
300.9
300.0
299.6
300.2
313.2
302.8
304.6
312.7
300.9
429.0
301.5
880.4
301.9
304.0
299.4
311.5
313.6
302.6
314.1
301.5
314.3
300.0
299.9
301.2
306.1
301.5
300.0
300.6
310.9
301.4
917.1
302.2
307.7
322.6
324.5
336.7
302.2
328.5
303.1
315.3
311.0
301.0
302.1
300.8
302.6
300.6
301.3
315.4
363.7
365.1
300.8
330.5
303.5
325.7
301.0
300.4
299.7
300.5
425.8
466.6
427.1
536.6
300.5
300.1
880.1
314.1
441.3
446.7
301.5
303.2
299.7
303.1
306.5
311.9
304.2
301.7
299.7
300.8
300.6
299.6
302.5
303.2
916.2
299.6
332.0
307.2
345.2
307.2
301.3
312.0
301.2
353.9
303.5
300.6
311.6
301.6
301.1
303.4
300.9
303.3
300.9
299.9
335.3
444.5
338.9
444.5
301.6
314.6
301.4
304.1
300.2
302.9
311.6
304.2
303.6
303.5
880.1
301.1
354.1
317.8
370.6
301.1
381.6
400.5
489.1
301.6
299.9
312.7
300.1
347.0
335.5
374.4
301.6
918.0
301.1
301.5
314.4
303.5
303.1
318.6
301.1
302.6
299.7
305.2
352.9
345.5
300.4
301.4
302.8
301.2
303.7
299.9
299.8
311.3
313.3
303.3
309.8
300.1
302.1
303.2
302.6
322.3
314.9
299.6
300.7
302.4
301.1
880.0
301.3
302.4
303.5
309.1
341.3
332.7
301.0
302.4
305.4
302.0
307.1
304.6
303.5
300.1
300.9
301.2
312.7
916.4
302.6
317.6
302.8
312.7
299.6
300.4
344.3
465.0
484.9
474.8
359.9
300.7
