313.3
385.6
327.4
384.6
301.0
334.8
316.9
347.9
305.1
305.1
310.5
331.6
409.6
420.7
601.9
614.6
392.0
417.1
882.2
301.4
310.9
310.0
329.9
308.4
301.7
303.5
304.7
311.2
915.4
302.9
428.6
366.8
361.9
301.8
303.1
302.2
304.7
357.1
324.9
384.2
307.2
301.3
301.4
881.2
301.6
304.0
302.8
300.0
301.0
301.7
302.4
305.0
917.8
302.7
301.8
301.5
302.8
323.8
301.6
312.7
357.0
380.3
429.3
420.0
392.5
299.3
302.5
302.7
306.1
339.7
1069.7
309.1
301.5
366.9
302.9
301.4
302.1
302.4
300.4
914.8
302.1
305.2
301.6
302.4
335.2
302.5
300.8
302.0
350.0
345.1
304.0
301.4
300.8
300.0
301.6
299.6
304.3
303.4
340.1
336.3
879.8
303.1
302.1
299.8
301.4
300.8
327.9
920.4
302.7
323.0
302.9
332.6
301.3
312.2
301.6
347.9
310.9
343.4
302.9
307.6
401.6
308.8
399.0
301.0
307.7
301.8
879.9
312.6
319.6
326.0
362.2
299.3
301.5
922.3
301.6
303.4
301.8
303.3
304.6
312.7
300.5
313.2
301.9
313.4
303.6
322.0
299.7
311.9
311.5
311.0
298.9
304.3
303.7
879.3
319.4
355.2
363.7
299.7
300.8
301.5
300.5
915.0
308.6
312.9
301.3
311.5
309.0
313.8
302.2
306.3
301.0
305.5
303.1
317.5
301.9
314.0
301.4
302.8
301.9
903.3
306.8
325.2
320.6
303.5
302.0
301.7
299.7
318.9
339.0
315.0
921.5
303.8
306.7
301.3
315.7
300.6
312.2
299.5
319.0
333.2
311.2
351.8
353.8
400.9
390.1
309.3
304.7
880.5
301.8
320.1
303.3
332.6
363.1
393.6
301.2
303.3
917.4
300.2
300.2
434.7
313.8
547.8
430.4
439.7
359.8
303.7
303.8
302.3
301.5
302.5
324.7
390.4
301.4
309.3
885.9
310.7
443.4
407.9
439.4
388.0
310.7
331.5
300.0
929.2
460.0
319.0
378.5
300.3
301.0
342.9
336.6
311.0
305.5
301.6
301.4
302.3
353.0
338.0
302.5
309.0
305.4
882.0
305.7
300.0
302.2
338.2
315.3
300.8
300.4
916.7
309.4
304.8
301.9
409.6
379.5
481.5
301.5
329.8
303.9
307.8
301.8
301.6
302.5
436.2
514.3
521.0
599.6
484.9
880.1
301.1
302.5
300.9
306.5
303.3
306.6
925.7
300.3
370.5
505.2
374.0
530.1
313.2
300.9
301.5
303.3
301.0
318.2
338.3
330.2
299.9
303.4
301.1
312.4
302.4
882.5
307.3
305.2
301.0
301.4
302.4
313.6
301.1
301.7
916.9
301.8
302.7
301.0
302.3
352.3
382.1
347.6
407.4
300.1
302.8
345.3
424.9
470.2
301.1
307.3
303.3
889.9
301.1
300.2
397.6
468.6
596.1
462.7
382.3
300.4
311.8
915.6
314.8
303.3
301.6
300.2
300.2
301.7
300.4
305.9
313.0
306.8
305.1
315.1
302.8
301.4
301.4
312.2
300.0
881.1
318.6
301.1
311.7
301.0
304.8
302.7
301.1
915.6
299.4
309.9
306.8
300.5
306.5
301.9
299.9
300.6
305.3
299.4
299.4
315.6
422.5
431.2
312.1
301.3
303.4
303.2
304.5
887.7
325.4
300.5
301.0
301.6
305.4
309.1
916.1
446.6
423.3
481.9
325.2
301.2
301.1
301.8
306.2
301.7
300.1
302.9
302.7
310.2
302.5
300.2
301.4
301.5
300.4
303.2
342.8
338.2
882.2
305.2
301.7
305.1
313.8
915.9
301.1
303.1
302.9
304.2
299.3
301.3
306.6
305.9
300.4
312.8
302.3
313.6
353.2
302.3
352.4
305.2
316.9
304.9
881.2
300.2
306.3
300.5
306.1
303.2
313.8
303.5
916.0
300.9
303.7
301.0
301.9
313.9
306.9
309.4
351.5
362.6
481.7
429.9
325.9
303.1
302.2
317.3
315.2
301.5
301.6
880.5
300.0
300.7
303.9
325.1
313.0
315.4
299.9
301.7
915.0
314.7
301.9
319.1
301.9
314.0
299.8
301.7
302.0
311.6
303.6
302.4
455.3
377.3
586.7
480.3
346.3
300.2
302.5
882.3
303.9
310.3
329.0
302.1
299.6
301.8
311.9
302.2
915.7
305.2
313.3
305.3
307.4
319.4
303.8
300.9
304.2
301.5
301.4
307.4
301.7
303.3
301.4
301.8
880.4
302.2
318.9
301.1
419.1
377.3
343.5
307.3
300.2
377.5
304.3
369.5
917.3
301.6
303.0
300.1
303.3
301.2
430.9
529.5
559.4
597.9
393.5
439.8
313.5
319.5
301.7
307.1
303.1
880.7
300.8
301.8
304.1
339.3
426.5
461.8
915.5
394.0
427.9
302.1
313.3
300.6
305.9
306.2
324.3
301.3
301.1
301.2
302.2
317.1
303.3
304.2
300.4
303.1
302.7
299.9
881.9
300.0
306.4
301.8
301.0
300.5
313.8
919.6
306.6
302.3
305.5
302.4
300.5
309.1
312.4
319.8
446.4
552.8
468.3
661.3
674.4
300.3
304.0
302.9
300.6
886.2
306.8
301.3
308.0
309.0
307.0
316.9
334.4
333.9
301.5
916.9
300.6
300.7
401.9
324.0
430.0
311.9
300.0
363.8
449.0
519.4
517.8
362.4
320.8
362.8
301.5
300.3
884.1
305.3
302.2
372.6
330.7
390.0
317.9
313.1
308.0
915.1
301.3
303.9
441.9
394.8
441.5
391.4
320.3
309.2
301.6
300.2
304.7
300.7
299.3
302.4
316.7
302.2
300.1
302.5
880.6
303.5
405.0
400.3
398.9
353.9
457.0
304.6
300.3
919.9
301.6
334.1
302.5
339.7
303.5
368.0
365.7
301.1
301.8
301.9
302.3
300.2
301.6
299.2
298.9
313.0
881.4
313.6
301.2
299.9
303.0
301.1
311.5
301.3
312.3
299.9
305.3
917.1
320.7
303.8
302.3
299.2
307.4
344.9
354.3
302.0
307.2
301.3
299.2
301.0
302.5
302.6
302.0
887.5
300.7
302.2
385.6
407.9
469.3
328.4
380.6
350.3
303.6
312.1
915.5
300.6
301.5
299.5
304.4
300.3
305.5
313.1
301.7
302.1
300.9
303.0
301.0
312.7
312.6
312.2
879.1
301.9
314.0
300.3
301.3
411.7
424.4
489.9
300.9
301.8
303.9
917.3
300.9
306.0
302.1
442.4
425.7
394.5
523.1
376.3
302.5
300.9
301.9
301.2
315.0
304.7
300.9
334.6
302.8
326.6
880.4
301.3
300.9
307.4
299.3
300.3
299.2
915.3
304.4
300.4
303.0
302.8
315.3
302.3
301.2
302.3
304.5
308.3
301.9
302.5
320.6
310.8
314.4
309.2
882.9
301.4
301.0
300.1
302.7
299.2
300.5
302.7
313.0
304.3
918.4
301.4
302.0
305.7
301.1
300.0
302.9
301.4
301.6
317.1
302.5
315.6
300.4
314.2
300.4
299.7
300.1
879.8
307.6
300.9
301.2
302.9
304.2
313.9
303.0
299.3
300.4
915.7
321.4
317.0
332.1
306.0
300.6
299.9
300.3
307.4
300.7
301.2
301.7
301.0
301.7
361.7
351.2
300.2
301.3
313.0
880.3
300.1
300.1
300.3
300.6
303.9
348.3
353.3
916.3
303.1
302.6
301.3
452.7
370.3
408.2
302.4
303.8
299.6
300.7
313.9
301.7
303.5
302.2
303.1
304.0
885.4
301.4
300.8
304.0
310.5
302.7
346.0
304.7
334.1
915.9
312.0
300.7
312.2
303.2
316.5
307.8
325.1
303.3
302.3
306.1
301.3
317.0
301.1
300.3
328.7
305.0
334.3
892.5
448.4
1336.2
541.2
571.8
313.5
303.8
301.5
299.9
306.1
317.2
915.7
313.1
302.5
354.7
367.9
301.0
358.8
409.2
502.0
299.2
300.6
312.2
310.4
338.4
335.2
379.6
302.3
879.7
301.0
318.2
304.1
312.9
303.1
317.5
303.5
918.7
310.4
319.0
372.0
363.8
300.5
301.8
302.5
303.5
301.7
299.5
300.1
299.6
300.0
303.2
312.5
303.9
300.4
301.8
316.5
882.0
316.4
300.9
300.7
316.1
302.6
311.9
305.0
303.9
916.6
314.1
338.5
547.7
302.0
302.3
305.9
304.0
304.6
302.7
302.0
302.1
299.4
315.7
305.7
299.9
302.6
306.1
315.6
880.4
303.5
300.2
305.3
351.2
342.2
303.2
301.3
915.0
