320.8
391.5
319.3
385.3
311.5
301.1
301.7
304.7
884.1
308.2
374.2
929.4
476.7
468.5
592.1
671.1
485.3
416.6
872.3
304.2
301.2
304.4
304.0
906.0
339.4
452.1
416.4
396.5
348.0
300.8
312.6
350.1
898.0
302.5
916.3
301.7
313.7
363.3
311.8
365.3
303.3
302.2
301.7
869.0
301.9
303.2
301.3
916.7
301.1
303.0
301.8
306.3
301.8
301.2
301.4
880.7
301.2
310.3
301.1
916.3
407.6
343.3
391.6
507.8
384.3
302.4
301.3
869.9
302.9
304.9
906.7
301.7
301.5
304.8
301.3
301.0
301.4
304.0
311.5
881.4
301.8
301.2
915.2
302.2
316.0
312.2
306.1
353.4
350.3
364.5
299.8
882.5
318.7
300.0
301.3
915.6
303.1
300.6
301.5
352.6
336.3
302.8
303.5
300.3
881.0
299.8
301.5
906.6
306.7
337.1
314.2
337.2
302.3
301.0
882.9
354.1
302.4
340.5
299.6
915.5
392.5
313.7
396.8
301.1
301.0
313.3
869.2
301.0
301.6
311.3
301.6
920.5
300.4
310.8
301.8
301.8
301.3
301.9
312.4
300.7
311.3
884.6
301.5
305.4
918.3
303.0
305.7
303.7
304.9
303.1
301.5
301.4
303.3
884.0
301.2
311.6
905.1
301.1
303.4
312.7
312.6
305.8
301.7
882.0
303.6
301.7
301.2
916.1
298.6
302.3
301.2
302.4
306.1
311.6
299.8
301.6
879.6
300.4
312.5
919.2
301.6
304.9
313.0
299.3
300.9
301.5
361.0
401.7
408.9
1042.0
915.7
299.1
313.4
302.9
299.2
310.2
299.9
306.7
301.4
872.2
304.7
305.9
301.0
302.6
914.9
307.8
307.5
305.9
310.5
302.9
369.8
388.8
872.7
374.9
300.3
300.1
915.0
299.3
303.9
583.5
671.1
850.0
603.4
878.3
877.9
880.4
909.4
299.9
301.3
320.1
303.7
302.0
305.7
301.3
881.8
300.5
304.6
302.6
300.1
905.2
405.3
344.4
447.2
304.0
301.2
314.0
881.9
299.3
299.6
303.3
312.9
918.0
301.3
300.5
302.1
301.4
300.5
302.8
882.2
312.2
302.5
306.6
301.1
916.1
304.0
301.8
312.8
307.1
311.7
305.8
883.1
302.5
301.6
329.4
307.0
303.0
933.4
306.8
301.9
300.2
315.1
303.9
879.8
527.8
418.1
535.4
534.4
468.2
903.1
301.5
314.6
301.0
301.8
299.6
301.5
880.8
318.4
382.1
382.1
340.3
301.6
903.9
301.5
308.7
316.9
301.1
299.1
300.6
880.8
302.2
917.0
345.9
303.6
318.3
311.6
303.0
313.8
300.1
299.0
304.1
303.5
881.3
300.1
914.6
300.8
303.7
300.5
300.7
323.4
315.0
325.5
882.0
302.3
314.6
308.1
314.4
301.8
905.9
300.3
302.1
300.6
301.5
880.2
396.1
382.6
485.7
300.9
903.9
300.6
301.2
301.9
312.9
332.0
301.2
302.2
882.0
300.8
299.5
299.3
313.7
304.1
904.7
300.1
300.9
303.4
302.5
299.8
312.5
880.0
312.7
311.5
920.2
300.5
321.4
301.8
301.5
301.4
299.7
299.2
880.6
301.3
315.2
300.9
904.1
301.5
300.5
299.8
314.8
307.2
301.9
307.3
905.6
302.9
303.4
316.5
302.0
903.8
302.3
311.5
352.1
300.2
301.8
318.9
899.5
304.5
311.2
314.3
916.3
302.9
304.4
312.9
302.2
312.6
302.0
300.1
871.5
300.9
300.9
314.2
924.3
300.1
302.2
312.7
304.3
393.9
376.8
300.4
301.4
871.2
303.4
904.2
301.6
304.3
299.2
307.9
300.9
303.2
300.9
302.4
880.7
314.3
303.4
916.8
360.8
305.8
354.4
348.9
307.1
419.1
369.5
299.1
882.5
302.7
319.8
357.3
964.8
429.0
301.7
301.4
303.4
303.3
301.6
301.6
882.0
312.8
316.2
302.1
313.8
311.9
928.6
303.8
371.0
307.2
301.3
301.7
313.4
882.1
300.6
903.8
301.4
301.0
304.5
309.3
300.4
15.8
300.9
879.9
312.9
301.3
302.1
304.4
931.0
310.6
304.5
308.5
330.0
302.1
300.0
302.7
302.1
300.7
881.8
302.3
315.7
917.0
301.6
300.2
301.9
306.0
310.3
870.8
313.2
315.0
318.3
312.1
312.1
915.2
301.2
311.3
308.3
302.1
301.0
887.1
299.7
310.6
305.5
916.9
302.0
302.0
312.5
299.5
299.2
302.7
299.8
316.8
301.1
882.2
299.1
300.3
337.5
331.6
919.5
340.6
354.2
299.9
302.4
880.2
427.8
424.3
471.9
312.0
316.8
917.0
303.2
300.4
301.4
302.0
307.3
300.0
868.9
301.4
302.2
302.6
302.4
301.8
924.0
301.5
298.9
300.8
300.8
299.1
301.4
870.8
313.6
906.0
301.4
314.0
303.8
311.9
301.8
310.7
300.6
302.5
313.6
300.6
880.5
916.1
312.2
305.6
301.4
299.9
303.5
301.7
310.4
301.8
880.5
301.4
311.6
916.7
301.6
353.8
427.7
645.0
658.5
680.8
599.1
298.9
301.4
873.0
302.3
904.4
300.9
301.9
302.3
312.8
301.1
301.6
301.3
300.3
881.9
299.8
300.1
917.8
446.9
356.1
395.1
390.6
300.4
301.8
304.5
312.3
301.5
871.1
299.3
916.0
301.6
301.6
315.6
351.7
339.9
306.7
306.5
890.5
325.2
312.5
314.7
906.1
301.9
301.3
307.1
475.7
347.3
475.8
302.5
300.8
882.2
299.8
301.7
300.8
313.6
300.4
914.8
301.7
300.7
302.1
301.7
300.5
303.8
881.6
361.6
350.6
314.2
313.4
916.1
302.2
300.0
302.7
303.9
880.5
363.7
346.1
322.5
301.3
905.8
299.8
312.0
299.3
300.3
299.8
301.3
880.0
303.7
428.9
301.7
927.5
319.3
312.2
312.2
301.9
312.5
300.6
302.7
300.3
303.1
880.4
302.5
914.5
303.8
351.4
348.6
401.6
493.8
504.5
369.1
299.9
301.8
880.5
313.1
915.4
301.8
301.2
303.8
424.4
416.3
315.9
324.9
300.3
302.5
302.9
881.4
904.2
301.8
312.1
303.1
304.4
302.2
301.8
314.4
301.3
880.0
301.5
300.8
299.3
313.5
916.1
299.8
308.1
311.7
307.5
343.4
302.1
344.2
300.1
881.3
299.2
301.5
906.3
307.5
330.3
306.2
322.6
302.1
312.3
300.9
869.2
304.1
300.1
904.5
301.0
301.3
312.0
313.6
300.1
306.1
314.1
300.8
879.8
301.2
918.5
301.5
299.3
303.0
317.1
299.2
299.0
300.8
303.2
305.9
885.0
300.5
300.6
915.0
302.1
301.1
314.2
320.8
340.6
322.4
906.5
301.1
305.9
303.7
917.7
300.6
299.0
305.8
302.2
303.3
299.1
313.9
881.1
301.1
308.7
301.8
312.4
915.6
300.7
300.3
302.5
301.0
304.8
299.7
302.2
869.5
300.0
304.9
915.2
300.9
300.6
301.0
301.4
321.3
301.9
302.8
301.3
301.5
880.1
301.8
311.9
303.0
301.0
914.7
299.3
300.6
303.0
300.2
301.4
885.9
303.4
301.0
314.6
904.2
299.5
306.2
350.8
322.9
308.1
301.0
302.8
870.2
305.8
355.6
360.6
914.9
303.7
301.4
300.5
314.9
448.0
439.8
868.8
302.1
299.2
302.2
300.2
916.9
299.8
301.4
301.1
299.4
303.0
302.5
300.1
312.6
884.2
300.1
302.4
303.2
917.0
300.3
304.5
301.8
301.7
300.3
300.8
524.6
885.8
309.7
303.2
909.5
301.9
301.9
302.4
301.4
311.9
314.1
321.9
880.1
301.1
313.9
300.2
904.4
299.3
302.0
302.6
299.6
303.5
301.0
881.7
301.5
301.2
302.9
917.4
305.7
313.5
445.4
446.5
313.9
300.0
303.8
880.0
308.0
388.9
382.3
301.4
916.2
301.6
330.5
305.9
303.0
304.0
316.2
300.4
880.6
300.2
313.4
316.3
918.2
300.1
300.6
315.3
301.6
302.8
299.4
879.6
301.2
310.3
306.1
301.6
915.3
304.2
302.8
331.1
312.9
336.7
305.8
299.9
306.8
301.5
871.7
302.0
302.4
917.6
367.7
304.2
363.1
299.4
303.5
869.4
352.9
313.9
301.1
300.9
915.6
302.9
303.7
313.7
312.0
303.0
310.9
299.6
882.3
301.4
300.0
306.8
425.3
389.7
340.4
915.2
300.5
