311.0
399.6
312.6
387.6
300.8
341.9
313.9
343.9
310.6
302.3
304.0
388.2
495.7
576.7
581.3
779.0
547.0
532.8
538.6
306.0
304.2
301.5
301.3
299.5
307.5
452.1
467.1
381.0
379.1
304.2
428.3
304.4
417.2
300.7
305.8
301.1
300.3
377.4
302.5
388.5
304.6
303.7
302.4
304.4
301.4
304.2
301.8
882.1
301.3
302.9
301.7
300.9
301.7
301.1
306.1
313.4
321.8
312.8
301.6
313.5
429.3
411.7
409.4
530.6
393.5
300.9
300.8
300.2
303.1
307.4
916.3
302.6
303.1
300.9
301.6
303.7
301.2
373.0
333.6
347.3
301.7
302.8
313.7
305.1
315.0
301.3
302.6
301.1
360.0
333.4
305.6
302.3
300.8
300.3
301.7
302.5
301.9
314.3
307.0
339.7
336.7
302.3
312.5
299.1
300.7
299.3
299.9
301.1
300.9
342.3
302.9
333.8
299.6
301.9
303.1
353.5
316.4
345.3
301.6
881.3
403.8
340.0
367.4
301.3
360.3
314.3
348.0
301.2
301.5
307.0
300.7
299.2
300.1
302.9
303.8
304.1
343.2
301.1
306.5
307.2
305.7
303.0
302.8
305.3
916.7
313.0
301.1
301.0
300.7
300.5
300.8
300.4
301.4
302.3
391.6
315.0
397.9
300.1
303.5
302.2
317.6
303.5
301.0
312.7
303.0
302.3
301.5
300.6
300.1
301.9
305.1
300.8
305.6
301.7
299.2
318.2
301.7
300.0
303.4
300.0
302.5
306.2
368.3
443.3
311.1
303.5
318.8
406.0
389.3
311.8
881.9
299.7
301.8
301.3
299.2
300.1
305.5
299.2
301.8
301.3
304.5
301.5
303.3
388.9
392.8
305.6
307.3
313.3
314.2
301.7
302.6
301.5
302.8
302.3
485.8
554.1
428.1
300.8
916.6
303.6
456.9
509.6
488.2
409.0
373.2
302.0
317.7
301.0
302.7
301.7
302.3
307.1
302.0
303.1
303.0
299.3
419.5
367.9
436.3
355.8
385.3
364.7
419.5
301.5
365.3
362.0
312.8
301.3
303.4
348.7
303.4
345.3
300.9
302.0
301.1
301.7
305.6
304.8
302.9
302.9
301.3
304.8
301.6
880.5
303.7
299.6
302.0
316.5
309.6
304.1
303.2
301.1
302.1
387.7
460.6
384.7
311.4
300.4
302.6
301.0
300.7
302.1
301.6
465.1
422.7
526.9
555.1
455.6
915.3
302.1
317.5
301.9
300.9
309.9
388.5
373.9
300.5
419.4
466.6
511.0
380.4
303.7
300.4
300.7
301.4
302.3
302.6
315.0
322.4
300.4
304.4
310.2
304.3
305.4
312.6
300.9
315.0
300.5
303.4
303.3
304.9
304.4
299.5
302.2
301.1
306.1
301.7
299.8
358.4
362.5
370.4
394.9
301.4
305.7
301.7
305.6
300.1
882.0
303.4
314.1
302.8
301.5
303.1
399.2
487.3
580.9
471.7
347.8
301.4
300.7
302.0
303.4
301.4
305.0
300.7
299.7
350.4
300.9
304.4
302.4
300.4
917.5
318.1
299.2
301.1
301.4
314.9
302.0
300.4
302.0
307.0
299.9
302.7
302.4
300.7
314.2
300.7
299.9
311.6
303.8
300.5
305.8
300.6
299.7
299.5
300.3
304.5
300.0
398.4
350.9
427.9
302.8
421.9
492.1
468.3
389.5
314.1
309.1
299.7
301.2
302.4
304.3
301.3
308.8
300.9
304.9
341.3
893.1
306.9
303.0
312.0
302.9
313.2
309.2
303.9
302.8
299.6
327.2
300.5
303.3
307.6
317.4
313.9
388.8
300.0
380.4
301.7
312.8
301.5
304.0
916.0
314.2
313.1
303.9
301.7
299.6
303.4
302.1
304.2
300.1
307.5
306.0
314.5
334.6
320.0
347.7
431.0
473.1
364.3
516.9
300.6
301.2
301.6
309.1
300.9
307.3
301.5
313.6
300.9
302.8
301.3
299.4
302.5
300.6
304.8
311.4
413.1
343.4
409.8
320.6
303.8
311.9
302.5
303.7
308.6
307.7
300.1
301.8
881.9
300.9
302.2
307.1
311.2
301.9
303.6
301.2
299.3
302.3
302.4
301.3
312.0
300.5
316.3
305.9
304.7
302.0
309.2
304.4
447.8
516.8
333.3
476.1
302.7
301.8
916.9
301.6
300.2
303.1
302.4
299.4
305.9
320.1
314.5
317.1
303.2
321.5
339.0
309.3
305.7
302.5
313.5
304.5
301.1
306.1
306.7
301.3
301.5
301.2
304.2
305.4
304.7
300.6
305.5
345.0
347.6
387.6
716.2
735.5
740.9
723.7
628.8
595.2
301.2
299.9
302.6
301.8
299.8
306.3
439.8
447.8
299.8
302.8
881.7
300.4
306.8
303.2
301.6
301.3
301.0
300.4
303.1
300.2
332.0
453.1
477.8
353.3
301.8
299.6
300.2
301.3
300.5
300.1
302.7
299.7
917.5
303.0
301.0
301.6
314.1
299.8
315.3
411.6
405.0
402.0
490.6
325.9
301.6
301.1
303.1
302.6
301.1
304.3
301.7
299.3
301.5
304.3
363.0
311.9
307.5
310.9
302.6
410.4
649.1
664.4
650.4
543.8
300.1
305.5
317.2
301.0
299.2
301.4
301.5
303.6
300.9
303.1
301.4
323.8
316.5
301.9
301.1
417.0
881.4
367.1
352.2
402.3
300.4
302.3
390.8
752.5
568.1
586.7
416.4
301.3
301.7
307.0
303.6
304.2
307.1
305.7
380.1
343.7
392.2
317.3
303.7
306.2
915.4
301.5
301.2
424.6
381.6
441.9
362.1
301.2
301.3
301.2
301.4
302.5
304.6
313.1
298.9
301.0
311.6
300.2
299.1
306.0
320.3
392.0
400.8
386.1
455.6
464.8
300.8
300.1
303.8
302.9
305.2
299.3
309.4
376.9
320.6
371.0
301.0
300.5
315.0
301.2
300.4
300.0
302.0
299.3
300.5
301.4
309.2
303.3
882.5
311.7
301.5
300.2
316.0
302.1
313.8
313.2
304.4
303.7
300.8
305.0
300.6
302.7
352.6
345.6
301.8
302.6
302.4
301.2
355.4
301.7
312.3
301.0
918.0
352.1
304.2
370.8
456.1
415.7
323.9
400.8
381.8
504.5
391.5
312.7
301.1
303.0
303.4
301.2
303.7
316.4
313.3
313.9
303.7
302.5
302.0
300.9
302.3
302.4
302.1
334.9
299.6
304.5
302.6
303.3
329.9
481.4
469.8
299.6
301.0
304.8
320.2
312.9
302.3
307.6
451.0
367.5
534.0
433.3
320.8
300.9
307.1
879.7
302.7
299.3
300.0
313.5
299.8
302.1
318.8
314.6
311.2
304.5
306.6
299.8
299.9
300.5
314.3
300.6
300.6
314.0
304.0
316.0
312.2
300.3
300.9
925.2
300.8
315.1
314.2
325.0
317.1
332.8
316.8
301.4
305.4
314.7
303.0
302.6
301.6
300.8
313.3
302.7
302.6
301.1
302.5
299.9
301.9
301.6
299.7
301.7
305.4
301.0
306.6
301.4
301.9
303.1
316.3
301.0
300.6
300.7
302.0
300.1
301.9
300.2
302.1
312.7
301.9
303.8
336.6
314.5
333.1
310.7
330.8
304.7
303.6
883.7
300.9
300.7
302.9
300.5
300.3
300.7
313.8
350.4
319.4
368.0
304.4
584.3
590.6
606.6
610.7
369.1
306.8
356.5
314.3
309.5
411.2
302.3
306.6
1001.9
302.3
442.2
365.5
417.1
307.2
314.4
300.4
301.9
301.3
301.2
302.6
302.9
301.8
299.2
299.9
304.1
301.1
303.9
301.2
301.4
326.9
302.9
332.6
301.9
305.5
307.7
308.5
310.7
304.2
304.8
311.2
302.2
301.2
314.0
306.4
305.5
301.7
301.8
377.2
479.3
367.2
407.6
302.5
304.7
301.2
883.4
301.7
300.5
302.0
300.1
303.0
333.1
309.5
301.4
305.1
364.5
361.2
314.8
328.7
428.0
452.6
303.4
313.3
299.2
299.9
320.5
391.3
394.1
300.9
916.0
306.6
307.0
302.2
314.4
301.0
317.6
301.4
301.6
303.5
314.6
363.3
352.6
303.9
340.6
304.3
301.6
302.1
301.7
300.6
302.9
299.6
301.9
311.9
300.7
301.1
302.7
328.1
306.6
330.1
300.1
304.3
305.2
300.9
300.8
303.2
302.7
300.4
376.1
375.8
360.8
304.2
314.4
303.0
301.9
304.2
303.2
302.0
880.2
300.9
313.9
314.1
300.0
301.9
315.1
304.5
302.9
302.6
311.1
350.7
359.0
490.8
382.1
383.3
301.3
