311.2
356.1
312.6
356.9
299.8
334.8
306.4
351.9
302.8
301.6
301.4
371.2
450.3
443.6
567.7
765.1
483.6
534.2
670.0
302.0
301.8
303.3
301.1
299.5
455.9
376.2
514.1
301.8
443.9
306.9
440.1
344.5
398.8
300.4
302.9
301.3
300.4
377.3
303.0
393.7
301.4
303.2
303.8
316.0
302.8
301.3
303.1
299.4
302.3
300.8
300.9
879.2
301.9
301.2
306.8
311.2
311.8
299.7
358.8
300.8
430.7
428.2
525.7
427.9
393.8
302.0
308.3
299.8
301.7
303.5
302.1
308.8
301.6
301.2
396.6
303.1
923.3
359.7
303.6
365.1
312.2
301.3
302.7
301.0
301.7
301.1
301.5
311.7
345.7
338.0
311.9
312.6
301.1
300.9
302.6
300.8
300.8
302.4
302.9
359.2
342.5
302.3
301.4
299.4
301.4
300.9
299.3
300.1
304.2
343.0
301.6
334.4
299.3
303.0
300.3
335.2
313.7
342.9
303.4
306.7
395.5
302.9
389.9
301.9
354.2
346.4
313.2
301.7
302.2
303.0
883.1
299.4
301.0
303.4
301.5
304.2
300.0
301.6
301.1
312.5
302.2
305.3
305.6
302.3
299.8
311.5
305.6
305.0
303.0
304.4
304.3
307.4
305.8
931.1
425.4
333.6
380.1
299.8
300.8
302.2
311.4
302.3
299.5
301.2
308.6
301.7
302.1
313.0
299.9
302.5
303.0
308.9
301.0
309.9
300.5
313.0
303.0
301.3
301.1
299.9
302.8
301.3
302.0
301.2
302.5
300.8
365.0
354.9
507.1
313.1
403.6
301.1
315.5
301.0
303.4
301.6
301.2
300.1
302.0
329.0
301.4
304.0
304.6
329.9
880.5
302.7
304.5
311.7
301.5
301.0
303.2
424.5
397.7
366.2
303.6
301.1
302.2
300.8
301.4
431.7
415.3
542.6
480.5
409.9
377.2
304.0
301.3
301.6
300.4
916.5
302.2
313.6
302.6
301.3
303.5
300.6
324.6
461.9
416.2
394.4
303.7
396.5
397.7
301.3
379.4
301.5
371.9
300.7
301.8
350.3
333.4
313.8
300.4
304.3
301.2
301.3
303.2
304.2
301.4
301.5
301.6
303.6
299.6
301.7
301.2
301.0
313.1
303.2
300.8
300.0
299.7
300.5
304.0
338.5
390.9
419.9
302.7
306.0
304.2
306.2
318.6
300.9
892.5
408.0
635.4
620.1
516.3
784.5
730.5
307.1
305.5
300.9
302.5
304.7
377.9
384.0
300.7
379.8
496.7
519.3
398.5
303.8
300.8
300.1
309.5
301.1
299.6
311.7
915.3
300.9
302.6
312.3
313.7
305.7
313.1
301.0
303.7
300.9
302.1
302.8
301.3
301.3
299.3
300.5
302.8
306.7
300.0
300.1
379.5
313.0
383.2
366.3
301.5
397.2
421.6
442.3
449.2
303.7
302.0
307.6
339.0
305.8
300.0
457.3
505.3
522.5
481.2
346.2
300.4
300.9
300.6
302.6
306.1
303.9
299.2
299.9
301.5
300.2
301.2
302.3
310.9
880.6
302.4
304.0
302.2
305.1
302.1
319.2
301.5
312.1
301.0
300.4
302.0
306.3
300.2
301.2
301.0
300.4
303.1
300.4
303.6
302.6
300.4
916.4
302.0
300.2
300.8
299.4
306.5
444.1
463.8
301.3
457.2
463.3
477.2
370.3
301.3
303.5
302.5
301.4
302.5
303.0
300.8
300.6
308.0
431.8
456.6
317.2
302.1
310.4
299.5
301.6
310.0
312.0
304.4
301.7
299.0
300.6
300.9
300.2
301.0
304.5
300.9
300.0
343.6
336.0
301.0
312.1
306.9
300.8
302.5
303.5
302.0
303.0
301.6
882.0
314.0
301.4
312.9
301.9
309.9
303.6
300.9
325.8
319.3
341.6
336.9
301.6
394.6
374.0
300.1
301.9
300.6
301.6
302.0
302.3
302.1
301.6
309.8
303.1
304.1
917.4
301.2
302.7
299.9
312.6
463.7
399.2
420.7
339.9
302.5
304.9
303.6
312.1
302.9
302.6
300.0
304.9
300.3
301.6
304.2
301.5
307.2
300.3
312.9
314.0
302.6
302.3
304.3
305.4
301.3
313.5
301.8
302.0
302.7
312.6
301.3
303.7
479.8
479.9
334.1
468.1
303.1
381.2
378.3
300.5
302.3
310.7
301.1
301.0
302.3
304.1
301.4
881.7
299.4
303.8
312.9
307.1
312.4
303.5
312.8
301.9
300.7
300.6
303.2
304.1
300.7
301.1
301.9
300.4
306.5
301.6
301.5
389.6
367.4
372.8
315.5
299.0
302.2
915.4
337.0
333.3
312.1
298.9
300.2
301.3
299.3
302.0
569.0
446.2
653.3
427.6
407.1
301.3
310.0
301.4
302.0
306.9
303.7
302.0
300.0
301.8
302.5
446.0
495.0
346.0
309.0
299.7
300.7
312.7
300.5
301.8
302.3
321.6
424.3
301.4
301.4
304.9
312.8
302.4
301.9
370.0
316.4
470.5
402.5
327.8
299.8
302.6
308.6
301.7
301.0
882.1
300.0
299.6
306.8
303.9
302.0
301.7
300.3
301.0
441.6
360.6
654.3
637.4
674.1
557.8
313.0
302.8
301.8
302.0
371.8
301.6
306.7
303.2
924.9
301.3
303.1
334.6
321.4
311.8
301.5
300.7
300.4
299.4
367.0
373.3
301.8
301.1
366.2
321.9
481.5
485.5
362.1
301.2
302.6
301.6
301.3
318.7
301.8
303.0
301.2
382.9
385.4
307.3
304.4
323.0
301.2
302.6
301.3
334.5
402.0
437.2
372.1
306.1
301.5
311.5
300.4
302.0
305.7
302.0
299.4
300.3
300.5
301.3
300.5
314.2
381.5
306.3
975.0
445.6
438.6
452.9
316.2
305.2
300.0
301.6
304.4
301.4
303.0
368.6
358.4
307.9
299.9
300.2
300.7
304.8
300.1
301.0
302.5
299.3
300.0
919.2
474.0
557.5
593.0
598.2
302.0
315.4
336.4
299.5
313.9
333.0
306.4
307.7
312.1
300.4
300.1
302.0
347.7
348.7
301.4
316.5
303.5
330.9
324.6
310.1
337.0
333.8
301.7
301.4
299.2
313.2
429.6
463.7
301.7
417.0
512.2
443.5
395.6
299.6
301.6
301.4
301.6
301.2
301.3
300.5
302.3
303.3
300.4
303.1
303.0
301.8
312.4
300.5
881.9
300.6
299.3
312.2
301.0
300.9
325.2
476.5
469.5
314.9
303.6
303.0
304.9
320.1
302.3
300.9
495.7
435.5
455.2
439.5
338.3
307.2
317.5
303.7
920.3
301.6
304.0
306.5
300.9
329.0
305.1
326.7
301.2
301.7
305.4
300.3
301.7
300.3
303.4
300.3
303.2
312.5
300.1
304.0
300.9
300.4
301.9
302.8
301.9
312.2
304.2
320.4
332.0
302.2
323.3
313.7
303.4
303.0
300.5
300.6
300.2
300.7
302.8
300.8
299.1
312.2
301.9
301.3
316.4
300.2
299.8
302.2
300.3
313.1
314.0
303.1
879.8
300.8
429.1
426.7
304.1
304.8
301.5
299.3
352.5
303.0
314.0
312.6
313.2
302.0
302.1
328.8
322.7
333.3
303.1
329.2
304.0
301.4
300.5
304.0
303.0
921.8
303.5
300.1
300.4
304.5
357.6
356.6
301.6
329.6
305.1
315.1
300.6
302.9
305.9
309.0
387.2
486.9
438.2
521.8
302.8
305.3
306.1
430.2
323.2
448.0
301.1
300.9
300.8
304.0
302.1
301.3
300.6
302.5
301.3
302.0
301.8
301.7
300.4
300.1
302.4
299.9
337.4
303.0
342.4
301.0
300.5
313.7
301.3
300.3
301.2
303.0
300.9
301.1
313.6
883.6
301.4
324.9
303.1
300.5
336.3
447.4
335.2
441.2
303.3
302.5
302.0
304.2
340.6
299.0
301.3
300.4
302.6
309.7
311.2
302.2
318.2
304.2
916.4
374.3
397.5
406.1
491.4
299.5
301.7
301.4
300.6
302.8
387.2
379.2
300.7
312.6
299.3
301.9
303.8
301.5
302.2
302.0
303.2
302.7
300.1
302.0
346.3
352.0
300.1
302.5
313.1
302.2
301.3
302.2
301.4
300.5
303.3
314.2
312.3
300.5
303.3
315.1
339.0
304.9
330.3
300.6
303.1
303.9
300.6
299.5
341.1
303.6
333.9
300.9
301.7
881.4
300.4
302.8
313.8
303.3
304.4
315.8
300.6
301.0
299.5
314.4
303.0
300.5
302.2
301.9
302.3
307.2
300.0
301.8
304.2
393.5
526.9
484.8
341.8
917.7
