310.8
451.4
717.6
879.5
1030.4
960.1
1149.9
1239.7
881.6
1541.9
1114.2
1328.8
1436.0
1191.0
1233.6
1270.6
1154.1
1342.2
1381.7
917.5
300.8
590.1
1603.2
1465.6
1624.3
1392.6
897.6
891.4
936.6
859.9
2889.4
1702.4
1667.7
2904.2
3551.3
3069.3
2778.3
2347.7
3707.0
3672.6
1651.7
1858.6
2446.2
3436.4
1737.0
1635.6
1797.6
931.5
792.3
1783.3
1436.5
1263.7
831.2
487.8
328.7
305.0
312.5
880.4
299.5
307.3
525.1
559.1
546.7
647.8
474.7
916.0
307.4
432.1
334.1
425.5
300.2
306.9
306.9
300.3
300.5
300.8
302.8
879.9
528.1
522.4
301.1
305.8
305.2
301.5
905.5
301.3
335.8
694.0
685.9
635.3
741.1
622.0
303.8
304.1
313.4
300.9
534.4
537.6
492.4
588.9
882.6
367.3
428.2
354.8
382.2
341.3
357.5
916.2
299.6
379.8
573.1
505.4
493.5
581.1
388.0
334.4
503.5
370.3
892.3
752.1
526.8
613.0
672.6
579.0
299.8
305.7
312.6
915.4
674.6
735.5
800.1
683.6
552.2
619.1
347.3
303.0
302.2
304.2
313.5
417.4
409.4
302.7
869.4
358.6
356.3
338.5
355.3
917.5
488.0
476.5
563.7
691.1
521.4
564.8
548.1
556.3
569.6
492.7
345.7
301.4
302.8
304.7
303.0
881.7
299.5
331.4
301.8
327.4
905.3
303.0
303.5
380.7
540.5
673.3
518.0
699.2
500.5
615.6
303.3
301.4
436.0
419.4
377.1
374.3
887.0
300.2
455.3
569.5
708.2
702.2
571.1
560.8
919.1
405.9
410.0
414.9
440.4
335.5
305.1
301.5
304.7
435.2
512.0
490.5
869.6
442.0
475.0
531.6
384.5
906.4
594.6
522.7
907.9
871.8
1110.1
1159.8
1093.1
881.7
1292.0
1124.4
1347.4
1255.5
1370.1
1404.9
1586.5
1169.8
1239.0
861.5
737.6
526.6
914.3
571.7
706.8
927.9
1128.7
792.2
1191.9
1188.3
1365.5
1321.8
869.5
1224.8
1274.2
1398.5
1310.1
1275.1
1194.1
1534.4
860.3
930.5
1232.7
725.6
1112.5
758.6
770.7
443.0
367.8
380.7
300.3
440.2
339.4
423.2
330.8
306.4
330.6
583.9
472.6
880.5
464.2
669.5
405.6
302.7
905.5
576.4
592.1
677.9
810.3
956.1
624.2
849.6
768.0
903.6
1093.7
870.6
1046.2
884.0
1277.4
1303.3
1229.6
1042.8
1529.2
860.5
1084.9
1105.4
1230.8
1316.3
1061.7
854.5
855.3
916.9
875.2
425.3
530.2
624.6
838.9
577.6
728.4
738.7
526.3
871.2
506.9
379.1
385.2
400.8
916.8
328.8
332.1
365.6
640.4
991.6
1022.1
1032.5
829.6
1084.5
1014.0
924.6
802.1
884.6
625.7
650.1
687.0
817.0
663.7
991.5
916.8
927.1
830.9
1009.5
739.3
693.0
580.8
306.1
302.7
562.2
646.4
811.5
800.4
828.7
870.4
793.6
684.7
733.8
685.6
730.7
468.6
361.3
402.1
383.6
915.6
662.0
709.1
648.7
537.4
394.4
302.3
415.1
602.8
518.2
553.0
882.3
329.4
435.5
486.6
571.9
592.4
606.5
547.6
360.6
517.5
914.8
372.6
423.9
373.3
301.4
302.2
307.5
303.0
302.9
302.8
347.8
613.6
869.8
594.6
691.3
704.6
799.1
751.0
403.5
438.7
906.3
341.9
301.3
300.6
301.0
547.4
735.0
732.7
870.3
699.5
684.1
627.3
348.1
358.2
468.4
471.8
881.3
353.6
320.9
388.7
553.3
914.9
866.1
818.9
986.8
1057.0
1144.7
1075.7
1269.7
1164.1
1125.4
711.3
577.7
477.7
302.3
870.8
300.9
334.4
382.7
443.9
354.7
436.9
461.4
917.3
779.4
816.3
877.1
1082.7
1034.8
1081.7
1213.9
943.5
818.1
673.4
307.1
355.5
347.2
880.7
301.1
299.1
300.0
302.1
917.0
302.1
301.1
608.5
691.8
980.5
1052.4
1042.4
1056.8
1143.0
1284.9
1005.6
1053.2
882.8
840.3
953.5
824.1
505.5
909.3
681.0
563.0
459.7
917.7
301.2
302.3
300.6
300.3
304.0
303.8
378.4
460.1
405.3
431.4
300.8
879.7
577.2
758.0
728.6
804.5
889.7
845.6
632.3
773.8
448.5
913.9
499.5
444.4
316.3
300.7
301.4
302.0
509.4
503.8
398.2
405.2
879.6
538.3
484.8
577.2
733.9
605.3
625.5
469.7
301.4
904.7
300.7
299.3
300.7
303.9
302.3
303.0
360.6
534.5
542.2
747.5
807.5
566.6
591.1
581.6
659.6
880.1
301.2
301.5
301.1
903.8
502.1
846.5
1011.6
988.3
1149.9
1473.8
1473.3
1244.0
1154.3
1030.2
714.5
881.7
915.0
1193.4
787.0
794.3
806.2
844.7
836.7
875.8
319.0
305.2
339.0
647.3
687.6
677.5
651.7
655.1
481.0
303.7
312.1
302.6
330.1
324.1
395.8
881.3
614.2
744.2
600.0
709.4
301.0
302.3
973.4
393.7
481.4
542.1
502.8
553.1
440.1
447.9
374.2
341.3
327.2
373.2
461.3
583.7
881.6
826.7
787.6
877.8
424.0
455.5
299.9
914.7
299.6
300.1
301.6
302.8
300.6
523.7
536.1
702.1
647.2
625.9
578.2
426.3
881.2
717.2
671.9
695.0
610.2
473.0
460.2
713.3
748.0
675.7
915.3
528.0
576.7
428.6
402.1
399.5
437.8
722.6
626.5
624.8
396.1
882.0
407.8
481.8
422.1
300.3
436.1
498.2
645.2
916.3
917.5
927.7
890.5
1186.3
958.6
1306.1
1268.7
1193.9
1324.5
869.3
1279.8
1160.9
922.3
1131.9
1102.7
860.1
1177.4
1166.1
1525.1
1317.8
1273.3
1353.0
1092.5
1456.4
1096.9
853.0
1050.7
894.1
710.5
1043.0
1072.3
823.2
546.8
484.8
881.1
429.4
328.5
300.5
302.7
301.1
905.9
306.1
303.4
300.7
412.5
492.9
722.0
782.8
853.7
669.2
821.6
639.3
949.8
577.8
881.2
607.8
603.9
673.5
594.1
635.5
402.8
915.2
585.3
635.6
698.4
562.1
429.6
301.8
452.2
1043.1
881.2
1063.7
934.0
1255.8
1290.9
1004.5
1297.5
1208.5
515.1
980.7
457.1
301.0
300.1
905.7
304.2
332.5
326.7
307.1
300.3
360.7
437.9
376.7
620.0
582.4
592.3
662.8
633.3
869.4
889.8
943.4
953.1
941.9
798.3
905.2
1094.6
1111.9
1255.3
1019.4
1314.6
1074.9
1361.2
1274.2
1061.6
977.5
1336.7
1245.7
420.1
305.1
870.5
344.7
390.3
618.1
645.8
566.6
515.8
645.9
383.2
916.4
364.8
319.5
334.2
340.6
300.6
336.6
301.2
398.5
391.8
303.7
302.0
881.6
303.0
306.4
388.4
485.8
417.5
451.3
916.7
363.6
303.3
396.5
345.1
303.7
384.1
446.7
450.4
511.2
634.7
521.1
356.9
306.9
358.2
880.6
307.0
300.6
304.1
301.6
356.1
464.5
331.9
907.2
455.7
469.6
359.7
313.4
300.1
305.5
302.4
303.5
359.9
356.1
326.4
881.3
301.7
416.2
398.8
303.2
414.7
401.0
446.5
917.1
494.1
386.8
461.7
414.8
346.4
302.6
339.8
365.5
435.4
455.7
451.0
538.8
880.3
622.9
588.3
522.1
474.9
905.7
922.8
1121.6
1166.0
938.5
1028.1
1263.3
1190.3
912.8
912.3
889.1
1028.6
492.5
417.9
379.3
366.7
342.5
307.7
882.2
301.5
304.4
388.1
444.5
402.5
922.3
452.1
370.2
443.7
534.6
546.8
594.0
455.9
531.1
331.1
542.4
333.8
300.9
301.4
376.9
366.1
888.7
301.9
303.6
301.5
915.1
537.4
598.6
707.3
771.0
735.4
782.0
668.3
432.4
727.5
300.1
302.1
414.9
349.4
451.5
880.0
301.4
301.1
304.9
298.8
904.9
453.7
481.4
721.4
714.6
662.6
364.3
320.2
351.2
392.6
435.9
303.1
301.0
301.8
881.6
437.2
524.8
520.5
644.3
564.9
529.7
915.3
683.9
520.3
948.3
944.6
612.2
586.9
300.3
300.3
302.4
307.9
300.2
398.4
379.0
519.5
869.3
547.8
628.7
551.5
619.2
917.1
497.8
868.0
812.8
582.5
817.9
741.8
946.7
918.9
901.0
862.8
925.4
560.9
646.2
300.0
880.7
305.5
368.3
380.5
319.4
337.4
302.1
330.5
917.4
480.2
480.2
470.7
601.6
446.7
601.2
853.7
780.7
882.5
844.1
851.6
879.2
