310.4
450.0
671.4
829.6
1038.6
960.4
880.1
969.0
1352.8
1114.1
916.5
1046.7
1391.7
1129.8
1236.7
1315.4
1174.7
1211.2
1286.7
414.1
868.6
864.7
870.5
1275.3
1366.2
2256.6
2032.6
1388.3
2108.3
1730.4
1522.5
981.5
871.1
1702.7
1926.1
1092.5
1703.2
1349.3
1791.2
1275.8
1728.9
1600.8
915.5
958.1
726.7
604.8
651.4
535.6
376.2
301.5
317.5
300.5
315.9
302.6
301.7
313.9
305.0
869.2
301.2
915.4
455.0
619.7
614.1
852.5
904.2
780.0
441.0
527.9
425.1
300.6
879.2
301.4
302.7
301.0
857.8
300.1
305.8
348.6
497.3
461.6
364.6
301.6
299.8
303.7
299.2
869.3
353.7
376.1
572.0
583.8
499.8
905.2
308.6
301.6
300.8
300.4
479.5
556.2
453.5
573.0
360.2
345.2
868.4
357.8
352.1
335.5
346.1
874.4
306.3
382.9
464.9
471.1
390.4
301.4
880.9
409.2
523.6
659.7
518.1
918.9
660.4
607.4
618.0
542.3
301.4
471.2
618.8
517.4
550.5
709.3
527.6
431.4
869.4
301.5
871.0
301.2
305.0
301.5
441.5
526.8
491.7
488.3
305.0
345.5
343.4
323.4
299.7
870.2
339.5
484.8
567.0
445.0
917.6
520.4
409.5
549.8
534.1
379.0
411.1
869.4
397.4
439.9
346.4
303.0
905.0
302.6
415.4
442.1
378.8
302.1
302.0
301.8
301.3
392.3
456.3
470.8
415.0
880.9
299.8
351.6
914.9
309.2
547.3
344.1
501.8
505.7
443.9
514.7
624.0
808.7
611.8
599.6
921.2
300.9
400.0
395.7
302.2
918.8
299.6
301.0
502.1
518.9
480.2
458.2
880.3
383.5
514.5
493.1
407.0
301.4
858.7
780.4
753.2
893.2
1072.3
944.3
882.2
1071.9
1393.8
894.6
879.5
979.4
904.3
1015.1
1371.0
1073.9
1080.8
590.1
845.5
407.1
347.1
457.1
542.8
406.8
410.2
599.2
880.7
499.4
648.0
858.8
637.1
899.7
965.9
751.9
996.9
934.9
1025.5
896.9
595.3
876.8
653.6
728.7
461.1
445.3
903.8
366.2
301.7
361.9
307.1
434.1
303.5
483.7
300.6
416.7
868.5
379.6
425.4
540.5
411.5
316.3
904.7
301.2
302.9
455.7
567.8
528.1
657.1
698.0
618.7
565.1
560.8
524.9
870.9
660.4
862.1
838.3
1037.4
1088.1
742.9
1134.6
712.9
923.2
1253.3
868.7
972.4
1100.3
1169.3
826.3
852.3
916.8
876.9
869.0
650.7
797.7
303.6
300.7
359.8
387.1
310.6
300.7
879.3
333.0
360.7
387.2
859.5
325.4
437.5
601.9
689.3
986.1
983.4
1014.9
947.3
868.2
978.1
967.9
834.6
662.5
424.8
309.0
606.7
906.1
817.3
951.5
909.0
929.0
997.7
840.3
738.8
531.7
880.3
302.0
302.7
309.3
460.6
706.7
751.3
858.2
746.9
646.1
515.1
646.4
518.8
354.9
345.6
870.7
339.1
373.4
490.4
477.0
483.7
421.3
915.5
300.5
299.7
385.4
353.4
433.2
303.5
870.2
344.2
302.1
426.1
426.5
494.5
522.3
905.0
503.0
413.7
554.0
470.9
449.5
325.5
298.5
299.9
300.4
879.0
301.1
488.0
778.0
926.3
970.5
864.8
845.0
937.0
1203.8
1208.7
1040.2
459.1
726.0
879.7
301.5
301.8
871.2
551.4
646.8
611.9
801.6
617.2
738.2
836.3
359.7
436.8
322.9
356.6
308.7
302.6
870.7
406.4
916.5
477.2
843.0
906.3
878.7
1079.0
938.6
1160.7
880.8
892.7
1105.5
452.7
673.4
449.9
300.1
858.7
300.6
417.9
644.4
685.6
832.8
657.3
601.1
865.5
869.1
837.8
1006.0
872.7
804.0
906.9
915.4
806.6
679.7
544.9
431.4
395.1
411.3
378.4
301.9
301.8
880.6
304.0
301.2
300.6
358.8
416.4
904.3
928.3
929.2
968.0
979.3
1010.5
1097.5
881.3
752.6
1008.7
774.5
821.3
641.6
344.9
411.2
859.7
337.7
398.2
358.3
301.3
305.4
301.5
303.4
869.1
339.5
404.5
398.4
332.9
300.0
302.5
916.2
484.0
543.5
812.5
18.1
865.7
775.5
864.7
599.9
572.5
331.1
879.8
321.6
299.9
299.5
860.3
369.0
461.0
563.8
409.8
550.6
464.0
377.6
429.1
464.7
416.4
495.5
874.0
371.5
299.5
904.9
299.8
301.9
305.5
303.2
306.9
347.3
473.6
373.4
472.2
473.1
875.4
526.9
491.7
513.1
476.6
926.2
299.5
302.4
301.7
301.7
405.2
478.8
670.2
659.3
861.7
869.6
721.9
530.0
903.9
346.9
761.0
813.3
905.7
841.3
720.8
669.2
910.4
735.3
676.2
868.6
300.9
304.1
429.7
447.5
439.8
869.5
515.8
734.2
483.5
302.0
304.5
342.1
302.7
341.6
881.6
487.6
491.5
503.8
489.5
322.7
903.6
305.5
318.3
472.8
440.9
465.2
432.4
305.1
305.4
868.2
299.4
301.4
469.5
905.0
684.1
881.8
908.8
986.0
939.9
972.6
677.8
656.8
408.3
870.0
301.1
301.0
299.2
299.1
915.2
627.5
560.0
764.6
769.3
825.6
746.7
862.6
560.6
685.9
695.3
583.6
509.5
870.3
569.5
705.6
699.9
657.0
870.2
522.8
570.6
309.8
444.4
437.5
485.4
520.8
538.0
526.8
871.5
388.2
368.7
359.4
915.0
302.9
541.0
421.4
852.1
875.6
884.8
870.3
1069.1
1081.3
899.9
860.0
1093.2
936.5
1062.0
1192.7
1135.1
1109.8
803.2
1096.7
869.0
1014.1
889.2
1162.9
938.4
995.6
903.8
1012.7
1190.7
840.3
991.3
618.6
822.8
655.0
743.8
804.6
629.6
470.7
356.5
334.0
887.0
302.8
299.4
301.8
906.3
301.9
302.5
301.1
300.9
302.4
345.0
307.4
365.5
436.0
526.7
405.3
882.9
391.9
305.3
301.4
918.1
399.0
599.0
646.2
423.0
627.9
696.8
496.4
333.3
533.4
525.8
870.0
300.8
858.1
562.4
742.0
1107.4
869.0
1197.2
1088.3
856.1
1212.3
1295.3
1415.8
534.0
1209.4
435.1
304.0
302.0
981.9
388.0
500.3
555.9
512.8
300.2
302.5
357.1
352.6
302.9
869.2
366.1
494.8
560.5
915.7
863.2
951.6
805.1
967.8
790.1
1110.4
785.8
1109.1
878.9
870.5
966.1
1312.2
829.0
1001.9
1260.8
962.7
1335.4
898.8
534.4
335.0
300.3
301.5
348.2
550.4
460.0
546.8
428.1
869.0
302.3
301.9
907.6
302.7
299.6
327.8
301.7
327.3
300.5
299.6
301.2
303.0
301.0
879.8
307.1
428.6
558.0
915.9
572.4
576.7
581.5
386.9
303.2
415.5
340.7
362.1
504.1
870.4
464.2
472.4
408.5
858.4
300.2
328.9
326.5
348.0
303.1
301.3
304.8
303.3
326.4
318.4
313.6
304.0
878.7
301.2
301.2
917.0
299.5
301.5
303.2
379.5
486.2
479.8
454.0
300.3
309.6
314.6
872.6
302.4
466.9
399.0
439.9
904.9
474.8
387.5
452.5
409.1
301.2
302.0
331.8
880.3
492.4
518.7
359.3
394.4
392.6
415.9
374.9
423.7
927.5
590.1
901.7
876.4
886.0
868.5
869.4
901.8
897.1
662.7
629.5
616.1
904.9
301.4
328.6
373.6
519.4
540.3
416.8
374.8
301.2
301.9
869.8
332.6
301.8
320.7
405.5
869.2
327.2
509.1
524.3
557.4
432.1
435.8
428.2
301.3
401.4
414.4
870.8
321.5
299.1
904.3
372.1
436.6
452.0
486.8
470.2
568.3
621.2
682.1
506.2
470.3
511.9
365.1
881.3
303.7
393.6
509.9
524.9
905.2
490.1
302.1
302.2
425.7
414.9
471.9
881.6
565.9
583.7
454.7
301.6
905.0
301.6
398.5
404.4
448.1
300.7
301.4
303.1
305.6
441.3
421.8
441.6
402.3
869.5
521.6
556.1
909.3
672.8
742.1
620.5
522.9
559.1
302.7
300.1
301.1
306.4
384.4
878.8
446.2
541.1
907.9
813.2
849.9
720.2
796.5
919.7
552.2
716.5
865.2
868.9
865.4
509.2
718.8
783.5
762.5
786.6
871.2
507.6
615.6
527.7
301.1
302.5
368.3
359.9
354.0
412.3
466.8
880.7
407.4
417.0
369.8
425.1
323.8
904.3
469.7
636.1
662.8
799.6
789.8
625.3
869.5
