337.5
315.7
324.4
486.0
465.3
320.6
324.8
320.6
458.1
314.1
456.1
413.9
535.4
448.2
545.0
580.6
447.1
467.2
480.9
476.7
314.4
305.2
445.2
308.7
343.2
318.5
444.8
346.4
444.0
303.8
308.2
303.8
469.3
310.3
445.6
314.0
311.0
306.9
305.7
445.0
444.3
303.0
302.9
462.7
302.5
304.5
454.3
314.3
310.6
463.3
321.4
325.6
457.0
303.2
308.8
448.8
315.2
338.2
331.9
504.7
406.1
357.4
473.0
426.8
458.0
319.7
303.8
473.8
317.9
325.2
451.4
303.5
305.9
446.4
302.6
425.9
476.6
483.0
514.9
541.4
435.4
307.0
448.5
306.5
308.5
446.5
319.5
333.6
323.4
491.9
321.2
490.2
315.3
307.6
450.8
318.5
328.7
479.5
362.0
345.6
461.4
315.0
315.8
461.4
332.1
315.0
455.1
309.9
306.1
316.9
472.3
322.7
448.3
308.3
301.9
458.2
326.1
321.8
314.9
453.3
307.8
318.7
473.1
312.8
302.5
443.1
306.7
302.8
443.0
304.6
455.9
312.5
335.3
476.3
308.1
312.6
451.4
317.4
316.0
305.6
464.1
318.3
312.7
442.2
308.5
445.4
328.3
308.1
448.5
307.7
308.0
464.0
308.3
306.5
333.9
347.0
475.4
470.9
312.0
315.6
313.4
467.5
302.6
443.7
310.7
302.0
445.9
315.6
311.6
467.1
312.3
304.2
303.0
443.2
307.8
443.5
301.5
320.3
487.7
328.7
303.9
300.3
445.3
305.0
446.9
307.6
315.2
315.1
463.0
321.9
453.4
302.9
304.8
446.6
302.3
303.7
444.8
306.7
308.4
475.9
314.0
365.8
355.1
327.8
453.2
461.8
321.5
324.1
322.8
461.2
344.5
346.2
341.0
504.1
342.8
493.0
352.1
482.6
347.9
347.2
403.1
466.6
365.9
349.1
485.3
332.4
463.7
333.0
334.4
492.9
324.7
326.4
459.1
322.4
325.4
472.9
418.9
407.4
362.1
473.9
328.8
328.9
486.7
315.6
311.1
316.1
452.6
448.1
361.5
317.5
316.3
456.0
315.2
326.4
485.4
313.7
311.7
448.2
312.3
476.5
313.3
324.7
445.4
307.2
304.2
300.7
443.5
302.7
443.9
302.6
306.8
308.6
469.8
303.0
315.9
443.5
301.3
447.4
308.6
316.1
453.0
319.2
313.1
468.0
441.1
458.3
509.2
538.9
490.5
304.3
443.4
301.2
440.9
306.6
307.6
442.3
301.5
307.2
395.1
463.0
393.0
454.4
302.3
303.1
444.7
307.4
306.1
308.6
469.8
312.0
460.7
301.9
303.1
319.8
446.2
303.9
476.1
310.1
313.4
443.5
309.7
309.7
454.3
302.8
304.1
441.9
303.0
301.8
303.0
304.7
463.7
443.6
303.6
304.0
304.3
305.0
443.0
445.2
302.5
304.5
453.9
302.4
310.6
304.6
305.0
462.7
507.1
334.7
302.2
442.4
303.2
304.8
301.8
442.1
300.8
462.3
301.8
304.1
442.9
301.8
305.7
443.6
302.5
305.5
462.5
302.7
316.3
442.3
307.1
304.2
303.4
466.1
302.6
442.0
304.2
303.4
441.3
303.6
304.4
447.3
321.0
324.3
487.4
326.2
328.1
454.8
306.2
303.2
302.4
316.1
463.1
446.5
315.8
352.1
444.8
358.5
308.3
445.5
304.7
306.2
467.8
309.3
321.5
454.8
317.2
337.4
464.8
333.7
303.2
442.0
304.5
316.0
458.4
310.6
308.6
471.6
301.5
303.0
445.3
306.2
306.6
306.7
450.6
341.6
324.9
457.0
301.2
441.6
304.3
308.3
465.3
302.0
305.0
443.2
302.8
305.4
441.7
305.3
302.8
463.4
303.7
309.0
446.9
315.1
306.8
444.0
330.9
309.6
325.0
449.2
303.5
445.9
302.8
302.1
304.7
472.9
306.5
442.7
301.8
300.9
464.3
370.2
318.4
450.9
310.4
308.3
305.0
308.1
465.8
454.9
308.9
319.7
302.0
442.5
302.8
304.5
444.1
318.9
470.5
365.1
348.1
328.5
480.4
318.1
306.4
443.0
304.1
325.1
479.5
322.1
457.0
320.2
332.2
457.8
319.4
327.1
473.1
312.9
384.9
450.0
385.8
336.5
313.8
449.3
317.2
470.7
331.4
329.2
469.0
304.3
304.2
303.4
442.2
304.9
304.0
464.6
318.3
300.7
442.3
311.8
456.4
305.3
305.4
302.2
461.8
303.0
445.7
303.5
305.6
478.5
307.3
304.1
442.9
302.9
303.3
454.5
312.9
303.8
463.1
302.1
306.3
455.4
304.4
304.5
445.9
305.4
304.4
304.8
305.0
463.1
444.3
310.9
303.7
443.1
302.8
305.2
451.4
306.9
311.9
442.8
307.8
328.5
364.1
372.8
481.0
466.2
301.9
301.1
442.3
301.2
307.4
306.0
443.4
305.0
468.8
303.5
306.9
301.9
464.8
302.8
443.1
393.8
310.0
392.0
443.0
313.4
444.8
307.4
305.9
476.2
317.3
318.8
459.0
324.0
331.4
453.4
300.9
302.2
464.3
304.4
435.2
442.5
438.2
449.4
453.8
467.1
303.8
442.9
301.5
304.5
511.9
303.2
304.7
442.3
302.6
302.5
313.1
468.4
315.7
443.7
309.8
310.0
460.8
318.9
327.5
452.4
311.6
305.2
303.5
464.0
335.7
444.4
329.2
301.7
442.8
301.6
305.3
462.1
305.6
325.6
332.7
303.4
443.2
302.6
443.1
309.3
442.2
304.5
302.5
306.3
302.2
467.9
458.7
309.4
308.7
449.8
314.7
314.7
332.5
455.7
318.4
471.6
327.8
319.7
478.2
315.6
313.9
312.1
449.0
346.6
303.1
443.8
331.0
301.3
441.8
303.1
444.9
302.2
304.3
305.1
307.0
468.0
444.7
301.8
305.6
443.7
301.8
304.3
462.9
305.4
306.2
453.1
302.9
302.2
462.3
301.2
301.2
304.8
442.9
319.2
444.2
302.5
314.4
454.7
301.6
301.7
462.7
304.6
303.0
451.7
307.6
320.6
444.1
304.5
305.0
304.0
445.2
302.0
463.2
305.9
311.2
314.0
320.1
447.9
344.7
310.8
457.4
337.3
444.0
307.3
465.2
305.7
302.0
301.9
442.7
301.9
301.4
461.9
310.3
462.6
306.6
307.6
462.3
317.1
307.3
441.4
308.2
304.9
454.5
405.8
333.4
489.9
496.0
310.0
310.4
469.6
305.0
301.2
442.9
301.2
303.4
344.7
448.6
448.9
325.1
300.7
441.6
300.3
303.3
462.4
301.9
483.4
547.3
587.3
686.3
699.6
742.1
673.3
727.5
340.7
308.2
302.8
453.2
301.6
445.1
303.1
310.2
330.7
466.9
305.8
306.4
443.2
302.3
441.9
301.8
307.3
302.0
464.6
306.4
445.6
304.9
307.4
444.0
304.1
301.9
464.3
305.4
314.4
443.4
305.4
304.0
442.0
302.2
303.0
309.9
467.3
302.6
301.3
443.3
304.6
442.2
306.1
316.5
444.3
303.2
313.6
463.7
302.4
305.2
302.3
506.9
313.0
586.2
303.3
302.1
303.8
463.6
313.7
319.2
475.1
311.1
464.4
319.9
311.7
468.5
319.5
310.2
446.4
303.4
303.4
321.5
445.7
302.9
305.4
461.8
304.2
445.2
301.3
300.8
443.5
386.3
347.2
455.5
430.7
302.0
443.7
307.1
303.2
307.6
467.0
304.6
446.1
300.9
317.7
445.5
310.3
303.2
468.8
306.8
317.0
455.2
303.0
305.0
304.7
445.0
303.8
306.8
469.3
306.7
453.9
302.4
314.1
447.3
305.0
302.2
523.9
338.9
301.2
300.4
445.6
304.9
444.6
303.7
300.9
305.4
303.7
471.0
453.7
302.1
304.4
302.1
444.9
301.4
304.0
463.7
305.4
309.5
443.7
303.4
444.6
305.6
308.5
469.8
302.0
303.0
308.9
443.8
313.6
444.1
302.5
301.8
304.7
318.1
463.3
443.1
303.4
301.6
464.9
304.7
317.3
307.6
442.9
301.6
444.9
368.8
306.7
364.2
441.9
301.4
303.0
463.8
301.3
445.2
301.9
307.1
462.4
304.5
303.9
460.3
303.0
301.4
443.1
308.0
314.6
442.1
302.7
302.2
301.0
463.2
302.4
441.9
302.7
303.3
305.0
441.4
306.4
441.9
302.9
304.5
461.6
305.3
303.0
444.0
302.1
301.2
303.5
441.3
309.4
304.2
461.8
304.8
445.5
304.0
318.1
305.5
446.1
361.3
455.6
342.2
306.7
