312.0
301.5
311.9
471.4
298.3
396.8
310.2
415.2
440.8
299.0
301.0
418.0
525.4
441.3
520.6
626.4
450.4
451.2
559.2
301.4
302.4
298.9
298.5
463.9
454.5
458.0
507.4
403.4
446.8
298.6
398.8
341.1
437.8
300.3
441.8
301.2
303.0
312.4
304.4
460.3
303.5
303.8
302.9
440.8
300.9
299.0
300.8
311.0
472.1
301.7
311.2
300.0
299.3
441.8
300.6
302.7
298.8
302.4
303.7
460.8
401.7
500.4
411.3
440.8
409.5
306.3
303.3
300.1
298.9
461.6
301.2
302.6
298.7
440.7
300.9
302.4
299.1
300.8
311.4
464.3
299.4
300.6
301.6
301.0
440.4
302.3
302.7
314.4
301.2
460.8
304.3
301.3
305.7
496.2
384.4
333.4
317.0
392.9
436.6
469.3
357.0
300.3
302.2
440.4
299.6
301.3
298.7
301.9
461.4
320.1
396.6
373.1
303.1
441.2
298.4
397.0
328.0
411.2
303.0
463.6
470.2
352.0
416.5
442.0
300.5
388.5
384.1
306.7
307.4
461.5
307.2
299.8
306.6
440.2
300.2
302.7
299.8
298.3
334.7
461.0
303.3
331.9
299.1
448.2
303.1
307.3
300.9
313.5
300.5
451.1
352.5
313.1
302.2
501.0
514.0
474.8
589.0
406.1
441.6
317.0
409.4
399.9
300.8
461.4
299.0
301.3
304.9
301.1
440.5
300.8
299.5
298.5
302.2
461.1
313.3
303.2
300.9
301.1
462.2
301.0
301.3
301.4
306.9
440.6
300.2
300.0
335.9
314.6
469.4
325.7
344.1
304.5
317.5
445.1
301.0
301.2
308.6
299.8
300.0
471.3
316.8
402.0
401.3
300.2
444.2
392.7
304.7
403.2
440.7
304.6
301.6
303.6
300.5
468.4
304.5
299.7
298.1
299.8
441.3
447.4
567.8
576.9
442.1
543.6
404.7
300.5
304.0
303.1
461.2
301.9
387.0
302.2
384.3
301.5
441.5
341.4
343.6
369.3
364.8
460.4
303.9
440.7
448.5
440.7
386.8
339.9
415.3
302.3
449.2
403.7
386.2
432.6
303.1
426.0
544.8
376.6
473.2
502.0
440.8
300.2
305.1
302.6
301.7
472.5
303.3
326.8
314.2
340.0
442.1
299.7
359.0
301.0
304.7
351.2
326.1
467.4
328.9
300.7
440.1
303.3
301.5
302.4
299.7
461.7
393.8
467.4
571.5
443.5
541.5
300.6
302.2
305.5
300.3
301.1
301.6
444.8
301.1
380.5
316.8
462.1
387.6
299.1
306.3
449.4
305.3
300.6
308.3
314.6
461.6
301.6
302.7
302.7
301.9
301.4
440.4
304.9
313.2
300.6
360.9
465.6
336.0
370.3
371.1
441.1
389.0
450.4
339.4
299.2
461.0
304.3
445.0
442.2
300.3
441.1
389.6
493.9
472.4
368.9
304.7
443.4
301.7
300.7
301.0
478.7
601.3
616.0
665.9
593.3
452.6
298.6
302.1
301.0
299.4
440.7
301.5
299.3
378.0
300.4
462.0
302.2
356.6
344.3
316.8
441.2
300.3
383.8
304.0
382.7
471.7
302.0
305.4
310.7
300.4
301.6
461.2
300.8
300.2
302.9
440.2
301.9
304.6
302.6
300.2
446.8
300.3
302.7
300.1
303.8
306.6
303.5
467.2
303.6
314.2
409.1
468.6
396.0
336.5
302.0
300.4
440.3
299.8
300.1
302.8
461.2
405.7
460.3
537.2
406.1
308.1
456.0
313.1
301.2
303.3
302.2
462.0
341.5
304.0
302.2
441.5
306.0
556.1
523.0
581.6
508.0
442.4
531.0
519.4
558.8
333.9
441.5
302.4
300.6
303.7
441.0
300.1
300.0
303.6
301.5
461.5
300.3
300.3
301.8
300.3
305.6
441.1
303.9
310.1
304.0
324.2
454.1
299.0
299.2
300.4
462.0
301.4
301.7
301.1
303.2
441.7
304.0
302.3
299.6
300.4
461.7
303.0
316.0
343.8
315.6
440.3
335.1
300.5
299.2
299.9
440.3
342.0
318.5
355.2
300.2
462.8
300.4
303.5
301.7
301.6
451.3
301.2
301.7
299.9
300.3
460.8
301.1
303.5
311.9
300.2
440.6
305.1
304.4
299.9
422.1
308.0
460.7
415.9
376.4
302.2
307.1
440.7
300.9
302.6
300.9
471.4
300.9
361.0
305.2
304.0
444.6
336.2
303.3
343.7
301.5
465.0
314.5
302.6
301.6
300.8
300.3
440.4
300.1
300.4
413.0
461.6
300.5
301.7
302.2
303.6
304.7
301.0
452.0
311.3
300.3
440.2
300.9
408.3
402.8
300.4
461.3
299.5
300.2
301.8
344.0
442.9
511.5
499.8
449.7
432.2
461.4
300.5
304.3
333.7
324.1
440.1
299.3
301.5
301.1
314.5
346.7
461.5
337.3
301.3
300.2
442.9
301.8
301.6
300.1
300.5
460.5
300.0
301.4
301.9
304.3
453.1
300.8
302.6
388.9
321.8
399.1
461.3
302.2
301.5
300.2
439.9
301.8
305.6
461.9
584.5
589.3
593.6
596.6
301.3
317.1
440.3
309.9
364.7
529.9
443.1
529.7
591.4
524.6
301.2
302.1
460.0
300.0
300.2
309.3
302.3
473.1
299.7
303.1
302.7
311.8
441.0
299.4
302.7
299.9
302.1
300.6
330.5
463.1
324.6
300.7
440.7
381.1
467.5
501.3
408.7
300.3
453.2
360.5
302.1
349.2
373.6
461.3
381.0
441.1
382.7
301.0
443.4
302.3
299.5
301.1
460.5
456.9
401.7
551.2
476.6
441.9
301.1
303.2
302.4
301.8
440.9
364.2
324.1
340.9
299.7
463.9
299.8
298.7
301.2
304.3
440.2
472.6
506.3
520.4
399.7
301.4
440.9
302.1
302.0
301.3
462.7
470.6
512.2
371.0
300.0
440.0
305.4
301.9
300.4
301.0
460.0
300.8
308.2
300.7
300.3
463.3
299.8
299.9
302.9
299.5
439.9
309.7
300.8
309.8
300.4
460.4
299.3
303.8
300.4
303.2
302.1
452.8
299.1
301.6
299.3
302.1
461.4
301.6
301.5
299.8
440.6
301.2
335.2
303.0
342.2
440.2
454.4
482.0
543.5
490.8
460.3
378.3
300.2
300.7
299.6
299.8
441.8
299.6
300.6
303.0
300.4
461.4
300.0
315.8
312.1
460.9
301.3
302.7
302.5
306.9
450.9
456.3
456.3
491.7
530.3
440.2
301.2
313.4
301.2
299.2
460.8
300.0
443.2
383.1
469.7
440.3
339.5
321.4
345.0
327.0
440.7
300.0
301.0
299.5
299.8
303.7
479.0
311.9
318.1
301.3
440.5
299.8
300.9
303.0
300.6
460.0
302.1
312.1
300.7
300.6
439.9
301.2
301.0
305.8
299.8
461.9
303.0
356.0
387.7
315.9
440.7
301.7
303.6
302.7
309.6
472.3
300.3
301.8
332.1
318.4
440.9
306.9
299.7
301.3
302.4
461.4
301.4
303.7
299.9
312.4
452.2
301.3
301.7
303.1
301.3
440.2
305.0
299.1
299.9
300.1
464.3
403.9
377.0
363.7
333.3
440.0
311.4
395.1
396.3
305.5
320.8
469.2
347.7
338.4
304.5
299.8
441.0
301.1
301.5
298.8
460.1
313.3
385.1
395.5
298.6
301.8
442.1
302.4
303.6
299.3
460.6
337.4
316.0
428.2
416.8
440.1
299.9
303.1
307.0
325.1
303.9
439.9
299.8
300.2
299.8
302.4
474.6
304.7
301.4
303.6
441.2
299.9
301.7
303.6
312.3
304.3
461.2
300.2
301.5
301.3
445.3
298.4
310.2
304.3
300.4
461.3
305.2
357.6
347.3
301.1
302.7
443.4
301.0
306.4
298.4
461.2
390.2
475.5
463.8
458.5
299.4
498.8
417.0
428.8
300.3
300.3
460.0
381.4
301.5
378.5
453.7
301.9
313.7
393.8
397.8
461.7
380.0
483.4
489.3
391.2
440.6
302.3
302.3
301.6
301.3
461.0
300.7
302.9
407.5
306.9
304.6
473.5
311.9
301.6
311.6
442.8
411.5
386.2
428.6
431.4
443.1
302.2
303.6
303.9
300.0
461.7
300.1
301.8
305.3
302.5
448.6
300.9
299.8
301.4
299.0
303.1
440.4
301.1
310.2
302.2
299.4
463.7
378.6
354.9
318.7
299.0
440.1
302.2
304.8
302.8
461.0
301.7
302.9
302.5
301.0
442.7
349.3
304.9
339.3
301.5
360.4
472.1
303.1
351.8
311.1
440.2
388.8
529.4
558.6
494.1
442.9
382.3
