355.9
308.4
322.0
491.0
346.4
323.8
333.3
460.2
331.7
303.0
446.4
588.1
442.9
576.7
570.8
725.0
460.4
464.9
607.7
308.1
342.5
347.0
503.1
335.1
383.8
392.5
339.6
465.0
423.7
322.7
325.6
339.2
479.1
312.9
480.7
332.3
321.4
344.2
396.3
530.3
357.5
378.1
308.8
450.4
307.0
305.9
481.3
301.5
305.1
336.6
473.3
312.7
313.6
321.4
306.0
488.8
304.0
339.4
308.5
451.6
314.0
460.6
511.4
454.9
366.5
339.0
448.2
344.4
323.3
334.2
443.5
307.4
304.0
315.9
491.1
309.6
315.3
330.8
312.3
452.4
310.7
301.6
464.7
302.8
308.0
319.2
456.9
430.0
368.7
419.3
325.4
492.7
317.7
331.3
478.6
370.4
331.3
361.9
381.0
485.6
344.6
328.4
492.5
333.2
330.2
326.5
457.5
316.9
320.7
316.2
320.3
481.2
318.8
332.5
449.5
445.0
341.2
401.5
304.0
443.8
306.5
322.2
479.1
321.2
305.7
303.0
449.5
361.1
335.5
378.3
443.8
303.7
311.6
305.5
469.2
309.5
316.0
333.2
338.2
463.0
316.8
326.4
304.2
464.7
314.4
316.1
305.5
446.5
311.9
303.7
306.7
443.4
312.5
312.1
309.1
310.0
472.6
302.7
446.3
371.5
304.5
368.5
446.7
313.1
306.9
302.2
481.7
305.7
307.9
302.7
443.5
303.1
304.5
304.8
319.1
473.4
319.3
344.2
314.9
491.5
304.8
300.2
455.8
304.1
309.0
316.5
345.0
390.9
476.1
325.4
482.3
330.8
320.8
317.6
454.3
328.2
318.1
311.9
306.3
465.3
315.3
379.0
334.4
344.7
458.6
301.2
303.9
443.4
305.4
303.1
476.2
361.2
404.2
450.5
314.5
453.2
307.2
345.3
444.9
388.1
493.8
445.3
623.2
440.4
399.4
307.3
444.1
313.8
325.8
329.1
309.3
464.3
309.5
306.3
452.4
354.7
311.0
410.7
357.9
451.7
320.8
323.4
455.9
329.5
318.7
351.3
474.5
303.6
303.6
306.7
325.4
447.9
322.0
336.3
483.9
347.6
364.5
350.5
506.9
332.1
318.5
327.9
462.0
353.3
346.7
342.5
340.6
518.2
337.1
337.5
471.7
360.3
327.7
326.7
341.3
498.3
367.9
369.7
493.6
387.7
397.8
356.0
513.0
607.7
496.8
651.6
689.4
668.4
654.7
364.7
514.8
354.0
351.2
343.2
351.5
511.0
372.3
424.1
365.4
487.1
443.0
345.1
498.6
340.9
381.9
350.0
367.2
373.2
515.9
333.1
500.6
356.8
369.6
386.4
471.8
327.2
336.0
330.7
408.0
497.0
348.3
433.1
479.8
347.1
421.6
398.7
515.8
334.1
305.3
429.3
407.4
465.7
309.6
323.8
337.7
347.0
484.9
320.4
310.1
457.0
308.3
311.7
503.5
379.0
767.9
618.4
618.1
534.3
306.4
465.9
311.6
630.3
642.9
434.6
470.9
321.9
339.8
309.4
449.3
349.9
432.4
388.0
443.2
389.7
326.7
311.9
304.8
463.3
309.5
305.1
514.7
348.2
322.5
328.2
465.9
310.5
325.9
305.5
443.1
303.3
324.3
323.2
452.0
306.8
316.8
327.2
493.9
324.3
311.8
322.2
461.5
301.6
304.3
355.9
452.6
354.7
325.3
325.4
356.8
516.6
318.4
304.6
478.0
305.3
357.1
337.3
469.9
342.4
311.6
312.8
516.0
311.8
309.7
348.4
313.0
469.0
305.1
308.8
447.5
303.7
305.4
328.5
335.2
445.9
357.2
365.2
302.9
441.3
310.8
302.0
464.7
318.8
305.6
359.4
449.1
303.9
318.6
304.9
463.4
302.9
307.3
307.3
443.0
407.4
401.1
358.1
447.7
345.2
390.0
426.3
492.6
318.7
334.2
381.8
331.3
472.3
313.5
305.6
450.6
316.6
306.0
318.5
464.8
310.0
308.0
327.9
348.6
417.5
526.4
416.4
305.1
454.6
307.1
304.0
443.3
307.3
303.3
316.1
463.9
309.1
310.6
307.6
464.7
327.4
342.4
320.5
468.0
548.7
504.8
318.9
463.0
334.4
308.7
324.6
305.3
477.0
306.5
390.6
390.7
472.1
413.1
348.2
305.3
333.7
454.2
309.8
468.6
312.5
315.2
305.0
443.6
383.5
341.4
394.6
312.2
469.9
315.9
338.6
635.0
407.5
408.5
303.0
442.9
318.5
305.9
302.4
467.5
303.1
333.8
317.3
474.1
309.5
309.9
313.5
329.8
473.2
324.6
318.7
463.1
316.0
409.8
413.5
494.6
303.8
307.4
300.8
465.8
379.2
585.0
569.2
495.1
445.2
483.1
351.2
451.8
347.5
331.1
343.0
441.9
299.9
308.1
303.4
301.2
344.6
464.6
337.7
443.9
325.3
309.0
315.8
455.1
313.0
315.1
427.8
479.4
307.1
321.8
305.4
467.6
307.1
317.8
405.4
312.8
441.7
424.2
333.1
444.4
342.4
331.3
307.7
313.3
477.7
311.9
306.1
303.4
448.5
315.7
320.1
446.8
303.0
439.3
396.5
473.5
471.2
594.1
523.1
302.7
447.9
303.9
301.9
446.1
301.0
306.7
330.4
470.2
318.3
309.5
304.8
441.6
303.1
311.7
336.9
484.7
392.0
490.4
405.1
448.6
306.1
455.0
418.5
418.5
457.4
413.5
305.5
455.9
347.3
308.8
342.9
368.2
464.4
330.4
334.6
471.4
424.4
351.3
383.3
452.7
351.2
305.6
428.4
369.4
500.7
390.3
301.2
324.5
446.4
329.5
329.4
358.7
511.0
310.7
333.9
489.1
305.7
329.8
310.3
303.4
305.4
501.9
304.6
380.9
459.7
352.2
312.6
445.2
303.1
304.0
303.9
476.4
367.9
375.9
406.9
476.3
301.5
334.8
338.5
572.7
335.0
326.2
303.2
483.6
318.3
334.5
330.1
476.8
301.3
323.7
479.0
334.3
455.7
311.7
330.4
315.9
447.6
311.3
301.5
473.7
305.1
398.7
383.6
314.0
465.7
323.9
394.0
515.5
327.2
325.6
304.9
461.9
318.7
306.0
305.3
372.0
443.5
333.7
526.4
473.3
464.4
424.6
407.8
471.2
303.0
309.5
301.5
448.2
305.5
335.7
344.2
487.4
358.4
321.6
320.4
470.7
339.8
323.0
308.8
312.3
479.5
307.0
343.5
377.3
401.1
444.8
338.5
318.7
449.3
313.9
424.6
517.1
330.7
342.4
449.4
469.8
446.0
359.8
309.1
441.7
301.0
306.3
331.6
468.9
337.0
331.1
361.5
308.8
450.4
303.8
311.6
489.1
357.3
310.3
310.5
480.8
323.5
332.8
306.4
444.5
306.5
345.8
321.6
336.2
516.9
304.3
319.1
310.1
449.6
307.1
307.0
449.9
337.9
341.4
383.7
464.5
302.6
302.4
309.3
353.6
469.8
334.2
408.0
476.8
304.1
334.2
307.5
312.2
475.2
312.9
317.3
473.9
313.8
310.5
307.4
443.6
307.2
332.2
312.6
446.5
325.9
317.3
304.1
307.1
471.1
318.3
337.6
304.8
443.6
308.2
344.3
315.5
462.0
317.6
316.3
480.4
337.0
318.6
314.0
467.0
323.8
310.0
307.9
326.7
465.2
309.9
314.9
347.7
453.6
304.4
305.8
457.9
313.6
339.5
368.4
591.1
697.3
442.0
383.4
466.4
355.2
403.1
454.0
443.2
305.9
308.0
304.7
303.2
465.4
303.0
313.5
461.9
315.0
316.8
313.9
463.5
305.2
305.2
304.6
443.9
306.5
318.9
313.8
306.1
467.6
318.8
307.1
307.2
447.1
307.9
307.0
307.7
446.1
306.2
305.5
465.8
302.2
374.5
340.6
402.5
443.8
303.1
302.2
302.4
442.8
302.6
301.9
463.0
394.7
305.2
381.5
445.8
305.2
311.1
316.5
468.9
302.7
307.5
305.1
454.5
314.8
302.4
302.8
463.2
304.0
406.2
404.2
442.3
303.2
302.4
304.0
305.9
474.3
316.9
301.9
302.3
442.0
373.0
330.1
337.7
442.0
302.4
303.3
445.0
302.2
303.4
301.9
463.8
304.6
303.5
303.4
441.9
335.5
316.1
412.2
348.1
320.6
507.8
301.3
464.2
351.6
309.7
349.9
443.9
305.8
306.0
302.2
305.6
443.3
307.4
305.5
446.5
307.0
316.8
316.3
471.1
302.9
315.0
312.8
443.7
304.6
307.2
305.8
302.6
474.8
306.2
329.8
320.7
445.0
453.1
413.5
452.5
333.9
