313.5
352.8
317.3
480.8
302.1
441.1
337.6
397.2
360.7
310.8
450.9
494.3
441.5
484.6
575.4
445.2
643.2
494.7
490.3
463.4
305.5
299.1
299.4
440.9
360.6
360.6
443.2
375.5
354.3
300.1
309.1
307.2
443.9
298.6
460.7
300.8
299.4
303.4
302.2
440.1
300.4
454.4
301.3
305.9
462.6
302.0
311.3
442.9
300.8
300.6
301.9
441.1
300.8
305.5
302.1
461.4
300.8
300.6
302.3
441.2
318.2
359.3
440.3
437.3
370.7
471.6
302.3
300.3
299.9
440.7
301.4
300.0
461.2
301.5
302.2
441.5
301.3
301.6
311.7
440.1
301.1
300.3
462.2
301.8
314.1
302.5
442.3
300.7
303.4
441.0
303.5
302.9
301.3
460.0
300.7
300.8
356.3
439.7
326.7
374.0
452.1
301.7
303.2
440.4
300.3
299.9
298.7
461.0
300.9
301.2
310.2
454.5
365.9
305.6
460.5
301.2
304.0
439.7
302.7
300.8
301.7
307.8
441.1
301.0
302.0
300.5
460.9
313.6
304.1
440.1
307.1
440.2
301.4
302.9
300.6
461.0
301.1
301.3
333.9
443.5
302.5
330.8
300.9
460.6
301.0
442.5
299.8
315.3
300.6
440.7
301.0
301.2
300.7
440.1
300.8
302.6
460.4
299.4
303.6
304.1
441.4
301.9
302.4
460.1
302.9
298.9
440.2
302.9
301.5
300.9
471.9
300.4
299.9
440.7
304.4
306.1
301.3
441.2
300.5
311.0
547.6
301.9
302.6
300.7
440.2
299.2
331.4
442.5
395.1
332.0
390.3
300.0
461.4
300.8
440.7
301.8
303.1
300.2
300.1
439.7
354.8
465.5
352.7
437.9
433.7
440.7
301.1
303.9
305.1
452.5
301.1
300.9
307.9
460.5
307.1
442.6
299.8
299.2
301.4
304.2
440.1
346.0
343.9
442.1
301.1
302.5
439.5
328.3
321.4
531.7
376.8
302.3
379.9
300.4
440.6
299.7
384.3
440.9
401.1
334.1
300.7
302.9
460.6
442.7
343.0
360.0
396.3
447.1
299.7
300.6
301.5
440.2
304.7
302.3
460.9
302.8
301.9
441.1
300.2
332.1
322.6
469.6
309.2
302.5
451.2
326.0
322.1
315.3
442.9
301.9
300.3
302.1
460.3
303.0
307.1
441.7
310.2
301.0
440.5
307.9
303.7
299.0
459.8
431.7
439.7
594.7
619.9
619.1
551.4
300.8
440.1
299.7
440.2
423.1
327.3
451.3
460.8
318.2
383.7
440.2
393.1
405.9
427.1
440.3
302.1
300.4
304.9
463.1
302.2
300.5
440.4
300.7
302.8
300.3
439.9
306.7
314.0
459.9
312.1
301.6
310.3
440.5
301.3
299.6
300.7
440.3
298.7
441.4
322.1
378.9
398.3
460.4
301.6
318.9
301.0
303.1
440.0
300.6
299.7
440.1
300.3
460.6
303.4
357.8
418.9
441.4
410.1
345.3
439.9
300.2
302.5
328.1
299.5
460.8
305.1
451.2
299.6
300.6
313.0
299.2
442.6
303.6
441.1
299.9
300.5
301.1
306.0
460.7
311.9
440.4
301.2
311.9
300.7
302.1
459.8
300.0
441.2
303.5
302.0
300.5
299.5
440.0
300.6
441.2
300.4
301.2
300.2
460.5
301.6
329.2
531.9
306.2
303.1
350.6
439.8
340.4
299.5
440.0
301.1
315.1
300.1
461.0
301.7
302.5
314.8
337.7
490.7
344.0
300.7
460.4
300.8
300.2
440.6
302.2
302.8
439.7
300.8
300.0
460.2
301.5
300.6
300.7
298.5
441.4
300.6
441.1
299.8
304.5
299.1
440.0
302.1
299.7
462.3
301.7
300.1
300.0
441.1
300.5
313.2
460.5
301.2
302.7
310.4
305.1
440.2
303.4
451.8
337.1
435.6
413.1
440.5
299.9
299.6
461.7
300.7
302.4
299.4
452.3
301.3
299.7
462.0
304.1
300.1
299.9
301.3
442.6
328.7
301.0
472.4
327.9
299.2
439.7
303.2
301.8
440.2
301.8
315.2
301.9
440.7
300.8
304.0
301.9
462.1
300.6
300.0
449.3
299.7
301.4
460.7
301.9
303.1
302.1
299.5
441.0
301.4
441.0
301.4
386.1
351.4
460.7
382.0
359.4
486.1
427.7
519.0
300.1
440.2
301.7
300.4
461.2
300.4
305.7
316.2
450.2
302.1
302.1
460.5
315.4
313.2
304.0
446.2
301.3
303.1
299.7
440.3
301.3
299.7
460.2
304.7
299.5
442.3
299.7
326.8
302.2
312.4
461.0
301.9
452.8
347.2
302.6
343.5
439.8
300.9
299.7
460.4
303.1
311.1
378.2
432.2
441.1
393.2
349.8
441.4
302.9
304.1
301.9
462.6
315.0
451.8
301.0
300.8
302.0
309.3
310.6
441.9
442.5
300.9
299.9
300.4
460.3
300.1
300.7
300.5
442.6
300.5
299.9
440.0
304.4
305.3
462.0
300.7
313.0
458.4
440.2
431.7
334.8
440.9
303.8
313.3
301.3
302.3
465.3
301.1
440.6
303.2
303.8
303.8
460.8
299.5
300.8
440.6
387.6
536.0
453.2
534.6
453.6
299.5
439.9
300.5
299.9
300.0
460.9
306.6
304.5
441.2
456.1
473.4
857.9
884.1
935.8
936.6
943.8
907.2
440.6
565.0
375.1
699.5
323.2
440.6
350.8
406.8
450.5
461.2
301.6
301.7
500.3
548.7
636.7
644.9
684.6
687.8
715.9
910.9
381.5
502.8
445.9
440.2
301.1
302.3
460.6
437.8
383.0
364.4
445.0
308.3
302.2
439.9
353.3
311.0
354.4
300.3
440.0
299.1
440.8
299.4
299.3
301.4
356.9
548.0
309.2
309.1
525.5
430.8
481.3
621.3
308.9
307.6
440.7
299.5
301.2
301.8
460.2
301.7
301.6
440.3
301.3
303.4
302.3
461.3
300.2
300.1
450.9
300.9
300.2
301.1
460.0
299.9
299.1
301.1
440.0
301.1
300.2
301.5
440.5
298.4
446.1
302.8
300.8
302.6
460.3
304.7
312.9
440.5
301.7
302.6
299.3
439.8
300.3
300.1
461.1
331.2
302.8
378.2
439.6
373.9
442.7
442.2
373.9
440.9
354.4
442.5
299.7
300.2
299.7
462.0
299.8
301.9
440.7
300.7
301.4
460.8
341.1
314.2
342.5
439.9
299.8
302.2
445.9
305.3
388.1
348.8
405.7
460.1
316.6
302.9
441.3
301.6
299.5
439.9
299.7
411.6
353.0
442.1
406.5
347.6
299.8
460.3
300.8
440.4
299.8
301.5
300.0
301.0
459.7
302.2
303.4
452.0
300.8
300.7
439.9
299.7
299.8
441.0
299.5
300.3
310.5
300.8
461.3
367.5
444.1
305.1
300.9
300.1
441.5
300.7
301.7
300.2
459.8
300.7
300.2
299.5
440.9
299.8
439.8
299.9
302.3
313.8
461.7
299.6
299.7
439.6
299.7
303.7
303.6
299.7
460.2
299.6
303.7
440.1
300.7
306.8
301.9
440.2
300.1
460.6
309.4
305.7
310.7
501.9
302.3
302.9
312.4
462.6
299.6
301.1
312.9
440.9
300.9
303.1
440.0
303.8
300.8
460.2
302.7
301.8
440.3
299.7
300.9
301.1
302.5
301.0
460.6
440.1
423.5
350.0
369.6
441.0
302.1
300.1
476.1
304.0
443.3
431.0
478.3
298.3
302.3
441.4
377.1
411.5
486.3
439.8
299.7
302.5
301.5
460.5
302.4
299.6
440.9
299.5
301.3
440.2
301.6
302.0
300.6
461.5
299.6
300.3
301.1
442.6
298.7
317.9
443.9
300.7
299.6
301.2
461.3
302.3
302.4
299.2
440.8
300.3
460.5
299.9
300.4
417.3
334.6
440.5
377.3
299.4
439.9
300.9
313.5
441.1
300.5
302.1
459.7
306.2
387.1
382.0
442.2
301.7
303.7
461.5
301.6
301.6
304.4
441.4
298.9
311.5
461.4
300.1
302.4
315.2
440.2
299.6
302.3
299.5
479.9
365.7
395.3
440.2
309.2
300.5
461.7
349.5
316.2
375.5
440.7
300.3
301.1
441.3
310.3
300.0
300.3
460.4
337.7
303.9
301.1
442.0
298.9
299.3
441.1
304.2
305.8
439.8
302.5
305.1
313.5
301.8
440.8
300.4
313.0
460.7
304.1
298.9
444.9
302.5
300.2
440.3
301.6
301.1
301.9
462.5
300.0
300.1
303.1
440.0
302.4
300.0
460.7
303.7
300.9
440.5
331.9
333.9
439.9
382.0
481.5
383.7
452.9
