311.4
441.6
403.3
408.8
498.8
444.8
396.0
429.9
402.4
299.6
441.3
455.7
440.2
645.1
679.8
659.7
615.5
613.8
622.9
300.1
461.3
299.6
302.8
308.1
332.4
395.2
440.0
307.7
405.4
300.0
300.9
302.2
440.5
303.8
305.1
399.1
304.3
323.0
343.1
471.3
373.4
309.5
299.7
439.9
301.0
319.6
333.9
298.8
461.8
299.8
298.9
300.1
300.0
462.1
301.4
305.1
300.8
311.8
300.1
451.8
427.2
522.4
515.3
448.6
459.9
300.0
301.0
300.2
302.2
305.4
440.6
299.5
300.4
301.0
299.1
462.3
300.0
342.8
353.7
389.5
299.3
460.9
301.5
300.8
312.3
309.5
441.3
478.6
465.7
422.2
426.6
323.3
471.9
299.9
302.4
301.4
340.4
442.9
367.4
431.0
404.9
309.1
302.8
303.3
460.8
298.8
299.4
300.9
442.8
346.2
344.8
384.2
299.6
300.9
498.5
426.2
337.0
401.3
303.6
440.2
303.9
441.5
462.0
345.6
305.5
311.9
479.0
347.1
327.1
373.8
442.9
305.8
301.9
299.8
299.9
302.5
461.6
299.7
392.2
377.0
310.9
452.8
303.6
311.1
300.9
299.8
301.2
461.5
301.3
312.5
312.1
300.6
300.0
440.1
468.7
384.1
389.5
299.3
460.7
448.6
479.7
538.1
647.2
701.1
540.2
302.1
312.4
310.5
299.7
471.9
300.4
300.2
303.6
302.7
301.1
440.3
300.8
300.8
301.0
302.9
461.9
313.8
301.5
301.1
300.1
455.3
351.4
542.7
632.5
449.7
511.0
301.5
460.2
300.7
300.5
299.6
440.1
299.5
301.7
302.5
328.4
378.2
370.7
332.1
460.2
301.5
302.2
440.4
302.3
298.8
299.6
300.0
303.6
462.3
300.9
303.8
299.0
300.9
440.5
450.8
581.8
628.8
540.8
503.9
441.0
304.2
314.3
301.1
299.7
462.8
382.0
302.7
381.5
301.6
298.5
447.1
385.8
517.9
417.3
516.1
304.0
315.0
475.6
304.1
300.6
300.8
441.1
303.1
300.9
302.7
304.6
440.4
301.5
302.4
300.6
300.2
299.8
459.4
303.7
304.9
301.4
304.9
452.6
300.3
300.0
314.2
315.3
317.4
460.4
303.8
427.0
300.9
313.8
313.8
304.1
441.0
303.7
300.0
301.0
301.6
460.0
304.1
300.2
440.5
604.8
604.5
658.3
638.6
538.3
299.3
439.8
301.7
305.9
300.9
304.5
460.6
302.2
472.9
533.0
528.0
463.1
440.7
299.0
301.3
299.6
301.0
306.5
463.2
299.6
302.5
300.6
307.7
451.4
316.5
302.6
300.6
303.6
462.3
311.0
400.0
405.1
416.3
389.0
440.5
302.8
299.5
299.3
298.6
462.2
311.3
443.7
440.7
307.8
302.4
301.6
305.3
442.1
299.2
301.3
441.0
300.0
304.1
299.8
315.4
391.0
460.2
414.6
331.9
299.7
300.2
300.2
440.5
300.2
301.5
299.6
299.3
474.2
302.4
380.1
369.8
316.8
440.0
301.2
301.9
301.1
19.5
301.2
300.9
301.8
303.5
300.9
303.1
301.0
473.4
314.9
308.3
299.7
301.9
451.7
300.4
301.0
302.7
300.3
460.9
304.2
303.7
299.9
299.8
301.6
302.6
442.2
301.7
303.0
347.1
472.2
354.1
300.1
302.1
304.3
302.1
440.8
299.7
300.9
300.5
324.6
303.0
473.4
327.9
301.2
311.6
299.5
300.9
445.0
347.7
315.4
352.8
471.6
299.6
304.3
306.5
305.5
302.9
439.9
424.7
353.4
432.3
324.1
439.9
300.6
301.0
300.7
301.2
300.3
464.5
300.3
304.1
301.2
300.2
440.2
299.8
303.0
327.3
354.0
307.3
324.4
502.4
420.2
339.5
461.5
455.5
310.5
304.1
300.7
301.6
300.8
479.3
301.7
299.8
305.0
302.6
461.4
300.0
301.4
300.4
302.9
313.9
315.8
373.3
452.2
360.6
300.9
460.8
303.4
300.5
371.2
300.6
367.1
441.2
300.1
303.0
302.4
300.4
460.3
303.1
306.6
302.2
299.7
299.7
475.1
303.3
305.4
316.3
300.3
440.4
307.1
301.3
301.3
386.5
353.2
460.9
377.8
360.4
304.1
301.3
440.0
301.4
300.9
300.5
301.4
373.7
462.3
412.9
304.6
408.5
301.3
441.4
301.3
301.7
309.8
355.7
337.3
301.3
461.6
304.6
309.0
299.9
442.3
300.1
301.2
300.2
299.8
312.2
472.5
389.4
451.4
416.1
360.9
440.4
346.4
391.1
343.4
473.0
300.2
467.6
300.2
301.2
303.0
322.5
440.1
542.3
320.0
554.8
457.5
299.6
461.5
307.2
332.6
323.5
301.1
440.2
302.2
301.4
402.5
406.2
501.3
440.1
300.0
299.1
303.3
303.1
461.6
351.5
318.7
330.1
299.4
299.9
473.7
301.5
302.6
299.1
300.6
440.9
329.2
447.2
524.3
406.1
309.6
300.1
461.6
320.5
314.0
312.4
440.3
300.7
302.1
305.5
314.5
303.0
461.8
299.5
358.6
536.1
439.9
482.8
591.3
521.0
302.9
304.6
298.6
471.0
300.0
300.6
301.2
302.0
462.0
302.2
311.6
422.9
388.7
312.0
454.3
301.5
299.5
300.7
302.0
460.4
300.4
300.5
335.0
412.4
467.9
440.9
342.8
315.1
301.6
300.0
300.0
461.1
303.8
301.0
421.7
409.3
616.8
301.5
423.3
429.7
303.3
463.5
300.7
499.7
463.5
492.5
451.3
441.3
300.2
301.1
337.4
306.8
460.4
383.0
485.0
378.0
301.4
299.0
441.4
299.9
383.1
377.1
461.2
309.8
338.9
440.0
353.5
303.8
327.0
300.0
472.0
300.2
298.8
305.9
305.6
441.3
300.5
301.4
299.6
300.8
461.0
301.0
300.2
300.2
301.9
461.4
301.9
301.1
300.3
300.1
299.8
302.1
471.9
304.7
300.0
306.1
299.0
440.8
298.4
300.0
301.1
303.5
301.0
460.5
320.7
302.1
314.0
300.8
451.3
304.1
303.0
299.7
300.0
460.8
353.3
495.0
551.9
552.0
441.9
719.7
667.9
665.0
609.8
498.4
440.0
300.9
299.4
301.1
305.6
462.0
302.2
302.8
301.8
302.2
300.0
300.2
473.7
300.4
299.8
299.4
300.7
440.4
301.1
462.4
311.0
444.6
441.2
314.0
302.0
306.9
331.6
299.5
478.7
338.1
492.2
432.8
418.6
440.4
393.3
314.9
305.7
299.5
461.0
300.0
300.2
302.4
301.3
302.2
299.5
440.6
312.9
305.6
300.4
492.4
301.8
300.7
300.8
299.7
303.6
451.9
398.8
304.5
389.1
299.1
301.2
466.5
300.8
303.9
301.8
301.4
303.7
451.8
300.2
340.3
300.2
460.5
301.3
300.5
299.9
300.1
299.5
440.2
299.4
304.0
301.3
300.3
460.7
299.9
300.7
301.4
301.1
300.2
442.6
300.9
303.7
304.1
306.2
471.9
302.0
300.1
301.7
300.7
300.7
301.0
460.8
303.0
309.6
300.0
302.7
441.0
301.9
302.7
409.4
402.4
300.5
461.9
300.3
301.4
300.8
440.4
300.0
302.9
311.7
305.5
302.3
474.9
300.1
301.1
408.7
398.6
440.4
299.6
301.0
351.3
377.7
462.6
460.5
433.4
312.4
302.7
303.4
305.7
322.9
443.4
312.0
300.3
300.2
301.8
461.8
301.9
301.4
300.6
440.4
301.4
300.9
301.5
303.1
298.8
460.4
301.0
420.0
332.9
389.3
440.3
307.2
302.1
299.4
302.1
301.0
460.9
300.4
300.2
303.0
312.1
302.2
450.8
303.6
299.3
426.0
381.9
339.9
461.8
314.3
302.9
300.8
440.3
329.8
300.6
304.4
301.6
311.8
298.9
462.9
300.0
305.7
300.7
474.6
300.3
382.5
512.2
554.2
351.6
440.6
299.6
300.0
301.7
303.0
460.3
301.0
301.4
301.0
301.0
305.5
313.6
478.4
300.6
299.5
299.9
440.1
313.8
424.1
446.0
298.8
307.8
441.8
300.5
302.5
299.9
301.0
463.6
355.5
326.9
380.3
302.6
300.0
441.2
302.6
383.6
382.9
300.4
460.8
358.3
308.2
343.2
302.2
300.4
439.8
309.2
410.0
431.1
300.4
302.8
443.4
300.3
304.1
305.8
299.6
461.6
373.8
303.6
337.5
299.8
346.7
441.4
302.1
345.1
300.2
333.4
331.6
463.8
463.8
560.7
424.1
451.8
