300.7
301.4
312.4
473.9
300.4
301.0
302.4
299.5
440.3
302.9
312.7
440.1
378.7
711.6
453.8
654.1
697.1
545.5
541.3
302.6
461.9
301.6
299.2
301.0
303.6
440.7
495.1
446.3
445.8
441.7
302.2
439.0
431.4
305.4
464.7
303.2
305.1
309.7
302.0
450.5
300.8
301.7
302.7
442.6
301.5
299.2
303.4
462.8
302.4
300.9
299.8
300.0
441.5
301.2
301.1
302.1
461.3
302.0
301.6
302.1
418.3
349.7
441.3
425.1
366.8
442.4
300.9
303.1
301.4
301.2
462.1
302.3
301.2
299.7
440.8
302.4
298.3
301.5
300.4
462.0
303.1
302.9
301.0
303.7
453.7
301.1
298.5
312.9
302.1
462.9
316.5
301.0
441.0
303.0
298.4
299.5
306.6
463.3
376.9
458.6
385.8
301.6
461.6
307.2
307.0
301.7
440.9
300.7
300.9
301.9
300.4
462.6
300.7
302.7
301.9
300.7
451.5
303.5
312.6
441.6
305.0
480.9
451.2
356.6
302.3
303.1
462.3
308.8
307.6
445.5
305.9
299.7
301.3
440.5
302.4
300.9
300.8
461.7
337.4
328.6
390.6
330.5
299.4
441.5
301.6
304.6
303.0
440.8
318.4
301.8
300.9
472.0
300.2
301.3
301.5
312.2
441.5
301.5
301.4
306.8
302.4
461.5
300.1
302.6
450.0
301.9
303.4
311.5
302.5
462.0
302.3
303.0
300.5
441.6
302.5
315.9
304.0
301.9
461.6
301.6
301.2
299.1
451.0
300.2
300.7
302.7
348.0
389.3
461.1
309.5
408.7
299.4
439.9
302.9
312.7
303.6
441.8
299.6
302.4
305.1
405.7
462.2
316.5
459.3
415.7
441.1
303.5
354.0
349.5
441.8
298.6
302.5
415.4
408.7
301.0
460.8
301.4
301.3
441.2
527.8
496.8
599.0
508.5
440.5
416.9
301.2
301.9
441.1
299.4
298.7
303.6
304.4
462.5
302.5
303.6
301.2
302.4
446.8
367.6
369.9
304.7
314.0
441.5
299.8
302.5
300.0
465.4
300.4
300.1
302.7
301.5
441.4
301.2
301.8
446.5
300.4
300.5
313.1
299.9
473.1
301.5
303.8
300.3
440.3
303.4
325.2
307.7
317.8
463.8
299.5
299.9
300.4
453.3
382.7
478.6
468.6
384.6
441.1
300.2
302.5
302.5
299.9
461.6
531.3
441.2
548.2
581.8
654.0
563.7
299.6
441.9
301.3
302.5
300.4
302.8
461.2
299.6
337.5
402.6
451.3
364.7
300.5
299.5
300.2
462.0
302.6
301.3
303.9
440.5
303.7
302.1
303.4
304.9
309.4
472.3
304.5
305.1
442.0
352.9
395.0
394.1
348.3
443.4
376.3
302.6
363.5
461.6
300.0
307.8
392.3
387.5
442.6
300.9
303.2
304.1
301.4
440.7
299.0
302.2
305.4
462.4
301.4
302.3
390.5
383.0
441.9
432.6
326.5
300.0
460.0
301.2
303.2
303.2
442.9
299.8
299.4
302.7
299.8
441.8
303.1
374.8
369.7
467.2
300.7
307.8
301.4
314.9
441.9
301.0
303.0
301.9
461.5
307.4
373.0
361.6
311.5
441.1
299.8
303.0
301.7
309.1
442.1
299.9
300.1
300.1
463.1
301.4
300.3
300.9
304.1
440.7
299.7
307.2
349.2
452.7
373.7
300.2
298.6
299.9
461.7
300.2
301.8
301.7
443.2
526.1
426.2
436.0
495.0
535.5
322.1
301.2
303.3
441.3
354.1
327.0
366.2
471.9
304.0
301.7
300.1
300.8
308.4
443.1
340.1
333.5
447.1
299.7
300.8
300.4
301.7
465.4
302.2
303.6
301.0
443.9
303.0
572.4
685.5
910.4
685.2
683.0
505.0
505.3
703.0
804.3
703.0
784.3
583.0
713.9
470.5
537.6
456.1
555.9
299.6
304.3
303.7
303.2
462.6
299.6
301.7
299.7
441.0
302.3
300.2
301.3
316.7
330.5
387.4
462.4
344.7
301.5
441.2
302.1
305.0
301.1
300.8
442.8
305.9
299.8
303.5
462.2
300.8
314.5
299.8
299.9
453.2
300.7
301.1
462.8
301.6
302.6
301.2
302.4
444.6
302.3
301.2
300.9
339.8
462.7
449.2
380.7
472.6
301.4
304.1
442.7
300.5
442.4
300.5
299.8
299.8
300.4
303.3
461.4
307.5
299.8
440.3
301.1
312.8
303.9
304.1
440.8
301.3
303.1
299.9
461.9
301.6
306.8
301.8
303.0
466.6
304.7
301.4
300.0
302.5
314.0
443.8
299.3
300.1
471.1
429.3
371.9
389.7
441.7
301.1
303.3
301.7
301.9
301.3
388.9
462.9
402.7
328.1
453.7
332.3
301.8
302.3
442.4
302.7
302.6
301.5
460.2
367.8
376.3
409.7
482.8
451.7
299.6
300.3
299.7
461.2
361.7
303.5
332.2
323.2
441.0
302.1
303.7
300.6
472.3
301.3
312.4
413.7
306.3
399.3
441.9
301.6
299.9
299.7
461.9
323.8
304.2
315.4
442.0
301.3
313.5
303.0
505.8
300.0
304.8
302.4
428.7
441.5
426.0
500.1
504.0
453.4
301.0
303.0
299.0
301.5
474.3
303.5
301.8
303.8
463.5
303.2
302.5
359.0
357.7
441.2
300.2
300.5
300.6
303.7
327.3
441.8
326.8
301.8
476.6
384.2
412.4
452.0
458.9
310.3
304.8
300.6
304.2
441.8
302.4
362.9
346.4
316.1
463.5
414.4
358.9
352.2
440.8
301.6
347.0
428.6
407.3
502.1
359.5
302.0
300.6
453.3
313.4
307.2
320.3
300.8
440.3
301.2
301.1
302.3
461.4
300.3
302.0
305.2
441.0
416.1
498.0
501.7
409.4
299.9
440.7
300.7
300.3
461.3
299.7
374.9
429.6
356.8
442.2
301.7
300.0
300.2
440.9
299.7
301.5
299.7
300.0
482.7
301.1
301.3
315.5
441.9
300.6
389.7
360.0
334.7
299.7
461.9
303.2
303.6
440.9
300.1
302.1
333.0
310.7
440.7
302.9
302.1
299.2
300.6
461.6
303.5
299.8
310.8
441.5
299.8
300.1
301.3
375.8
460.4
337.5
641.4
440.7
521.1
424.0
392.0
301.8
446.5
301.0
301.6
301.7
299.7
301.7
479.9
315.5
303.1
441.6
337.5
314.0
341.0
303.0
477.9
312.5
303.7
326.3
440.1
409.8
499.0
494.7
382.6
302.4
441.3
300.3
299.5
460.8
299.8
354.7
445.4
464.4
446.1
346.8
305.6
298.2
440.7
325.6
305.9
299.7
299.8
462.0
355.4
326.3
377.4
440.4
300.5
307.4
408.3
429.6
300.2
465.0
302.1
299.4
440.7
381.6
318.2
373.5
299.0
302.2
463.5
300.2
302.0
301.2
458.5
316.7
376.8
353.3
471.7
318.8
315.6
303.1
440.7
304.9
302.2
316.1
310.9
441.0
300.1
303.2
300.5
469.3
306.5
301.5
301.2
299.9
299.5
441.4
301.6
312.9
300.4
472.1
302.0
300.2
301.1
443.3
303.5
304.0
300.0
302.3
461.2
300.7
301.5
307.4
301.6
449.1
301.5
304.9
460.9
301.5
308.4
299.6
299.9
440.1
298.5
301.2
301.0
467.3
304.8
381.3
390.4
300.0
301.4
440.8
303.2
299.0
443.2
301.3
356.7
352.4
454.7
461.0
449.4
301.8
301.2
446.3
376.2
493.5
477.0
374.8
462.5
300.9
303.0
303.1
440.2
303.2
302.2
301.1
301.0
461.5
302.8
301.4
301.2
441.0
299.7
430.1
303.2
423.4
442.0
300.7
302.1
298.9
465.1
302.3
346.6
355.5
300.4
299.3
440.9
302.1
306.4
453.2
300.0
304.7
403.7
399.8
460.8
302.4
308.2
300.7
440.1
300.4
305.0
303.3
300.9
301.9
461.1
300.2
300.9
300.7
313.3
461.5
311.6
302.5
305.6
442.8
298.8
301.4
473.3
300.5
422.7
386.9
387.6
440.8
300.3
301.7
305.0
300.8
460.8
316.5
301.1
300.4
441.6
386.3
301.9
386.9
451.0
301.9
301.7
303.1
301.2
461.1
300.0
302.5
300.2
441.1
300.3
302.3
298.5
298.4
439.5
302.4
384.6
382.6
460.6
329.4
303.4
353.8
324.4
307.0
453.3
307.2
298.8
303.4
440.2
335.4
312.3
327.0
465.4
301.4
304.3
308.6
443.0
346.7
304.9
341.5
300.5
364.2
463.0
303.8
348.0
440.5
356.4
385.3
437.6
507.2
440.7
407.6
365.8
