315.4
303.3
479.7
465.4
313.0
310.3
301.7
451.2
450.7
307.6
313.9
487.3
336.1
455.9
509.6
472.2
371.4
551.6
511.9
307.8
304.3
471.6
314.4
453.4
369.6
309.0
448.1
357.7
443.4
306.4
300.3
309.3
442.3
306.3
445.2
302.2
463.3
302.1
306.7
443.2
307.2
442.1
305.1
445.2
312.8
300.2
462.6
302.0
443.4
304.9
303.5
445.1
305.0
462.8
315.9
318.2
444.4
303.0
303.6
453.5
306.4
305.1
464.4
304.4
449.0
301.7
444.0
304.3
302.3
446.0
302.4
467.6
316.3
451.6
306.1
304.7
471.4
307.7
317.3
444.0
301.7
442.8
306.7
302.8
462.3
333.5
445.7
304.2
321.2
463.4
307.5
445.0
312.0
503.1
305.7
322.0
308.1
461.5
307.2
456.3
308.7
316.9
458.5
452.5
323.3
315.3
470.0
306.8
443.2
318.8
309.8
451.2
308.6
450.8
304.5
307.2
308.8
464.3
301.6
455.3
305.2
317.3
446.4
443.3
308.8
303.9
453.7
341.5
313.1
552.7
370.0
465.2
313.8
475.9
326.3
318.9
469.5
303.5
323.3
450.5
324.8
468.8
307.6
451.8
309.5
334.1
319.4
482.3
459.3
314.4
303.3
502.3
304.8
451.1
311.9
311.1
451.7
305.8
478.5
310.1
315.4
450.8
303.2
453.1
318.9
336.1
486.9
325.0
465.7
317.8
331.2
485.0
320.4
454.7
319.2
314.0
478.0
302.7
465.1
304.1
315.7
324.9
467.4
474.5
315.9
320.3
332.3
466.5
445.9
323.1
341.4
310.5
456.6
450.7
310.4
308.1
443.4
302.4
306.0
472.6
310.0
460.3
324.6
328.2
451.6
457.1
470.3
498.0
564.1
587.5
546.5
375.2
455.0
458.4
311.5
306.7
452.0
308.9
459.7
406.5
351.6
456.3
354.0
319.6
476.3
324.4
463.1
311.5
452.0
313.2
305.4
304.5
463.5
301.8
443.1
303.1
303.9
443.1
303.7
443.7
308.6
306.6
449.4
454.7
311.5
308.4
441.8
303.6
470.3
317.2
319.3
455.8
317.4
450.9
311.5
309.1
308.3
466.2
446.9
324.0
328.1
452.5
336.3
498.7
344.2
325.4
476.1
328.1
463.5
334.0
336.4
322.2
489.6
338.2
327.7
471.1
476.1
335.1
465.5
328.6
328.5
312.4
455.0
388.0
419.2
722.8
593.5
568.7
625.2
319.2
317.4
319.3
458.2
320.6
320.5
457.5
453.7
441.8
402.2
357.9
473.4
453.3
313.7
456.7
323.2
320.3
320.5
490.4
474.4
320.2
324.5
324.4
468.9
338.2
458.4
306.6
475.3
306.3
305.9
451.6
307.3
476.9
333.3
458.0
306.6
313.5
449.8
313.4
325.7
322.2
487.3
464.0
324.9
466.3
327.6
333.7
466.0
324.0
303.1
444.7
303.0
480.3
318.4
326.9
326.0
465.7
464.1
326.7
467.5
322.4
312.6
450.1
308.4
487.3
306.2
302.9
442.5
309.0
315.7
462.5
332.1
447.0
313.6
464.6
317.7
319.9
314.2
463.8
456.4
305.5
304.9
464.3
306.6
459.9
318.2
310.5
451.0
305.0
448.0
308.9
314.8
474.5
320.1
447.4
303.6
313.2
451.2
312.4
28.2
313.5
472.2
459.5
341.5
383.2
449.1
361.7
461.0
302.5
304.0
445.3
302.2
465.6
303.7
443.8
325.8
319.2
442.7
334.8
301.3
473.7
314.6
312.5
448.1
324.0
453.7
322.8
451.6
310.5
471.0
313.5
314.9
311.7
454.2
331.4
326.9
463.0
324.0
453.7
322.6
474.8
363.5
319.4
478.2
456.4
302.4
301.9
441.9
308.0
470.0
312.8
305.1
446.0
312.4
302.9
442.2
303.7
446.4
303.6
309.0
446.6
310.2
444.2
307.1
462.5
308.8
307.3
442.2
304.3
442.5
302.9
300.8
463.2
304.1
441.6
309.4
324.7
316.0
457.1
457.6
319.4
309.5
456.8
301.9
464.0
302.8
303.1
444.5
302.0
452.1
315.7
318.4
307.1
463.3
444.0
317.9
312.4
462.2
325.8
486.6
304.9
315.2
443.3
302.7
454.4
366.4
346.1
475.4
314.9
406.5
449.4
393.8
445.3
417.1
446.9
339.7
312.4
458.6
310.5
466.4
310.5
313.8
326.9
465.8
494.6
326.5
325.3
457.6
328.8
306.7
462.5
313.8
303.7
442.4
302.3
464.3
303.4
448.4
307.2
462.9
305.1
305.5
445.1
305.8
305.6
317.7
443.2
452.4
310.6
470.1
311.9
319.5
450.3
309.7
450.6
305.3
307.7
468.1
304.9
411.0
459.6
392.0
340.6
442.6
446.1
310.5
305.5
442.8
313.8
449.4
304.4
307.2
476.9
310.9
352.5
444.9
353.7
443.1
303.3
467.7
302.6
312.0
320.2
456.7
460.5
315.1
304.5
443.3
306.8
462.0
308.9
320.9
320.4
459.4
339.1
466.7
322.4
468.8
325.7
485.9
311.5
312.1
459.1
319.7
459.1
322.3
318.4
469.0
305.0
456.6
324.1
475.2
451.4
429.6
449.7
462.9
469.1
314.6
466.8
489.9
305.4
307.2
442.3
307.0
447.6
303.9
311.5
314.8
477.2
444.9
302.0
302.3
450.6
305.0
303.7
305.0
446.7
458.8
302.8
473.0
330.9
362.2
463.8
348.2
304.5
451.6
303.1
301.9
463.7
307.6
458.7
320.2
313.0
456.2
311.8
455.8
314.2
451.5
303.1
464.0
314.5
375.3
454.2
381.2
443.9
316.3
308.5
674.0
525.0
310.0
677.3
441.9
458.3
756.5
519.7
306.7
313.7
313.6
469.4
453.9
337.7
307.6
452.0
327.6
316.2
460.9
307.2
446.1
301.6
465.1
315.2
312.7
447.5
310.3
443.7
301.6
307.8
458.4
302.8
462.0
302.7
301.7
441.5
303.2
471.2
307.1
302.8
457.2
304.2
304.2
453.0
302.5
444.8
304.7
496.9
303.9
303.5
444.8
304.9
310.6
444.9
323.5
453.2
311.5
323.1
472.9
326.3
454.7
323.1
449.7
305.2
307.2
308.1
461.8
451.1
319.6
362.7
342.7
545.7
303.2
529.9
302.4
445.0
312.0
302.2
462.3
301.4
313.4
456.4
454.2
316.3
315.8
321.2
485.1
462.8
321.5
323.3
308.7
442.4
454.4
437.7
303.0
433.6
445.5
456.6
304.5
314.2
461.3
302.7
443.2
304.6
311.2
312.8
450.7
451.1
313.0
309.9
456.5
311.9
464.2
304.8
305.0
443.1
307.3
324.5
470.2
319.0
455.7
309.5
463.3
306.1
302.4
303.0
445.1
472.9
313.6
321.9
304.1
444.5
455.9
301.8
303.1
443.3
300.6
464.3
315.5
309.2
304.2
445.8
445.6
303.4
302.1
463.5
302.4
443.0
303.0
306.2
310.1
457.0
451.5
302.6
301.6
301.4
462.8
456.6
309.3
307.2
441.7
310.2
445.2
306.6
314.8
307.1
467.9
454.8
309.1
306.6
447.2
304.6
465.1
303.4
305.3
442.4
303.8
447.1
306.9
312.5
451.4
334.2
312.6
484.3
314.6
454.3
305.3
301.8
442.2
303.8
465.2
304.8
441.7
302.9
304.5
442.3
302.5
303.1
446.2
304.9
442.2
303.6
462.2
346.5
305.2
334.4
442.2
453.8
306.8
312.4
443.2
302.4
306.3
444.3
304.2
462.8
303.0
302.7
444.0
309.0
443.2
302.0
442.2
303.7
307.3
463.2
301.4
302.4
454.5
301.8
444.3
305.4
451.8
303.2
301.8
462.2
308.1
443.2
302.3
306.0
442.0
306.2
301.4
441.5
304.8
462.5
301.3
442.7
413.2
367.7
367.9
442.3
302.9
442.0
302.4
442.0
301.8
302.4
463.6
306.5
305.7
442.5
453.6
302.8
304.7
303.4
463.5
453.0
305.9
308.2
443.4
314.3
448.2
302.3
304.2
304.0
463.8
450.2
303.5
303.7
302.1
464.0
308.3
443.2
310.0
451.3
307.1
452.5
312.5
401.5
408.6
490.1
474.9
307.4
307.0
442.3
306.3
448.3
302.2
306.2
301.8
463.8
444.4
303.1
301.5
443.0
303.2
303.4
460.4
301.7
308.7
452.5
315.5
470.9
309.7
318.1
443.5
306.1
304.0
454.5
442.9
302.2
444.1
308.2
309.8
475.8
303.4
443.1
305.7
306.1
443.0
305.5
304.7
464.4
317.5
455.9
309.4
450.2
372.8
324.5
383.0
457.0
447.2
300.6
