313.4
303.0
474.1
456.1
312.4
307.5
452.9
305.6
455.8
306.7
443.3
381.9
304.3
384.0
456.8
635.3
302.4
536.6
625.1
302.5
302.9
466.0
303.4
443.8
303.1
306.0
446.4
310.3
448.3
306.1
303.3
443.1
443.1
304.6
462.3
304.0
442.8
308.4
305.0
445.6
308.3
445.6
315.4
452.8
309.7
307.3
469.2
463.8
304.1
304.7
445.0
307.5
462.3
302.2
302.7
442.0
455.1
303.3
303.4
462.7
303.6
314.8
443.1
300.8
443.6
445.7
302.5
441.9
305.4
304.1
463.8
302.6
444.5
302.8
446.2
302.8
464.6
302.4
314.7
446.6
305.5
453.3
303.8
304.9
462.5
442.3
303.9
306.7
301.7
442.9
301.7
454.8
462.6
302.9
441.1
302.5
304.4
444.8
304.6
303.3
456.7
302.4
441.7
300.4
468.6
443.2
304.2
441.5
303.9
303.5
301.9
444.5
303.4
462.2
443.5
303.7
302.9
445.2
301.9
444.5
303.7
306.3
443.5
454.3
306.4
314.4
463.2
304.6
444.0
319.4
454.9
302.9
302.5
442.4
462.3
308.9
444.6
303.6
304.1
448.5
302.9
468.7
302.4
444.0
301.3
453.4
304.0
444.0
300.3
312.2
301.6
443.7
301.9
472.3
382.3
469.7
446.1
302.8
444.5
306.0
316.8
466.1
307.2
448.5
304.3
308.7
450.9
471.1
325.1
317.3
465.8
312.4
303.4
443.8
300.4
443.9
443.1
300.7
462.9
310.3
302.6
307.3
442.3
454.6
303.8
451.5
320.8
320.5
468.8
329.8
445.2
301.1
442.0
307.8
442.7
301.2
445.5
303.4
303.7
461.8
304.1
444.7
315.4
302.3
454.7
442.7
302.7
445.5
302.4
307.5
463.0
303.1
304.7
444.4
301.8
453.4
444.0
302.9
442.9
463.6
557.2
665.1
719.4
721.0
733.9
742.1
779.9
488.5
303.9
301.0
304.7
444.2
448.2
303.2
463.2
301.7
316.0
442.2
304.8
444.9
303.1
306.6
443.4
444.8
301.8
304.6
443.3
463.1
303.5
304.0
307.3
443.7
442.5
302.8
443.6
305.1
301.0
462.7
449.1
309.9
303.8
443.8
301.8
446.1
318.3
307.8
470.2
303.9
449.6
311.2
442.2
301.8
443.2
302.9
308.1
465.1
443.0
301.7
443.7
307.5
314.9
309.2
452.0
355.8
365.2
456.8
637.8
391.5
638.6
310.0
466.4
302.3
448.8
303.8
304.0
443.0
447.5
358.2
336.6
444.0
388.6
469.6
301.6
442.2
303.1
442.5
302.7
301.8
468.4
305.6
452.6
304.3
447.5
314.8
444.7
302.7
464.2
303.3
302.9
442.7
305.1
445.7
303.4
459.6
305.9
444.0
304.1
443.0
340.0
343.5
383.5
463.4
301.9
441.6
310.3
443.0
449.7
342.1
312.4
747.2
309.1
463.5
302.1
304.8
306.5
455.0
517.8
522.2
302.2
301.1
303.4
442.4
303.3
444.7
462.6
303.2
443.8
304.0
448.5
304.2
318.8
458.2
302.7
453.5
312.9
327.4
489.1
466.9
319.2
317.4
465.3
303.9
310.9
516.7
460.8
317.5
463.0
302.2
450.5
305.1
306.8
442.8
307.1
473.0
303.0
446.8
305.4
454.6
322.3
331.3
454.6
324.5
335.4
342.0
515.6
555.9
516.1
343.9
330.0
468.0
326.8
469.2
307.9
444.7
302.8
305.3
443.4
454.9
303.1
319.4
462.2
305.0
443.3
302.5
305.6
442.4
444.0
303.1
442.3
304.3
306.2
306.3
580.7
320.8
456.1
543.9
308.7
463.5
308.5
302.6
450.1
303.2
462.1
306.3
441.8
305.4
444.3
302.9
443.5
301.5
301.7
462.1
300.4
302.7
442.9
454.7
323.3
303.2
330.3
441.3
455.5
302.3
444.6
303.0
305.5
464.5
443.7
303.2
443.0
1402.5
318.2
474.8
304.6
443.2
314.7
442.4
337.8
305.5
444.1
334.0
301.9
462.1
303.3
443.8
455.5
301.6
444.1
301.7
447.8
322.3
317.3
331.0
497.4
471.4
337.1
465.6
323.5
304.7
465.4
313.0
451.1
313.1
311.2
452.1
304.1
467.4
445.7
319.4
348.3
454.6
357.8
442.3
306.1
316.0
442.2
462.4
303.7
444.0
306.7
302.0
442.2
303.3
300.8
463.6
303.5
444.3
454.8
302.9
446.0
304.0
307.2
301.6
464.6
303.5
443.0
443.9
303.4
446.9
304.7
305.4
468.3
304.5
444.3
303.0
305.4
443.6
454.0
308.0
450.2
309.6
322.0
455.7
303.5
462.0
304.0
443.9
303.9
313.7
307.8
450.2
308.3
497.0
497.9
302.2
462.4
303.3
443.5
312.9
444.2
303.1
302.1
443.4
304.4
307.2
443.6
441.7
304.2
463.3
301.4
303.0
445.5
301.8
306.8
454.6
444.2
303.7
461.7
306.0
441.8
306.7
304.4
302.3
460.7
305.2
442.9
456.9
301.0
302.0
462.9
302.9
302.4
445.9
445.4
300.0
340.7
465.8
442.6
302.9
443.1
305.3
420.6
317.0
426.4
538.1
565.1
614.9
304.9
442.8
304.1
305.1
442.3
304.1
307.6
461.9
443.6
306.8
301.8
442.1
444.1
301.4
301.6
441.5
301.4
302.9
467.8
457.1
317.3
444.3
372.7
317.4
393.6
441.9
443.7
302.9
462.4
303.9
313.9
443.0
300.2
442.4
303.3
305.4
444.3
322.3
462.1
456.8
302.3
443.0
305.3
303.8
305.6
447.0
444.6
306.8
302.0
462.6
441.9
301.9
306.1
443.9
311.0
442.9
303.8
442.0
345.5
463.7
305.1
306.9
446.1
304.0
310.0
448.8
442.5
301.4
443.6
323.5
442.3
302.2
468.9
302.8
304.5
442.9
303.0
442.8
301.9
444.3
304.3
462.2
302.9
303.2
443.1
314.5
462.2
303.5
442.7
303.2
445.3
306.2
301.7
468.4
379.4
639.3
438.5
445.1
319.8
455.2
300.8
315.5
305.8
462.9
303.1
443.7
476.0
303.0
445.4
303.5
443.7
302.2
448.6
300.2
302.4
313.6
469.6
601.6
342.4
316.7
544.4
344.5
495.4
303.1
441.6
301.0
443.5
303.8
463.1
301.3
304.8
447.5
448.0
303.8
319.9
307.2
464.0
454.6
302.0
445.0
303.9
444.4
302.4
305.7
312.2
441.9
443.4
304.1
309.2
452.3
488.8
304.6
444.0
302.1
304.2
317.2
442.8
443.2
302.8
301.3
442.9
443.6
306.8
309.7
463.2
302.2
443.1
300.6
304.6
447.3
442.6
301.6
448.0
306.0
302.9
314.3
463.4
444.1
307.6
444.0
302.4
304.9
443.3
301.8
301.3
462.1
442.0
302.3
301.6
515.5
302.0
454.8
513.5
303.4
302.2
464.1
310.6
446.3
308.7
445.3
303.2
444.7
300.3
314.3
462.6
303.4
445.1
301.2
300.8
443.3
444.6
305.9
479.9
302.9
305.2
301.3
441.8
444.4
303.5
442.2
307.6
462.1
302.6
302.4
314.0
445.5
453.6
362.5
301.5
462.5
443.8
303.7
304.4
442.2
303.5
445.9
301.5
303.1
441.9
443.7
301.2
463.6
301.8
315.5
324.8
458.8
460.8
313.8
305.9
469.7
445.0
302.1
442.8
335.8
305.3
334.0
443.0
454.5
301.6
443.2
312.7
304.5
308.2
442.8
469.0
302.9
442.0
301.4
442.2
300.7
476.1
314.5
462.5
302.8
302.7
450.8
306.6
305.6
446.4
444.4
307.9
312.3
469.7
330.5
303.8
443.3
461.0
301.7
303.7
443.6
444.3
302.5
307.3
471.2
304.7
444.1
306.6
463.5
302.7
314.7
443.4
444.3
302.4
315.7
301.9
463.3
440.8
306.6
442.2
301.5
302.7
464.3
454.9
312.7
309.0
322.6
467.3
457.3
307.6
307.8
446.1
304.6
445.6
301.6
470.2
311.7
311.1
444.2
442.2
303.5
307.7
462.5
303.7
442.1
313.9
459.2
302.1
442.6
302.0
306.0
465.8
462.4
308.5
302.7
442.6
303.8
468.0
302.4
443.4
300.8
443.6
301.8
454.1
301.7
301.9
442.1
304.4
306.4
444.4
303.4
464.5
317.3
446.6
311.5
461.3
317.5
453.4
311.4
321.4
457.5
446.3
309.6
470.1
309.1
302.0
443.0
305.4
441.8
303.6
314.2
462.9
446.7
306.1
324.7
303.4
443.7
441.9
304.7
304.8
303.3
556.1
443.6
372.2
540.1
