406.2
472.8
670.1
393.4
710.9
568.4
857.7
451.6
302.4
855.0
302.7
382.5
324.4
441.9
409.3
345.8
452.4
860.8
856.8
300.1
305.7
300.3
460.5
845.6
391.5
357.9
440.3
440.5
301.1
843.6
301.0
300.9
845.1
301.4
460.8
304.8
312.7
298.6
441.5
302.8
299.9
846.8
441.2
844.8
301.0
303.4
303.7
860.2
461.6
300.3
299.6
299.2
845.9
472.3
301.1
312.7
298.4
917.8
301.0
441.8
300.7
302.9
298.4
460.5
298.1
844.3
300.6
303.5
440.9
847.4
302.2
302.3
471.3
844.1
299.8
300.2
300.3
301.0
460.6
856.1
303.2
301.2
300.8
844.0
440.5
300.8
301.3
300.0
471.0
310.5
300.5
846.0
441.8
845.5
299.4
301.3
304.7
312.4
301.1
461.1
859.1
305.1
440.9
303.3
844.9
298.3
303.0
847.5
461.5
366.5
338.9
395.8
442.9
846.0
301.1
301.3
301.7
300.1
462.1
845.8
301.1
302.6
441.5
846.5
332.1
364.8
369.9
301.3
462.1
301.2
848.7
301.7
445.6
845.0
340.1
301.9
412.4
849.6
333.2
460.9
313.8
329.7
452.6
301.9
311.4
845.9
301.1
302.6
460.8
845.4
302.8
302.5
443.4
847.2
331.1
459.6
434.5
844.3
464.9
379.1
301.2
370.6
442.3
846.7
304.9
301.3
303.4
461.5
844.2
302.2
301.0
300.8
452.6
300.2
302.2
858.2
311.1
854.9
461.4
300.4
301.6
300.9
462.6
300.9
857.6
301.5
300.1
452.7
302.9
313.0
852.4
302.9
845.1
461.1
303.2
300.7
301.1
845.8
301.1
441.2
302.3
305.9
301.4
463.0
846.0
301.9
299.7
300.2
441.3
845.5
300.8
299.9
440.6
300.1
302.2
844.5
314.0
461.5
847.8
492.9
391.9
427.4
440.4
322.2
847.9
301.4
303.4
845.3
460.9
301.7
302.5
303.3
299.1
441.9
848.2
298.7
301.0
305.1
440.3
843.8
299.5
304.9
461.4
299.9
850.3
373.7
375.0
452.2
848.2
392.1
435.8
343.3
301.1
461.4
857.4
302.6
298.6
847.9
442.9
302.3
301.7
318.5
461.1
846.8
301.3
303.5
313.2
451.4
300.1
846.7
298.8
299.2
844.6
311.9
305.1
460.7
306.6
445.1
854.4
300.9
312.6
303.4
845.9
303.9
440.8
445.6
438.0
452.8
848.7
301.3
304.1
301.5
300.6
847.4
304.1
460.9
299.7
300.9
306.4
440.7
301.2
845.8
440.0
856.7
301.2
302.6
300.2
461.2
846.0
302.9
315.0
300.8
299.6
450.1
869.8
310.2
345.0
846.3
477.0
444.9
359.8
368.0
440.5
303.8
301.7
854.6
299.8
857.6
388.5
410.1
463.0
496.5
441.8
302.7
847.6
448.3
443.1
300.1
440.1
843.9
299.5
300.8
847.3
332.9
375.5
462.3
402.2
439.9
846.6
298.8
302.3
303.0
440.6
845.1
301.7
301.4
301.6
472.0
302.9
375.7
860.6
366.7
846.5
442.8
301.1
304.2
334.0
463.0
340.7
845.9
313.3
314.0
441.4
304.7
305.2
846.0
303.6
460.8
301.4
846.7
304.5
304.0
441.0
846.3
300.6
300.7
300.3
857.4
303.7
301.6
472.0
300.0
301.9
440.8
304.1
318.3
862.3
873.0
300.8
441.0
300.2
300.8
464.7
845.3
314.9
529.7
551.4
301.2
448.7
844.5
313.6
302.9
301.6
462.0
847.1
300.8
299.7
441.0
846.9
301.2
300.0
304.1
301.6
306.1
441.1
310.5
857.0
299.9
470.8
856.5
300.8
300.2
440.9
847.2
303.2
299.9
301.4
461.9
301.0
299.4
858.2
312.2
856.7
305.8
444.1
314.9
300.5
301.1
440.3
299.6
846.5
300.2
844.3
460.5
301.1
342.9
301.0
848.1
452.3
301.1
301.2
302.1
462.4
845.9
302.1
304.1
299.8
440.1
312.2
302.3
855.8
314.7
458.2
370.1
314.6
367.6
851.4
857.0
460.9
302.3
303.9
300.2
442.9
845.9
303.0
306.1
300.4
462.5
847.0
305.4
302.5
299.9
451.6
844.8
302.9
300.9
299.0
378.9
302.2
461.0
384.5
846.0
300.2
440.4
846.8
300.4
300.5
844.0
442.1
301.3
303.5
306.2
462.1
847.7
320.8
326.6
410.7
302.1
441.4
311.5
858.2
300.2
300.6
856.8
461.3
300.9
303.3
847.8
472.7
304.2
307.2
312.5
301.9
313.2
441.0
848.1
302.6
474.0
374.5
447.9
856.8
383.8
441.1
846.0
303.6
303.2
309.9
322.0
303.6
461.8
312.1
847.0
845.1
440.9
299.1
301.3
301.7
441.0
301.7
846.3
300.8
301.8
301.3
471.4
301.5
848.8
301.4
441.2
300.4
848.7
300.3
303.9
460.4
308.4
845.9
300.8
301.0
474.1
301.9
302.5
847.3
300.1
302.2
440.1
319.3
855.5
300.3
444.6
845.6
300.9
461.1
510.7
568.1
596.4
605.5
846.1
299.6
451.9
844.7
301.1
421.6
408.4
417.0
460.2
398.8
847.5
300.6
441.3
847.0
299.8
299.6
300.6
462.0
847.2
300.7
300.8
301.5
440.8
300.0
848.2
299.8
314.2
847.9
304.2
336.8
473.5
324.4
846.6
441.4
317.9
425.5
436.6
308.2
442.0
844.4
300.8
302.9
846.0
356.5
462.0
302.8
356.3
844.4
303.2
440.2
302.3
301.1
847.8
461.5
322.9
429.8
543.8
441.0
859.4
304.1
311.2
302.3
440.2
347.8
314.7
355.3
847.8
466.9
860.8
301.3
300.4
299.5
440.8
352.9
844.9
398.1
443.0
300.2
440.2
847.9
301.4
303.8
462.5
846.6
311.0
404.7
399.4
441.4
846.6
298.9
299.9
300.1
845.0
472.8
300.5
298.5
301.5
846.5
461.6
304.2
301.1
299.7
300.3
441.0
300.1
846.5
324.1
452.5
301.1
869.5
300.1
299.9
300.4
461.4
303.8
315.4
845.6
846.0
298.6
440.4
303.8
302.3
850.8
441.1
300.2
299.9
302.0
462.4
310.6
410.4
384.2
855.1
440.3
300.4
845.8
299.7
299.4
845.6
300.8
462.0
300.5
302.2
846.4
441.0
307.3
300.9
301.3
463.2
301.2
851.7
315.4
301.7
451.2
431.9
335.3
850.2
403.4
440.2
845.3
303.1
305.1
302.4
462.8
300.0
848.0
301.1
302.2
440.1
303.1
306.2
844.4
301.5
846.8
461.4
301.9
300.4
301.0
312.4
452.5
304.1
315.2
848.6
460.7
874.0
299.3
299.4
300.3
858.9
452.2
301.8
302.2
300.1
461.0
301.6
848.9
315.8
311.1
461.4
847.5
315.4
369.8
365.7
442.4
845.9
301.4
302.7
302.4
845.5
461.0
300.9
301.2
302.9
440.6
299.9
856.4
301.7
300.6
472.3
849.0
301.4
305.4
301.2
440.3
304.3
304.2
846.7
299.7
460.3
845.4
301.8
300.1
301.1
453.4
845.1
313.5
384.1
378.9
857.6
461.5
302.9
392.9
399.0
299.5
444.2
317.5
302.8
844.0
299.8
460.7
846.9
302.3
299.1
443.2
846.5
388.2
433.4
345.6
845.6
300.5
463.1
304.7
304.4
441.2
846.5
323.7
312.7
340.1
440.4
304.8
303.4
844.8
309.5
299.4
460.3
300.6
845.5
299.6
303.7
441.1
302.5
845.1
300.8
847.2
460.3
300.7
301.2
301.4
299.8
441.1
846.4
300.1
299.9
471.6
299.7
846.3
300.7
302.4
440.7
846.0
326.9
421.2
499.6
300.9
460.9
847.8
301.8
304.1
440.6
846.0
361.2
438.8
379.7
846.4
300.1
471.6
305.9
303.2
847.5
440.5
302.2
329.7
321.4
460.6
846.8
300.8
301.5
304.9
846.3
471.6
329.2
432.7
464.0
439.9
846.6
299.3
299.9
299.9
461.5
846.3
303.7
301.5
299.9
844.9
303.9
473.1
309.3
305.4
440.4
845.7
376.1
319.8
373.7
440.1
858.1
307.4
305.2
337.7
375.2
462.8
402.1
301.9
853.3
439.6
301.9
870.5
301.3
315.4
300.2
452.3
845.2
307.5
302.8
300.5
460.0
847.8
302.1
303.1
303.3
443.8
300.4
845.9
300.8
453.6
844.6
314.7
301.7
310.7
461.3
846.5
350.1
304.7
344.0
846.5
372.3
441.7
327.6
359.4
460.7
874.4
317.2
451.1
429.3
440.4
300.4
855.6
