311.5
306.9
472.4
311.8
859.9
304.6
440.9
301.3
932.3
442.5
427.5
431.6
966.1
337.6
441.4
301.5
880.6
453.6
849.3
300.6
303.3
461.9
300.3
847.9
301.6
301.6
440.7
300.8
845.8
847.6
443.4
461.3
482.2
625.0
636.2
570.6
359.1
456.2
343.2
973.8
862.1
970.9
300.7
441.1
325.0
461.2
302.7
853.4
311.5
441.2
846.4
303.7
301.5
300.8
858.3
462.1
301.4
849.8
304.5
453.9
303.7
307.2
440.8
312.4
857.5
855.7
301.4
464.9
299.2
851.3
447.6
304.6
302.9
847.8
443.1
302.3
299.0
303.2
462.4
846.7
301.4
858.5
441.2
304.9
312.5
851.7
462.1
301.7
301.3
298.7
441.1
859.9
302.3
451.6
847.3
300.7
305.8
301.8
305.7
461.5
848.1
440.8
302.9
300.2
846.5
440.7
302.1
845.2
300.6
302.5
461.8
300.4
848.8
864.0
441.5
301.2
301.9
300.8
440.7
845.1
300.9
442.6
365.5
846.6
301.0
461.4
848.0
302.8
313.0
441.3
302.9
857.7
300.0
845.0
444.7
301.5
313.8
846.1
308.6
463.8
304.5
856.5
300.5
448.5
300.3
846.8
300.8
443.4
300.0
300.5
461.2
847.0
301.1
864.6
305.4
313.2
440.4
846.0
443.5
313.1
312.7
848.0
301.2
463.0
310.5
454.4
321.4
310.0
850.0
847.8
463.4
302.1
302.3
299.3
442.0
862.8
300.3
867.0
466.0
312.1
302.8
451.8
301.7
299.6
848.6
302.1
312.3
461.0
877.1
455.6
306.0
315.4
851.0
441.2
307.7
306.0
846.2
847.8
300.8
460.7
300.5
303.1
306.8
452.3
845.5
303.2
443.1
307.5
854.9
857.1
466.7
303.5
302.8
300.2
440.0
847.9
312.9
441.8
308.2
862.5
303.5
305.6
441.8
301.5
847.7
460.9
845.6
301.1
301.2
847.2
302.7
461.0
302.5
443.0
301.6
866.8
309.5
302.3
442.1
858.4
302.7
439.8
299.7
301.9
851.6
442.5
856.9
299.2
300.0
301.1
462.4
845.6
299.8
440.5
847.5
300.6
300.2
847.0
462.0
301.2
301.6
845.5
441.9
300.5
302.2
307.3
462.4
314.8
847.2
456.5
858.9
313.2
383.1
300.7
503.2
324.2
878.1
461.0
300.6
864.6
301.7
440.6
847.0
461.2
389.4
440.7
485.6
409.4
847.5
461.1
302.3
303.3
845.0
299.9
442.4
300.1
846.6
301.5
440.7
300.7
870.0
441.6
301.2
846.5
302.7
305.5
461.0
313.9
851.8
440.1
845.7
304.0
304.2
470.1
847.6
312.4
316.5
300.8
472.3
851.3
302.2
441.2
300.5
845.7
301.0
441.6
864.3
299.9
301.2
301.1
460.5
865.3
301.0
301.8
302.0
440.9
846.5
299.4
440.3
846.5
300.8
461.3
847.7
302.2
302.2
509.8
358.0
850.3
324.0
300.4
443.4
848.0
302.2
846.7
462.6
301.2
300.2
440.7
303.0
304.4
865.7
449.7
855.1
300.7
301.3
301.9
461.2
312.1
850.5
858.3
440.8
313.8
301.0
299.8
478.0
305.7
851.3
440.8
300.6
847.6
373.5
845.4
440.2
301.8
300.9
846.5
460.6
300.6
301.3
442.6
300.0
864.1
300.4
440.8
303.5
301.8
858.3
863.2
303.5
461.2
300.2
845.8
473.1
302.5
303.4
440.7
299.1
311.4
865.0
440.9
857.9
301.7
301.4
299.3
461.5
845.8
301.4
441.0
847.9
301.5
300.2
300.4
450.9
313.2
862.1
301.3
441.7
855.9
303.6
848.6
461.2
323.4
303.9
870.3
440.3
301.0
302.4
460.8
299.5
851.2
299.4
440.2
845.8
330.6
315.9
454.2
302.4
302.3
851.3
441.2
863.2
299.9
301.5
306.6
847.7
483.3
312.9
847.4
440.5
301.5
302.3
847.2
473.5
301.1
300.6
301.5
305.8
440.0
847.4
379.9
473.9
865.3
307.2
441.2
304.8
845.8
303.7
848.4
460.0
301.0
301.0
440.8
300.6
848.9
300.8
844.7
460.4
301.4
302.5
441.3
301.8
849.1
311.8
844.5
302.3
474.4
300.8
301.7
303.1
440.6
845.1
860.7
306.2
306.0
441.1
696.4
947.7
517.6
326.7
848.4
440.9
306.5
314.1
846.3
301.5
461.9
313.6
451.9
301.1
302.0
848.7
455.5
301.9
302.2
843.9
852.2
461.1
303.2
303.4
848.0
452.3
300.9
301.7
313.4
460.1
304.2
847.1
440.3
301.4
314.4
872.5
870.2
441.3
300.7
302.3
460.8
847.3
302.0
301.0
441.5
315.7
300.3
855.0
445.5
858.2
303.4
302.1
440.7
302.2
844.0
300.4
304.0
302.3
460.8
885.5
884.4
442.1
301.1
300.9
439.9
299.8
305.4
846.4
459.7
845.0
334.4
326.4
442.0
301.5
312.9
847.4
306.0
302.1
460.7
845.1
847.1
440.8
301.7
301.3
302.3
441.2
300.1
847.1
301.7
461.0
845.1
301.4
440.8
847.0
301.7
406.6
313.5
415.9
441.5
887.4
887.9
305.5
460.1
299.4
848.7
439.8
301.2
302.3
846.5
462.6
301.7
312.1
441.6
302.5
847.3
299.3
439.6
846.3
301.6
301.0
460.7
299.5
846.1
301.9
300.8
440.2
314.4
845.8
530.0
845.7
300.8
300.5
844.3
305.5
469.2
302.3
452.7
847.4
302.0
313.2
440.4
845.0
301.3
301.3
300.4
302.5
460.7
855.6
301.5
443.8
846.5
300.2
441.4
303.2
302.4
844.8
452.1
303.0
844.0
303.1
310.8
845.8
322.9
461.4
300.8
441.4
301.0
859.2
440.8
859.5
301.8
313.9
461.5
847.8
303.2
308.5
844.0
440.8
300.7
299.8
847.5
440.5
300.7
299.4
847.5
463.3
301.6
301.3
462.1
846.6
301.5
301.3
302.6
451.6
302.5
847.2
299.9
440.4
858.7
301.5
847.5
460.5
304.2
313.9
300.0
440.7
847.1
311.3
440.3
302.1
302.8
863.2
844.4
460.4
302.2
301.0
298.2
439.8
301.0
309.6
304.4
452.4
888.8
889.6
442.1
926.8
303.7
300.0
461.2
300.9
847.5
318.5
846.3
301.4
451.4
301.0
461.4
301.7
301.0
846.6
854.2
300.8
452.2
300.4
305.7
312.7
440.4
846.4
843.8
298.4
463.5
312.5
440.3
299.5
847.0
300.2
304.3
443.4
302.9
845.9
441.2
301.6
857.2
301.6
975.7
463.7
301.1
300.1
306.3
440.8
304.6
855.5
461.1
847.6
301.7
302.2
441.5
845.4
301.7
299.9
845.7
302.0
460.1
303.2
848.5
300.7
440.0
302.3
303.5
846.7
461.0
299.7
452.7
856.6
302.7
300.1
440.2
848.0
300.7
299.8
301.4
461.4
313.4
845.5
848.5
440.5
306.7
302.0
847.9
300.9
460.3
300.6
442.4
300.8
303.4
845.0
299.6
439.9
844.7
300.1
845.9
460.6
300.6
300.0
300.8
441.1
301.1
846.3
309.9
845.6
460.3
305.3
303.2
440.4
310.9
864.0
860.0
441.7
302.4
314.3
847.1
460.3
301.0
301.4
301.9
440.9
300.2
854.0
303.8
442.6
303.2
847.2
460.7
846.6
301.1
314.6
315.0
440.6
300.5
848.3
440.9
845.5
305.5
303.9
440.0
846.1
300.8
302.5
301.1
460.0
844.8
299.9
845.8
440.1
301.9
300.9
462.8
309.6
303.4
846.4
439.7
305.4
302.9
857.6
856.5
301.5
441.2
313.4
301.3
844.8
461.1
300.7
324.3
440.8
847.3
301.2
440.4
302.8
844.4
300.3
301.4
460.7
847.6
299.6
299.5
439.8
844.4
302.7
460.7
846.5
301.2
302.1
440.9
848.0
301.9
301.6
460.3
845.7
302.4
303.6
440.2
312.8
304.4
858.5
847.7
473.1
301.2
305.5
844.9
440.7
305.3
299.0
845.9
305.5
460.5
311.2
300.0
451.8
846.3
309.1
302.5
441.4
299.9
860.1
441.8
848.2
301.6
301.4
464.5
845.2
300.8
309.2
440.9
300.1
847.9
300.3
300.7
440.6
302.1
844.1
299.8
441.2
304.4
869.6
887.0
303.3
460.9
303.4
300.9
439.8
844.9
301.3
440.5
846.8
303.9
301.3
460.9
848.7
300.5
299.7
441.1
299.8
846.7
328.5
463.4
527.7
578.4
441.2
393.0
464.3
455.0
310.6
1030.2
1026.3
1142.3
