385.6
332.1
450.9
982.0
1092.7
1123.1
938.3
1159.6
1224.0
2053.8
1441.2
1359.0
1565.0
2059.3
1828.2
1204.6
1695.5
1577.2
1595.6
3173.5
2086.2
1875.6
1705.2
1312.0
1755.4
1836.1
1261.4
1915.7
1632.1
1847.7
1699.7
989.3
4161.8
4186.3
1124.4
1618.0
865.4
1161.4
774.6
4410.7
698.9
341.8
433.1
375.4
373.3
332.1
470.7
515.3
547.3
5395.9
477.6
359.7
400.3
408.6
5632.8
497.1
404.9
5855.2
5991.5
5427.0
5662.4
320.9
321.0
5537.5
365.3
371.2
589.5
5539.7
320.9
6428.2
324.1
323.5
5768.5
421.0
5540.0
457.1
502.7
520.7
5647.2
320.1
322.2
321.0
487.1
591.6
601.6
6213.8
642.9
732.6
615.7
554.3
540.1
374.9
320.2
394.2
391.5
327.2
7068.7
369.0
6958.3
6979.5
585.2
675.6
565.1
591.4
538.7
5411.7
360.3
422.7
5996.6
441.2
7186.2
596.2
359.7
564.3
341.7
8185.8
320.4
320.3
5726.4
321.8
489.6
467.9
369.4
328.1
6878.7
8707.3
424.4
475.0
560.8
613.8
517.0
560.3
375.2
391.2
321.3
8698.5
321.5
348.2
346.4
320.4
320.5
429.2
427.2
8577.9
320.8
9715.7
324.4
447.8
410.5
485.5
607.5
8888.3
9926.6
8973.9
8606.1
320.4
320.2
8481.0
426.1
341.3
568.4
622.5
750.3
10220.1
761.0
740.8
818.0
384.9
611.4
388.8
536.0
10244.3
550.6
551.1
9815.7
826.9
812.2
498.6
715.8
8892.7
9467.4
1018.0
908.7
976.9
1187.1
1124.4
1340.0
1150.5
883.1
1169.7
1247.7
9435.9
1418.2
1548.4
1011.4
1016.8
1110.9
1059.3
1213.4
1285.2
10426.7
1216.8
1299.6
1628.4
1347.9
1489.6
1494.1
1543.7
1616.4
1280.3
1575.8
1488.5
668.2
1331.3
1497.2
1184.0
832.2
584.7
661.2
481.5
424.0
399.8
553.5
542.7
374.9
515.4
518.3
673.8
624.7
685.3
845.7
751.8
724.1
1098.9
947.9
1178.2
1280.6
1180.1
1368.4
1526.1
1271.1
1232.6
1099.4
1177.6
1242.2
1129.1
985.4
672.6
507.5
639.2
524.3
510.6
420.8
387.7
343.7
356.4
394.7
732.2
845.3
709.4
869.0
644.6
862.4
718.7
829.0
919.6
763.8
858.5
956.8
711.2
922.1
631.5
490.9
659.4
699.5
725.0
766.5
744.6
715.9
651.1
755.8
726.7
575.8
782.2
724.5
707.1
476.2
381.7
321.2
321.5
320.3
453.9
366.1
562.0
758.5
735.5
578.0
635.6
474.9
507.2
320.8
362.8
320.4
319.6
500.3
751.9
714.9
819.2
754.2
747.4
573.9
407.2
321.3
331.6
323.8
440.8
390.5
452.1
411.9
408.4
460.7
427.2
360.5
346.5
539.4
685.6
874.1
886.5
819.3
966.2
862.4
652.4
540.5
514.7
330.8
389.4
504.8
377.7
601.0
700.3
879.4
785.6
957.2
819.0
709.3
662.1
320.3
347.2
345.0
321.3
321.4
320.5
339.3
321.0
427.2
625.7
835.3
781.7
882.0
899.2
804.2
869.6
787.6
733.1
570.4
520.1
458.6
322.1
319.9
320.1
321.7
437.5
449.4
412.2
374.7
321.0
542.0
576.4
670.3
640.5
679.0
578.9
426.5
405.5
320.2
321.2
324.0
343.9
340.5
492.3
407.9
577.0
552.9
410.6
324.5
320.5
320.7
320.8
331.4
416.0
507.2
520.2
704.6
655.4
584.6
574.7
325.0
321.7
707.2
739.9
784.7
901.4
955.1
943.1
837.6
1088.4
1003.4
1022.5
855.9
1066.0
979.9
976.4
765.0
750.2
687.2
553.7
770.9
690.7
331.3
340.0
460.8
636.8
539.5
519.2
670.8
479.3
402.3
437.6
406.5
425.8
334.6
375.5
321.6
320.0
381.2
687.9
717.3
738.7
594.6
385.0
680.7
399.3
365.8
353.9
479.0
505.5
629.0
697.2
718.0
643.6
560.7
605.6
670.8
558.8
645.9
721.3
521.2
601.0
323.4
404.9
358.5
489.0
635.7
524.0
494.3
456.5
539.8
470.7
976.7
1041.5
917.7
1039.9
1164.1
1314.2
1231.5
1308.6
1367.8
1435.0
1212.5
1238.3
1173.1
1074.4
1456.7
1762.7
1782.6
1405.6
1370.6
1337.4
930.0
866.7
1350.5
1231.2
766.4
671.1
388.3
320.0
320.4
319.7
438.7
449.8
658.3
601.4
632.7
699.2
586.8
833.3
716.7
758.4
952.8
849.0
669.7
772.1
670.1
721.4
632.3
926.3
958.3
1194.3
1054.5
1054.1
974.5
883.4
621.6
398.9
402.8
390.6
324.7
388.8
422.8
467.2
474.6
518.6
860.3
883.0
835.3
969.6
958.0
1223.4
1251.4
1183.2
1226.4
1078.0
1162.4
1053.2
1315.3
1133.0
786.7
610.9
366.1
501.3
702.7
750.7
591.2
647.2
414.7
352.8
319.6
387.3
321.4
410.0
360.4
320.5
320.2
397.0
391.1
536.0
592.6
378.1
319.6
356.9
320.1
382.3
462.0
420.5
321.5
320.3
320.5
320.2
321.1
418.5
420.2
503.7
477.4
515.7
372.7
321.2
320.1
322.4
412.6
403.3
321.0
320.5
384.6
529.3
450.7
584.6
393.2
422.1
333.2
332.2
320.4
395.6
480.0
433.8
557.8
568.8
561.0
966.4
896.1
922.0
924.6
948.9
814.4
897.9
920.5
629.0
558.7
773.7
543.6
500.0
381.4
334.4
321.0
320.1
467.0
358.4
520.7
509.8
428.6
390.3
360.0
454.4
406.5
321.6
320.3
390.3
565.9
359.4
612.6
743.0
466.5
634.4
420.3
320.2
334.2
441.4
416.4
319.7
321.1
321.1
541.7
436.4
558.1
573.1
377.6
321.0
368.9
336.9
320.6
329.1
414.8
428.9
544.1
638.5
604.5
633.4
562.4
486.4
320.7
320.3
394.7
412.9
579.0
723.3
820.9
919.9
973.8
1065.1
930.1
974.5
914.7
966.2
997.6
1016.2
744.4
946.7
876.5
490.5
423.4
377.4
435.0
439.5
320.7
320.8
466.6
458.9
624.2
663.2
732.2
663.5
618.5
