403.5
331.6
996.3
927.2
1114.2
1208.9
1546.9
1162.7
1093.6
1288.4
1435.5
1731.7
1719.2
1630.2
1153.3
1068.7
2628.3
754.1
1609.1
1209.1
1367.3
1471.4
719.0
3209.5
1130.1
1709.0
1344.8
1622.7
319.8
3989.1
3880.5
979.5
1593.0
2658.2
2645.0
2393.3
4818.0
1346.3
1348.0
2108.5
3130.8
4682.5
1192.6
1212.3
1427.2
1221.5
1513.6
1064.0
5212.9
5099.4
1170.8
1370.0
1309.3
951.5
1118.6
1038.2
646.4
5655.5
750.9
506.7
417.9
353.9
407.7
400.5
337.0
6339.0
6247.0
321.3
320.0
6717.1
420.4
518.3
6717.9
536.6
6379.3
499.3
339.4
324.3
6008.4
458.5
512.6
643.7
670.0
668.8
6690.9
802.2
706.3
666.0
651.5
528.8
7959.0
407.3
525.2
487.0
439.6
6660.5
7524.5
718.0
657.7
883.4
652.7
741.2
768.6
7403.4
680.9
742.7
702.7
603.9
803.2
653.5
486.6
6613.9
320.5
339.5
9134.0
389.3
8692.1
496.7
526.9
512.2
603.1
453.5
827.9
838.5
685.4
802.9
764.0
547.4
600.1
417.8
8270.9
9001.2
320.6
373.2
10352.9
352.4
320.1
441.8
385.2
379.7
10732.2
325.4
321.0
585.9
542.5
370.6
7545.0
559.9
320.7
321.4
348.3
343.1
8834.5
421.3
567.6
727.4
8655.7
750.4
694.3
731.9
643.6
607.0
414.1
662.1
677.2
727.0
862.8
807.9
9708.2
1053.3
1107.0
1097.6
1086.4
1274.0
9836.8
1435.3
10656.8
1357.2
1629.6
1728.7
1421.5
1266.3
1725.4
1628.1
1757.1
1496.7
1419.6
10238.1
1302.1
1548.7
1951.8
1979.2
1959.3
2126.4
1868.6
2201.5
2082.0
1875.2
1932.0
2259.3
1721.0
1964.4
1887.0
1960.5
1884.4
1579.8
1810.9
1373.1
1753.4
1470.9
1733.3
1213.6
1346.9
1320.6
1720.7
1533.8
1484.4
1341.9
1670.6
2066.2
1749.3
2268.3
2263.6
2239.3
1789.9
2199.0
2118.2
2198.7
2298.2
1849.3
2113.7
2425.4
1946.2
1951.9
2615.7
1919.5
2346.0
2228.0
1522.1
1603.4
1505.3
1769.5
1797.5
1796.3
1808.9
1636.7
1781.9
1686.3
1906.0
1930.4
1588.2
1967.8
1976.3
1985.4
1890.6
1836.4
1901.1
1940.8
2080.6
2334.2
1828.7
2034.2
2250.7
1421.7
1489.2
1537.4
2344.3
2153.4
2245.8
2267.8
1059.7
1927.8
2158.7
2052.0
1891.5
1871.5
1772.8
1848.4
1382.8
934.7
1291.7
1434.5
1033.8
1032.1
995.2
1150.2
1201.5
1094.4
930.1
1141.1
889.3
778.9
736.0
673.2
673.8
992.1
1047.2
879.5
977.1
995.6
1000.6
798.4
626.9
322.2
320.0
321.4
485.4
391.4
470.4
321.7
480.5
433.0
538.4
380.8
471.0
856.9
838.6
1032.9
995.5
1064.4
1077.4
692.1
1021.4
805.7
764.5
397.8
437.2
687.8
669.9
737.0
959.4
929.8
839.8
884.5
1060.8
847.2
823.4
615.9
412.7
569.3
405.2
334.6
320.4
350.6
339.2
592.6
738.1
927.8
907.7
995.6
957.5
963.0
856.8
1153.0
868.0
812.4
718.4
650.3
396.8
351.3
320.2
324.1
406.0
410.1
492.9
391.4
508.0
576.3
714.8
713.5
693.3
810.6
564.6
542.0
431.3
321.9
384.5
384.2
394.5
377.1
587.2
502.1
530.6
537.4
466.3
329.5
320.4
320.4
320.6
320.7
321.6
503.4
664.2
681.3
627.2
586.7
635.9
321.4
331.7
549.7
669.2
1057.3
1028.6
1023.2
782.2
1202.0
965.6
1074.1
934.8
1347.2
1082.3
1195.5
1369.8
919.4
1010.1
837.1
942.4
1006.9
757.1
445.3
502.7
405.0
613.1
605.3
617.2
682.9
494.3
471.9
454.1
450.0
412.5
375.3
391.5
324.1
322.7
583.9
629.2
730.3
706.7
490.3
665.0
425.7
321.1
320.0
320.9
320.5
476.3
570.1
621.0
600.6
646.4
677.4
676.5
669.1
648.8
668.1
605.2
545.0
319.5
412.4
553.0
659.7
744.1
784.8
534.8
581.2
324.1
649.2
630.7
813.0
960.6
866.7
1253.5
1126.3
1094.4
1197.5
1662.6
1541.1
1335.9
1479.2
1387.7
1634.5
1414.9
1666.6
2194.6
2139.1
1462.3
1625.1
1442.6
1213.9
1567.8
1391.5
1062.6
724.9
1228.9
612.0
321.1
320.3
336.8
347.5
558.7
696.1
649.0
758.9
694.8
608.1
574.0
784.9
1030.6
641.3
865.1
1173.6
1120.7
1081.7
845.9
719.7
1242.7
1327.2
1265.4
1212.4
1318.5
1201.0
533.6
1149.4
998.0
730.2
431.4
345.9
323.0
481.8
406.9
482.2
676.7
756.9
948.7
1079.7
1102.1
1370.1
1339.6
1135.2
1528.1
1168.2
1219.1
1413.3
1071.9
1320.7
1465.4
1005.0
838.2
784.4
687.5
795.3
750.6
889.6
720.1
734.3
870.0
778.0
609.5
718.8
677.1
603.1
453.6
323.8
541.7
550.8
539.3
584.7
343.0
407.9
348.8
320.1
403.7
532.5
451.2
340.6
321.0
323.7
320.0
392.4
357.8
380.2
436.9
539.8
447.5
362.4
320.1
334.7
340.0
320.6
406.7
332.0
451.3
320.0
436.1
609.3
466.0
402.3
589.7
375.5
341.5
349.9
413.4
427.4
519.4
548.0
431.0
665.5
769.7
1072.0
1072.2
1154.8
1133.5
966.6
1148.6
1140.7
727.3
716.9
813.7
762.3
669.2
569.7
508.5
682.9
740.0
530.5
731.5
594.0
722.9
575.2
811.3
607.7
696.6
557.3
653.5
511.7
449.6
654.6
623.8
727.6
661.6
723.0
635.7
537.6
512.2
437.5
494.1
473.4
320.6
332.0
374.9
376.4
512.1
442.3
376.2
353.7
361.3
366.1
320.2
348.8
393.1
433.0
554.2
508.6
766.3
608.9
728.3
735.6
714.6
374.5
324.8
321.4
349.0
336.0
494.7
531.9
548.9
687.5
601.6
819.7
957.7
1140.2
867.4
1174.6
1334.3
1449.9
1219.3
1249.7
1021.5
1045.0
1127.8
960.0
1167.3
1110.5
979.7
1221.9
1624.8
1809.4
2032.1
2358.7
2521.7
1672.0
