369.3
331.7
537.4
569.0
840.7
1193.9
1040.4
1756.0
1029.8
1218.0
1904.3
1413.4
1292.5
1403.4
1439.8
1209.2
1355.6
1099.2
839.9
1334.0
2814.5
1256.5
1042.1
1466.9
1352.5
1072.3
1223.3
1183.3
1212.7
1134.5
780.7
1691.4
3827.7
3744.6
384.0
3813.7
321.0
320.5
320.1
3942.8
321.7
321.3
320.1
320.8
352.9
348.2
320.6
4473.1
4666.4
3833.5
471.0
508.4
542.3
5277.7
457.0
409.7
4787.2
355.4
420.6
5413.5
320.5
4084.2
319.9
5070.3
320.7
320.3
319.7
369.2
362.0
321.0
4827.7
320.7
320.7
5507.3
581.3
529.7
422.7
577.6
5642.8
319.9
320.7
443.3
5960.2
459.0
5719.3
469.4
531.6
5360.9
5490.8
590.5
611.8
614.3
584.8
427.9
5693.8
369.0
4899.1
5331.5
331.6
405.4
387.0
341.2
321.8
482.9
5642.5
439.0
668.8
5491.4
581.2
512.2
320.5
392.5
345.0
510.9
409.8
5796.9
411.4
5476.3
321.6
321.7
320.1
6208.4
321.2
450.0
450.4
323.2
356.4
408.3
417.3
456.0
429.5
549.2
526.1
6613.5
327.8
354.5
7076.4
6606.8
8115.8
320.2
5948.4
351.9
320.5
358.6
320.4
7496.9
8839.6
412.3
379.0
473.6
6623.3
319.9
320.0
348.3
8338.6
334.8
544.1
517.7
5976.8
7978.8
8601.7
321.9
7454.5
5934.0
326.6
332.2
329.2
8047.2
320.4
8869.9
688.0
688.0
8459.2
811.4
645.8
634.6
6899.5
427.7
428.3
360.3
379.7
432.5
629.2
733.1
759.7
502.3
433.0
521.4
531.1
884.9
961.9
1038.9
1092.1
8925.2
1128.1
1073.9
1364.5
8965.1
1219.4
1137.3
10406.6
818.7
1169.8
9962.3
941.2
466.0
8791.0
9270.8
966.7
1082.7
1128.1
989.0
956.8
8168.5
1249.3
1253.9
1318.9
1094.4
1149.3
7152.8
1447.1
885.9
893.1
1134.1
10444.5
952.0
872.4
462.0
655.2
454.9
321.0
368.6
322.6
7509.5
10658.4
382.3
449.6
540.2
425.0
384.1
326.5
9205.1
9631.4
595.4
581.5
686.7
614.9
613.4
668.5
806.3
808.4
868.7
917.7
968.0
885.3
612.2
1010.8
1208.6
10496.4
9875.3
541.2
1256.5
927.9
904.0
864.6
320.3
10734.1
323.0
446.5
547.3
10599.6
503.5
388.9
430.5
447.2
328.2
321.4
618.1
679.7
804.9
776.7
753.8
583.8
758.6
494.6
563.1
698.3
659.3
621.1
783.8
532.1
627.7
319.5
329.9
354.2
446.8
485.7
476.3
412.5
467.2
532.7
398.8
368.4
332.6
464.5
445.0
444.3
329.4
382.1
376.3
428.1
319.9
459.8
400.7
560.7
563.7
422.2
535.0
401.5
425.4
352.6
325.6
320.5
320.7
320.3
357.8
523.2
562.5
648.1
644.8
422.9
414.6
319.7
320.2
446.8
575.3
484.3
619.1
512.3
323.7
361.0
394.9
366.4
329.8
496.5
521.5
867.9
862.9
837.6
811.9
785.3
838.8
434.9
442.8
319.6
320.0
331.7
436.1
375.0
414.9
561.6
669.7
729.8
599.4
889.3
808.6
508.4
360.9
321.0
358.7
321.3
319.9
319.9
319.7
368.0
410.4
694.2
753.3
891.8
948.8
646.3
932.2
688.7
907.9
636.5
602.7
456.8
447.5
320.9
320.0
320.2
401.6
321.2
442.2
320.9
363.1
466.4
723.4
640.2
757.8
558.9
635.4
445.0
409.9
320.5
322.5
319.9
408.3
363.4
361.1
320.9
435.0
441.0
508.0
423.3
320.4
319.8
321.1
322.2
320.2
321.2
503.4
575.3
459.1
472.4
484.9
320.7
320.8
519.4
436.1
622.1
625.6
802.2
1012.4
707.2
765.7
905.5
936.9
768.4
759.2
766.2
790.1
361.7
362.8
473.8
391.2
636.5
575.3
321.3
320.6
320.5
321.2
336.0
527.6
525.8
595.1
323.0
387.8
327.7
321.1
324.1
319.2
322.9
320.5
532.0
504.3
720.3
767.9
814.0
471.5
651.2
446.9
322.0
319.9
320.1
324.7
384.6
442.7
473.7
404.0
464.8
510.0
382.4
553.8
336.3
553.0
502.0
424.5
321.3
321.0
542.5
568.5
627.4
745.8
511.8
478.1
321.1
459.2
558.5
568.6
740.0
883.5
772.0
927.9
913.1
1040.7
897.5
1138.0
917.8
1119.9
990.7
1065.9
1166.3
884.9
1115.5
1258.4
936.2
1025.1
962.4
931.3
790.7
775.3
755.6
578.7
402.0
320.1
320.2
320.7
321.9
491.2
414.7
530.4
667.5
595.6
665.1
627.9
602.8
582.3
687.3
629.5
641.3
612.0
583.9
525.2
453.7
457.3
742.7
824.3
1041.9
988.5
950.4
875.5
769.6
428.2
321.4
320.8
385.7
320.9
375.0
413.3
452.8
516.8
426.0
642.8
646.5
701.3
791.1
930.2
1052.6
1003.1
1049.1
965.6
938.4
1014.5
1033.5
972.9
1008.2
642.3
494.0
405.6
465.0
628.2
622.7
520.6
644.2
370.1
347.9
319.8
336.7
320.9
372.8
355.6
320.9
358.8
358.9
419.2
426.3
452.5
320.0
321.2
320.6
430.4
450.8
415.5
444.0
321.2
320.8
322.7
320.8
329.7
410.9
420.5
613.9
518.8
584.5
416.6
321.4
324.3
321.3
455.4
435.1
321.1
321.4
415.7
474.5
529.0
564.0
383.2
421.6
320.7
321.3
343.3
376.6
447.3
483.5
477.3
524.1
527.5
695.0
803.4
903.6
845.5
846.9
654.0
800.1
729.4
439.3
349.3
397.2
378.2
365.2
320.1
319.8
323.0
322.5
437.6
454.5
460.4
453.9
380.9
355.4
322.0
344.2
339.0
320.3
321.8
386.9
408.2
567.8
531.7
592.0
569.3
433.1
413.2
320.4
344.6
428.4
418.2
320.5
320.4
320.2
502.7
518.5
523.0
506.2
331.0
339.2
346.5
321.8
319.7
321.9
323.9
413.5
537.5
547.1
530.3
605.9
519.0
456.5
321.4
319.8
321.2
324.0
539.8
627.9
686.9
723.0
651.0
817.9
690.6
841.3
877.5
638.5
793.7
724.3
810.9
560.1
608.4
319.7
359.6
385.2
344.0
413.6
360.0
327.4
321.0
423.9
634.4
653.7
700.9
590.1
672.2
