314.6
390.3
394.3
911.1
773.7
1059.6
705.9
751.8
848.8
773.2
1390.8
969.8
597.8
608.8
1570.6
441.4
721.6
685.9
2015.8
1871.0
618.5
1874.4
639.2
1980.6
377.5
815.5
2350.4
807.8
759.3
310.8
715.1
2558.4
303.5
2199.2
303.1
2331.8
298.9
2956.3
300.8
2095.3
2945.1
301.3
2754.2
300.8
299.2
3506.3
299.9
3357.8
301.6
376.0
3247.8
371.0
2291.2
301.9
300.3
3003.6
299.9
3555.0
4250.4
301.5
3548.8
2413.7
1910.9
325.8
4632.6
300.7
322.5
2664.6
300.0
300.2
4010.0
306.2
3156.3
3801.0
2724.7
390.5
4740.7
469.4
384.3
3209.5
3743.1
310.7
2563.2
3172.5
311.6
2956.7
354.4
357.1
304.0
327.8
2682.2
333.4
309.6
3343.5
19.3
2629.8
305.2
376.3
2602.2
368.1
3815.9
3391.5
332.9
457.0
2195.2
3090.2
482.5
366.3
3286.7
406.1
357.0
300.9
469.6
318.9
447.2
3898.4
2579.5
3248.7
3649.0
299.1
299.9
4403.6
300.2
2779.2
300.6
3299.1
299.3
300.2
4352.7
4201.1
3201.8
321.0
372.4
5025.7
344.9
325.3
3515.3
300.3
300.3
3937.2
4292.5
325.9
301.7
329.0
4261.5
299.7
303.3
4266.6
3389.5
3826.0
298.9
4806.5
4810.5
352.7
307.1
3710.6
372.9
323.0
5137.5
4244.9
4003.1
4386.5
299.9
4168.6
3800.9
4076.4
301.1
299.9
4034.5
403.3
390.3
398.8
3141.6
3653.1
379.1
3842.6
300.6
302.5
3876.7
5409.7
301.3
4804.3
300.5
3869.7
3549.5
325.9
318.5
301.9
396.0
387.8
3907.4
3947.8
372.5
431.1
452.8
6478.7
457.4
614.0
3921.0
627.1
718.5
510.1
3725.9
3317.2
423.7
3734.9
299.7
3724.5
301.2
311.5
398.8
437.0
531.3
6197.8
3915.7
440.5
487.7
529.8
387.6
371.9
378.1
5381.0
336.4
301.1
5634.1
301.6
5185.5
6567.9
305.2
307.5
301.0
5546.9
308.1
4981.1
342.1
348.3
6219.5
357.4
302.2
5672.5
460.6
421.0
6662.4
4845.7
413.3
322.8
4002.7
6250.1
4846.3
382.1
550.5
7032.2
521.3
7626.9
599.1
523.4
6802.2
504.5
6624.6
601.2
5731.6
7755.7
419.5
575.3
545.9
395.0
7342.4
5243.3
310.2
305.4
7745.1
301.5
299.5
8235.9
302.7
6237.2
5382.3
351.6
300.8
384.3
9335.8
7423.3
591.7
547.4
7600.0
502.6
430.5
8490.0
8299.2
8068.6
304.5
342.1
473.4
375.8
415.6
353.9
7880.3
7123.3
299.8
6431.2
6965.6
383.0
439.9
524.0
10157.6
475.0
388.1
403.0
300.1
371.4
320.6
7283.6
385.2
9030.1
7917.8
300.8
9632.5
7462.1
7175.3
304.5
10610.5
301.1
9114.5
8477.7
300.1
376.1
9240.1
302.5
409.6
388.2
359.6
298.9
300.9
300.4
9017.9
300.4
9795.2
11417.8
358.8
9717.5
9904.0
387.2
8353.0
435.4
7559.0
461.6
8573.2
9677.9
460.8
328.5
11106.6
10990.9
10232.9
299.4
300.0
9383.1
10944.0
301.7
383.5
381.8
10730.3
368.7
302.1
362.0
7608.5
299.9
12558.1
381.1
9774.8
398.1
10998.4
10208.3
9695.1
588.6
640.5
550.0
11590.8
488.7
10790.9
301.2
299.7
300.5
8565.2
10464.7
300.7
9406.8
342.4
10665.9
338.4
11700.2
435.7
482.8
11355.8
9912.1
467.7
11653.2
549.9
402.1
10741.1
10774.6
12924.4
300.4
301.2
11900.0
299.8
10975.6
12068.7
300.3
10825.0
300.4
11252.8
421.3
11375.5
301.7
9933.2
465.6
545.4
8897.6
335.8
608.7
569.0
391.6
10117.7
12243.9
311.2
308.3
299.9
12177.9
299.6
12307.5
11019.7
299.0
11078.7
11383.7
10582.4
12208.3
317.9
10038.0
329.2
342.0
10874.2
13719.0
299.4
11004.2
315.6
12866.9
502.9
13060.2
459.5
350.2
11468.0
299.5
300.3
300.2
11575.2
304.0
363.8
352.3
9284.3
11866.0
364.4
9516.8
319.4
363.6
312.5
11977.1
10990.6
10815.7
299.4
11728.6
11649.1
14292.8
301.3
300.4
9741.8
10642.1
300.2
10317.5
303.8
344.4
13465.3
13634.6
339.9
12350.4
387.5
380.7
12631.7
13996.6
374.5
11633.8
13176.3
13833.2
417.4
10674.1
485.2
496.1
580.7
469.8
13891.4
395.1
617.0
591.6
12497.3
490.2
435.8
516.5
12409.6
10358.9
10785.1
311.0
10294.4
10677.0
305.1
13811.6
351.6
13386.4
338.9
13908.1
13460.1
299.5
8283.1
12692.5
11256.8
300.9
301.1
13625.8
11541.6
12183.4
353.0
12872.0
380.3
402.5
300.4
11680.7
301.0
301.4
299.0
301.4
300.1
301.6
13105.4
438.0
9330.2
553.1
554.5
372.4
11519.6
304.9
13199.6
300.3
11903.2
15012.3
339.3
13903.2
15112.5
345.9
432.8
379.3
419.8
440.6
14026.8
429.9
13038.2
12939.7
11996.7
13840.3
430.2
300.7
433.0
13683.1
424.6
8742.5
14740.9
15257.4
313.6
299.7
12319.2
313.8
300.7
14001.3
300.5
300.9
12460.2
12888.6
12748.5
12168.7
300.7
14166.7
303.6
454.3
437.8
11870.1
12422.7
648.0
9947.6
572.4
573.7
673.8
459.1
419.7
12886.2
491.5
375.0
15367.7
445.4
606.5
420.4
12624.4
300.3
11660.2
315.7
358.6
325.5
14643.7
13761.8
299.8
11035.1
299.9
13206.4
300.2
14261.2
12022.9
12337.4
299.5
11720.0
299.8
300.7
11614.9
16093.0
300.3
408.3
13915.9
382.1
384.0
16251.9
13463.1
330.0
13273.2
12604.4
15386.5
302.3
389.6
11681.3
15536.2
383.1
15195.6
12659.2
15501.5
344.1
321.8
361.6
10420.1
13200.7
299.5
15585.6
469.6
541.7
547.1
544.1
686.8
359.1
13978.3
10207.0
13381.9
12786.6
301.5
300.9
301.4
11167.4
300.0
14319.9
15524.1
316.5
330.2
344.0
348.2
497.7
582.1
510.5
14947.8
552.5
15086.3
383.8
661.2
15519.1
637.9
618.6
14155.0
552.8
501.5
14610.3
299.9
390.5
408.1
391.2
402.2
312.7
14318.8
16738.9
299.6
299.5
14599.6
299.8
15798.4
302.7
17582.9
14868.4
300.4
18550.8
14337.4
300.6
15972.9
326.9
301.6
332.2
17111.7
16515.0
301.2
15135.9
16198.9
302.0
14538.9
15193.5
13000.6
299.2
12442.7
378.4
12974.6
336.7
354.8
13848.2
300.0
16867.0
300.8
299.4
303.9
14816.7
344.7
300.4
15892.3
340.8
17631.0
17670.1
299.6
16466.9
16817.1
14885.0
299.4
16343.4
16122.8
303.1
299.2
17283.5
17757.6
300.0
300.7
16794.5
18247.1
17829.7
375.7
338.1
17200.6
14260.5
417.5
15570.5
15909.5
299.6
322.0
300.3
302.6
301.3
17040.4
419.5
369.4
422.8
16869.9
360.5
671.5
536.5
693.3
395.8
479.6
16294.2
316.8
16716.8
300.1
16040.8
318.4
298.6
17659.4
299.8
17437.2
304.6
16750.9
16658.8
16143.8
310.6
17416.6
17673.0
17282.4
15954.7
300.3
334.9
322.6
16462.5
17115.3
16319.7
299.0
299.5
299.8
299.5
301.2
16079.7
16980.5
16965.1
299.6
300.1
16228.8
328.8
388.9
339.8
18692.6
325.0
18358.9
339.4
17884.5
301.4
340.3
16703.6
17731.4
299.8
305.2
17824.5
17520.0
300.0
16868.3
301.2
301.4
17471.5
17615.3
300.9
302.3
302.8
300.2
17788.9
18748.2
18634.5
355.2
18229.9
18242.1
18677.5
337.1
333.2
372.1
369.8
387.9
337.5
18586.7
299.6
16674.8
299.8
18236.8
19701.0
303.0
358.1
18752.7
406.4
18365.0
436.1
18825.8
19617.5
20474.2
558.1
465.7
19330.1
438.9
462.5
18347.2
328.4
505.2
17700.9
478.8
303.2
18935.7
19338.7
300.8
313.0
303.6
20270.9
301.0
19014.5
299.5
18115.9
19150.9
18358.9
300.4
301.4
370.6
520.1
492.1
18120.0
452.6
18094.3
18001.6
18902.5
20082.4
20042.7
21101.6
20062.0
19372.0
19266.9
19293.4
18594.8
18724.3
19159.3
20964.0
19858.6
18330.9
18950.5
19008.3
19714.3
18653.3
18912.3
20163.5
18599.4
18753.9
19729.3
18236.2
18926.6
19104.7
18833.8
18704.4
18304.7
19375.5
19352.6
18707.9
15839.2
19988.3
18490.1
18173.7
18807.0
19951.0
17728.9
17051.9
16457.1
18877.5
18828.7
18593.9
19561.3
20258.4
18549.5
17294.5
19108.8
15822.7
14699.2
18626.5
17920.0
18325.1
15808.5
17568.0
12833.7
18665.0
16398.6
11659.8
15411.5
16069.5
12306.2
18276.8
11092.1
13151.6
16775.7
18363.2
14596.2
17461.7
15118.5
11561.1
14599.2
12281.0
13289.7
14951.4
13763.7
15003.1
15286.7
13258.7
14300.9
15994.4
11556.9
10641.0
10879.4
13938.7
13195.6
11305.3
15824.9
14399.3
13540.0
13094.5
12227.1
11004.9
11205.9
11401.1
