389.7
358.7
457.6
679.6
850.4
985.5
727.0
1115.1
910.6
969.7
841.8
1313.6
1347.0
1067.2
1137.1
1002.7
1097.4
1169.9
1142.4
1061.9
874.3
1112.6
795.9
1313.2
1045.3
461.0
869.5
494.6
810.9
462.2
573.9
705.5
862.3
585.7
1950.9
482.0
2308.0
2168.0
2227.5
511.9
463.2
451.6
2902.0
444.4
446.4
3456.2
2239.3
465.8
2446.5
460.9
2843.6
444.7
1576.6
3897.2
4400.4
446.8
4305.6
1656.1
2303.3
467.0
446.6
1689.7
3484.4
3590.6
446.9
2831.9
2487.2
4183.0
2654.9
2294.3
445.5
2053.2
3115.0
2100.3
447.3
3078.4
4011.9
1809.4
2797.4
907.1
511.7
1740.0
1414.1
502.6
2410.2
2219.3
538.8
446.1
1498.0
548.5
2121.9
1784.2
482.6
2760.4
444.6
2151.8
2109.1
1741.4
1852.3
445.3
1812.1
1374.9
1760.4
457.1
1915.0
2027.7
525.0
459.5
528.5
1992.7
2320.7
446.8
2531.8
2349.4
2183.8
1925.8
646.7
611.7
2263.3
553.3
2044.9
1867.5
2379.1
1763.1
2056.0
2262.8
2014.7
471.8
2218.7
446.5
1998.7
2197.4
462.7
446.2
2204.0
1983.2
457.4
2441.8
1298.1
447.8
2409.3
1880.6
2532.6
1684.9
1704.2
445.5
445.9
1627.0
773.3
2116.7
499.0
2029.7
446.2
1991.4
1367.8
1776.8
2162.2
1843.9
2207.0
467.2
1547.3
2342.3
1234.9
1465.8
447.0
1302.1
1521.3
445.1
447.9
2016.0
1480.0
1427.0
992.8
751.8
934.3
1298.9
960.1
855.8
299.7
444.4
303.2
332.5
331.9
446.6
543.1
453.5
470.8
601.7
521.6
537.5
742.0
761.9
446.8
437.3
825.2
445.6
537.8
498.6
446.6
451.9
747.4
672.3
453.9
779.8
448.4
920.8
865.9
618.7
447.7
1048.3
654.0
601.7
1537.1
807.4
789.6
619.0
1516.3
486.3
1895.0
1633.0
1864.9
1629.9
1977.1
1440.4
1585.3
542.3
450.6
1851.9
716.2
549.5
1850.7
2421.8
633.6
544.5
1525.2
2174.8
524.8
1848.7
450.4
1592.7
2267.7
3117.1
2287.2
446.8
2120.2
2154.8
2366.3
1979.1
445.6
2207.2
467.4
2192.5
445.0
1332.2
1098.3
445.8
2370.6
3033.2
1687.1
2175.8
3048.3
2026.8
2536.6
500.9
2992.5
446.1
521.7
2054.1
470.6
1705.8
579.8
658.2
2096.0
2663.8
1943.1
1623.9
2392.9
648.7
2525.5
2160.4
854.9
701.2
2046.4
602.9
556.2
1722.9
1741.4
1856.0
2323.0
2625.1
445.4
2447.7
2598.2
3041.4
447.2
445.3
2608.5
2271.6
446.6
547.3
2961.7
467.9
2730.6
3281.5
1908.0
2888.4
3578.5
613.9
524.7
2810.8
3293.3
1589.3
3147.1
2235.1
474.7
603.8
2415.8
2313.0
3861.0
652.4
584.3
3070.1
481.9
2834.2
2375.2
467.6
2871.8
550.3
2452.4
1408.7
542.1
453.7
2874.3
3298.5
3033.9
446.7
3329.3
2774.2
462.6
3298.3
465.7
2917.9
3108.1
468.5
3132.8
3435.2
3422.6
446.4
4541.9
3244.7
2809.2
2844.6
2284.3
2815.1
538.5
2342.3
601.1
470.3
2454.9
3225.2
3657.8
3085.2
3714.5
520.9
3861.6
447.0
3811.3
3404.3
3311.2
2935.0
2061.6
445.6
1195.8
2523.0
3419.2
2188.4
488.4
3136.3
674.6
3187.5
669.4
2450.6
626.2
476.5
2915.2
2083.3
2432.8
1196.3
1695.1
3205.1
2166.8
3068.5
1829.5
444.8
1815.6
2677.5
2398.9
1853.9
452.6
2283.8
1890.3
447.9
1994.8
3593.8
445.8
1786.2
1606.6
918.1
447.5
1136.3
1461.5
471.0
1736.8
1810.3
577.1
635.6
1408.2
626.7
1841.5
497.8
1858.0
445.7
1997.6
1299.7
1353.4
1615.6
1577.2
1825.7
1870.1
550.3
446.1
2349.0
2373.8
498.8
800.1
675.6
484.4
2166.6
2907.7
2086.9
2278.0
1702.1
468.3
1460.7
446.3
2988.0
1808.6
2357.6
2431.7
1742.1
939.0
2068.6
1898.8
2329.2
1719.4
444.2
2280.9
1231.9
687.4
1802.1
1905.6
596.8
1351.6
520.6
472.1
1023.6
1247.9
876.6
1057.3
581.7
1090.1
1261.6
511.6
446.7
1531.1
1366.0
1281.6
1392.1
1787.8
1347.9
467.5
1189.0
1182.9
1144.3
827.8
1155.3
707.7
414.9
446.3
300.2
354.3
446.3
357.0
454.6
331.8
369.7
467.4
459.8
475.8
590.9
480.5
776.7
792.7
684.8
446.2
758.4
572.7
634.1
448.6
431.8
304.2
358.5
403.5
468.2
381.4
366.6
447.0
300.4
397.2
516.7
446.5
484.2
561.0
444.6
520.7
344.3
445.6
300.0
302.2
444.7
316.5
300.1
348.0
413.8
537.1
470.8
623.8
487.4
607.7
475.7
575.4
534.9
300.3
303.6
445.6
421.4
566.1
461.3
536.9
568.2
840.3
887.9
1029.6
604.0
1026.9
549.3
496.3
574.3
1243.0
1046.1
722.0
1020.8
1367.8
1060.4
565.7
1385.8
473.2
1315.1
508.2
749.4
1137.0
1017.7
1261.0
939.2
1039.2
660.5
516.2
873.5
449.7
649.1
514.2
892.8
447.2
800.1
875.6
784.3
942.8
577.4
732.0
477.0
421.5
478.1
457.2
428.6
378.5
474.6
300.4
306.9
564.3
406.7
446.1
587.5
622.7
685.3
680.7
484.8
881.6
655.8
611.7
523.8
444.7
302.6
298.7
444.6
299.8
389.7
478.9
515.2
448.6
540.6
516.6
520.3
677.7
449.4
475.7
747.0
714.6
737.3
547.9
531.2
731.4
559.1
708.3
810.7
435.5
447.1
598.2
445.2
1456.4
744.6
446.3
852.9
818.8
823.4
457.0
711.5
708.3
736.0
446.2
577.5
782.0
836.6
642.3
939.2
558.1
657.4
913.8
1112.4
790.6
921.7
786.4
951.1
972.9
1003.5
1224.0
1300.5
1333.5
1307.7
1071.3
958.1
1787.8
810.8
1925.8
575.5
1236.1
923.0
2205.1
1871.0
2399.8
2034.0
1819.8
2410.7
2545.4
2573.3
2625.8
446.0
2070.9
2613.3
1850.2
1314.6
1730.6
467.5
734.4
1443.6
803.8
445.7
889.8
551.6
511.1
799.3
951.4
1013.3
525.2
1021.8
446.5
500.1
446.8
1374.7
1519.2
1381.3
444.9
1223.7
1316.8
1233.0
1425.7
675.2
646.1
692.3
1644.9
1699.8
1505.2
1580.7
639.8
862.9
1256.4
1665.1
445.7
1484.2
1725.6
1743.1
1916.8
1694.1
444.8
1369.0
446.3
1090.4
1466.0
856.9
1314.4
766.8
502.1
300.0
422.3
445.1
421.9
448.5
493.8
572.2
554.2
769.2
666.0
1137.4
583.9
1097.1
849.3
1281.1
1401.6
735.9
768.6
619.1
1307.7
1108.6
465.7
1677.0
1080.1
1402.5
1792.8
1537.3
1171.0
1508.8
961.7
450.8
590.1
585.0
1134.3
445.4
1161.0
1016.4
1112.3
1261.5
469.6
487.7
995.1
1278.5
1181.9
838.8
1102.8
791.5
968.7
927.3
468.7
649.0
451.0
608.7
456.4
587.9
704.3
448.2
589.3
704.3
493.0
682.5
681.5
446.5
696.4
445.3
852.6
704.4
806.7
697.5
558.5
446.4
480.5
504.3
398.6
446.2
470.7
572.2
535.4
490.3
537.9
489.6
604.5
622.4
471.4
449.8
444.8
308.3
300.5
319.5
310.7
446.7
445.9
391.0
309.8
446.1
452.6
457.8
445.7
537.7
467.3
460.2
452.1
622.4
460.1
613.5
431.3
323.4
470.5
301.0
376.5
445.1
495.8
501.3
481.4
490.5
575.3
582.3
665.4
693.7
630.7
1005.5
976.3
943.8
560.0
1058.7
950.5
850.1
1154.7
446.0
445.2
1200.0
1234.8
779.0
448.1
898.2
893.3
806.2
445.2
783.0
470.7
872.7
579.8
807.7
460.1
457.7
994.7
453.3
977.4
1011.3
768.8
447.8
811.8
1160.6
444.3
927.1
795.6
950.0
446.1
1122.0
992.9
863.9
470.5
546.3
1039.2
520.2
1054.9
989.7
830.3
444.4
1029.7
1231.0
1056.7
468.1
655.4
1154.0
851.9
720.2
711.3
445.7
300.9
300.3
445.7
402.7
412.9
437.7
444.5
445.6
489.2
392.9
451.9
330.6
407.7
444.2
300.6
445.6
301.1
475.2
495.2
503.0
621.0
446.8
535.9
752.3
500.1
447.9
814.1
836.0
699.9
857.7
677.2
451.1
304.1
446.2
402.0
547.7
481.5
553.8
578.7
769.6
623.9
648.1
775.4
479.2
1172.7
1088.8
494.0
477.0
492.0
1310.6
1390.4
1251.2
1067.4
1476.7
1055.8
447.2
1220.0
1020.9
1078.4
1489.1
445.2
446.3
859.8
882.6
925.0
731.3
853.1
461.8
446.3
916.5
489.3
465.4
921.3
989.8
858.5
878.1
840.5
911.9
920.8
828.5
