329.2
386.6
476.3
526.9
1008.7
889.7
864.2
992.8
878.9
1346.4
1045.5
1116.7
1420.4
1192.2
1296.7
1449.0
1367.1
1259.1
1751.3
853.8
1744.1
1313.4
1178.9
996.2
1683.2
1571.6
1822.5
1952.4
1692.5
1479.9
1859.2
1743.5
1664.8
1503.5
1286.7
1570.4
1447.8
854.7
1626.3
1219.2
1580.1
1807.6
2014.8
925.2
1830.4
1562.7
1115.4
810.2
542.4
748.3
1334.5
1186.8
341.6
961.2
426.1
379.2
817.7
299.4
767.2
573.8
398.4
523.7
572.3
533.6
489.3
709.3
386.5
314.9
446.7
614.4
299.4
299.6
485.4
311.9
452.1
336.0
450.5
308.2
392.8
447.0
347.0
445.3
300.9
302.2
446.5
345.4
454.8
434.5
413.7
600.5
538.9
600.4
319.5
303.6
508.4
349.8
460.5
584.9
608.0
628.1
689.5
559.6
439.5
617.7
722.7
576.2
466.8
638.5
539.5
299.8
413.7
380.9
500.9
483.7
329.2
515.7
498.6
485.4
693.5
637.4
498.5
467.1
611.3
657.2
344.8
401.6
641.3
509.7
578.9
643.8
614.4
445.1
639.0
552.8
381.4
305.7
301.1
474.2
300.0
299.7
481.3
523.8
382.7
507.4
465.2
479.7
544.1
535.6
502.0
439.7
678.3
439.5
668.5
615.0
341.8
376.9
402.4
611.9
455.4
332.3
402.5
479.0
405.1
446.1
375.0
301.6
329.2
446.4
446.7
298.5
299.9
579.5
388.7
490.3
523.4
477.0
421.3
517.8
300.0
444.9
300.0
303.3
447.7
301.1
454.7
355.0
375.5
521.0
483.6
478.7
615.7
691.7
591.5
429.0
393.3
307.7
607.3
495.9
300.2
369.1
586.2
489.9
514.8
679.0
677.2
458.2
534.6
583.0
638.0
733.0
567.7
740.0
941.7
988.0
1053.2
1175.8
772.2
1119.0
823.2
1181.0
1057.2
1070.9
1415.7
1310.6
1094.4
1116.5
1332.6
1078.4
770.0
800.8
1427.5
983.2
962.0
1094.7
906.3
1373.1
1303.0
1323.6
1196.9
1718.4
1548.6
1597.1
1390.5
1316.8
1474.2
1326.6
887.6
1161.9
1304.7
1790.9
911.9
1661.5
1298.0
769.9
1584.5
402.7
898.6
578.0
1461.6
1079.4
431.0
1028.9
689.7
416.7
408.5
1077.7
549.7
466.7
599.7
445.5
800.0
405.3
682.1
544.8
527.3
690.8
1107.6
845.0
772.3
637.4
747.1
1243.9
898.8
811.9
879.1
884.5
1252.5
995.7
1319.6
1036.5
818.7
1498.4
1140.4
1450.4
886.8
1262.0
934.4
823.0
1061.4
1381.5
464.0
1390.0
1328.8
1181.8
515.2
1367.8
329.4
569.4
732.7
588.2
388.1
869.1
361.9
541.1
704.6
356.4
390.0
704.1
511.0
592.6
609.0
694.5
658.3
539.7
732.6
690.8
620.7
745.8
735.5
672.5
815.4
951.5
1009.1
961.7
844.6
868.4
514.9
728.2
971.4
881.6
861.0
643.3
746.2
449.8
684.7
798.3
732.2
463.9
911.7
733.7
588.4
1005.5
699.2
533.8
703.7
1160.0
524.8
704.9
636.6
537.9
1007.6
839.5
799.5
336.6
712.6
300.5
385.6
473.5
449.4
300.6
393.5
480.5
510.4
623.1
478.7
534.3
456.4
461.6
776.4
634.5
451.8
366.1
561.1
321.0
513.2
300.2
300.0
444.9
302.5
409.1
553.6
482.7
587.0
577.5
871.2
668.3
598.2
842.3
493.9
360.9
631.3
448.5
299.4
450.1
444.6
561.8
568.3
519.8
445.4
490.4
581.1
510.8
330.8
569.4
456.1
508.2
311.2
657.4
533.5
489.9
546.4
775.9
800.2
952.7
888.2
963.8
755.6
892.9
982.0
914.2
614.4
487.9
641.5
381.5
301.1
654.2
420.0
491.1
421.9
636.8
608.7
555.2
612.1
908.0
716.5
777.2
771.8
756.4
687.1
832.8
901.1
574.0
851.8
300.8
328.5
551.2
302.0
496.8
448.5
301.3
301.0
444.6
336.1
467.9
537.4
564.6
500.0
858.8
986.8
864.8
753.2
1119.3
972.9
845.4
720.1
839.8
743.1
1009.2
630.9
621.3
506.3
919.7
623.8
300.3
641.0
337.7
447.4
301.6
446.4
301.6
371.2
444.7
442.9
446.2
351.8
368.4
333.9
707.4
602.4
621.5
405.0
694.1
520.9
621.1
855.9
493.8
387.9
596.9
317.3
459.2
300.7
395.8
304.9
523.6
503.0
392.2
566.2
392.8
488.3
470.6
448.6
597.4
490.0
464.5
511.5
308.4
445.9
299.8
303.4
449.1
303.6
462.2
376.6
547.3
675.7
690.0
387.6
668.1
547.7
548.0
649.9
629.5
299.3
301.5
450.0
448.8
674.5
665.9
698.4
731.5
658.9
800.6
1074.3
910.5
917.0
952.3
997.8
863.6
961.4
1012.6
905.1
777.3
816.4
892.5
833.7
835.7
761.3
603.6
772.0
581.2
807.2
617.2
533.5
725.6
701.4
309.3
453.0
331.0
447.7
514.6
567.4
454.8
532.7
634.2
642.0
589.8
310.9
595.5
485.7
304.3
397.1
444.7
529.5
447.7
360.2
371.8
299.9
477.9
454.0
303.5
494.6
582.7
723.4
743.6
765.1
793.8
509.6
593.0
550.5
450.1
349.2
450.0
300.6
447.1
301.3
397.1
388.6
478.5
512.4
510.0
425.3
551.1
561.3
477.9
479.9
574.0
442.3
632.5
377.3
555.2
580.9
635.1
539.0
434.7
607.4
312.8
300.0
618.0
498.9
455.8
540.6
506.1
424.8
399.0
694.8
596.8
574.7
316.5
370.3
463.5
703.9
564.1
793.6
827.8
809.0
845.6
1005.6
835.6
900.7
826.1
1090.8
1160.7
1271.5
1090.8
1095.7
937.3
1115.9
1115.1
1139.7
1401.3
1278.8
1325.1
1195.0
1455.4
1096.1
1437.2
1094.2
1006.6
1402.6
1009.8
1143.0
1134.3
998.9
783.0
911.1
1023.2
679.4
859.8
500.4
693.2
380.3
467.7
299.6
346.5
446.4
302.2
303.5
601.9
410.2
530.8
603.8
352.9
659.0
775.8
692.8
612.3
396.0
548.9
580.3
691.1
1016.1
680.3
605.9
669.2
978.9
610.2
532.7
476.9
854.2
791.5
729.4
771.0
889.4
791.3
922.1
950.0
1058.4
715.5
884.3
969.3
1071.5
723.5
604.7
415.0
337.6
550.1
300.5
449.9
300.5
447.2
301.6
392.0
300.3
486.3
446.6
505.5
572.5
620.7
737.1
978.1
911.1
772.6
1032.7
944.9
1256.4
1392.2
659.8
1138.6
797.2
1242.2
1038.6
1324.8
921.9
1288.1
897.1
1187.0
1052.5
1258.4
582.1
456.8
878.5
423.3
645.0
552.3
520.3
459.4
576.1
730.7
368.1
705.8
709.8
1130.7
1171.9
1172.5
1193.7
961.2
1271.3
1353.8
1358.9
1380.5
1255.5
1338.8
883.7
1183.8
1194.9
1403.5
1389.4
1358.8
1348.5
814.0
1127.3
1139.0
1209.9
942.1
1168.7
798.5
946.2
1098.0
1020.3
1096.1
787.4
715.2
673.3
546.0
771.7
589.9
632.6
476.5
749.9
647.2
830.6
410.1
598.2
666.8
689.1
451.4
305.8
466.8
454.5
306.5
395.4
394.1
446.0
302.1
446.6
303.1
473.2
370.9
435.5
448.3
429.0
484.6
421.2
469.2
457.2
407.1
314.8
467.5
445.8
301.5
384.6
463.4
375.7
409.0
445.9
496.9
494.8
818.8
806.6
823.1
907.0
842.2
996.2
906.9
932.7
1078.5
869.3
764.1
827.2
846.2
797.5
700.6
488.7
666.1
629.9
630.6
437.7
634.0
471.3
351.2
324.8
310.2
300.7
469.0
446.1
369.7
308.1
403.4
566.6
526.9
319.7
406.8
500.8
301.2
539.7
395.8
503.2
380.3
340.0
492.6
300.0
300.2
510.1
445.8
335.7
503.0
569.1
593.5
583.9
589.3
481.9
508.5
397.1
300.4
525.2
349.9
344.9
509.6
557.5
298.8
302.2
301.2
445.5
448.0
394.2
447.2
394.6
540.3
536.1
340.2
314.0
304.8
446.2
453.6
344.1
302.3
334.5
469.3
306.4
362.2
457.4
385.1
752.7
746.2
530.3
623.1
678.4
644.5
489.6
512.5
634.7
445.5
300.1
303.1
446.3
421.0
402.7
436.8
665.2
757.1
744.8
775.5
776.1
954.8
856.9
783.1
1172.5
887.3
983.7
890.8
1277.8
838.1
810.4
939.9
929.3
722.6
883.2
463.6
1236.3
905.1
367.5
414.8
613.4
304.2
418.1
554.3
360.2
527.3
346.5
302.1
508.4
467.2
533.7
548.4
550.8
593.5
590.6
530.3
751.7
618.1
