443.3
441.0
694.6
541.6
851.2
958.2
902.7
756.1
806.4
1208.0
802.0
931.7
998.8
1576.2
650.9
468.5
1453.8
1566.4
646.1
1821.0
1265.0
1864.9
510.9
1855.1
1476.7
447.9
471.1
1587.1
1388.3
1633.7
448.0
1700.5
1355.4
2374.5
446.3
455.4
1696.1
1252.6
2671.8
456.6
1989.1
2436.8
2279.7
2424.6
444.5
1811.0
2868.8
3514.9
445.8
2014.9
3546.1
448.0
448.5
1972.1
2448.0
1560.0
467.4
2515.3
2085.4
2503.2
2032.1
457.7
1768.1
1743.0
1030.4
2250.9
444.4
2021.6
2554.4
2059.7
1643.6
447.1
1921.9
1282.2
1895.5
1585.9
1509.8
444.2
1342.1
1284.5
1329.2
458.2
446.3
1330.1
1671.7
467.6
1364.4
1005.3
1549.6
446.0
1188.7
1180.1
456.6
1482.3
1456.1
447.3
1197.6
445.5
1440.7
446.4
1323.6
1595.3
1674.4
1648.2
445.9
1566.1
1588.7
446.3
1551.2
1794.2
1552.5
494.9
492.0
1629.6
1558.2
468.3
1836.6
446.6
1916.7
446.2
1443.6
1824.6
1855.5
2110.1
1872.3
1803.2
445.1
2166.2
1503.3
1839.9
1744.5
445.4
1764.3
2032.4
447.9
1896.7
1845.4
453.7
1370.6
459.0
1466.5
2168.2
445.3
453.6
1857.9
1921.8
1939.0
468.5
1817.3
2015.0
1899.9
444.7
2039.0
1807.1
1734.1
1884.9
2018.1
447.2
447.9
1932.0
1904.0
1849.2
1434.1
1452.2
1531.1
1769.1
1263.6
445.6
1631.7
446.4
1381.5
1025.5
1355.3
1244.1
1097.7
1028.3
1014.0
961.4
341.1
444.7
367.7
420.6
481.6
417.3
469.5
547.0
476.8
543.4
785.2
782.1
766.4
646.2
845.5
445.8
446.4
870.7
684.8
872.1
1044.1
446.1
471.3
448.7
1227.5
1104.6
1129.8
451.4
1216.0
1365.0
505.2
555.0
700.3
1477.6
1456.6
571.4
1560.7
1176.6
2294.2
2069.4
2031.3
1337.3
1821.9
2040.6
1826.6
1919.3
2336.8
1562.3
2047.0
2168.7
1051.2
1390.5
1558.6
1508.5
1579.0
1375.9
1214.8
1990.3
1173.8
2097.0
524.5
909.9
1819.9
2247.6
2324.0
2167.8
2386.1
2360.7
474.2
2453.2
2747.7
2173.0
444.5
2340.8
446.1
3076.1
3252.3
3346.6
444.9
2588.8
445.8
2021.1
456.2
446.0
4130.8
1692.8
2674.1
511.6
513.0
3919.1
3736.5
3449.5
3473.8
527.1
445.8
2882.8
446.0
445.6
3587.7
2773.6
3993.0
2063.0
2092.6
445.4
3844.5
452.0
2313.0
3819.4
445.2
3329.6
2485.3
3615.5
485.4
3442.3
4377.3
611.7
547.3
3903.0
589.4
3687.0
4838.0
5561.1
534.2
451.9
3734.4
560.5
5292.1
4348.1
5730.4
476.4
5737.3
4125.7
4401.2
4875.0
4309.9
458.5
3781.9
446.2
4804.9
454.2
2784.6
4018.2
446.5
3276.7
3819.9
447.8
4368.3
4150.4
4712.2
4147.8
3474.8
470.5
456.4
3126.9
6471.6
5460.7
446.2
446.8
2786.2
3850.2
4636.5
4330.5
4359.7
5550.3
3258.4
502.9
446.8
495.3
4763.2
445.7
467.2
6561.8
5090.4
4432.4
6441.8
5883.3
6720.1
5917.4
6696.7
2620.8
574.6
451.8
4639.0
6084.9
591.3
5482.6
457.6
4746.7
2763.3
4666.0
4912.5
4286.9
5818.0
5747.6
5903.1
444.6
6134.5
5501.0
7073.4
445.2
3362.7
2230.2
5540.7
447.9
4221.3
5149.4
5391.2
468.2
6445.8
446.5
4016.8
4281.5
525.6
3385.6
3916.3
4937.1
3025.9
445.4
4138.6
5297.0
597.9
3569.0
4632.2
523.1
5388.5
6043.9
445.2
4165.3
3151.3
457.5
3763.6
5159.3
446.1
5080.8
2404.4
6997.9
3312.5
444.6
5477.2
446.8
466.2
2970.7
460.2
4330.3
4371.8
3986.1
3209.3
5810.1
445.1
2582.9
4702.4
444.4
4061.0
4172.1
5058.6
4511.9
5896.7
507.8
5169.8
5499.6
1275.1
446.9
2797.7
530.7
4860.3
5065.8
3056.5
463.5
4654.9
4359.4
453.9
5498.8
4139.0
5154.4
470.6
444.6
3291.3
4845.3
4943.2
444.0
4709.5
4702.5
2257.2
2217.9
5521.8
4163.1
444.4
5497.4
2599.3
2739.6
4683.4
445.0
3352.2
4588.2
3947.2
458.3
5697.6
5936.9
446.0
445.8
3871.6
3742.8
466.0
6758.3
5017.9
2198.0
4057.9
446.6
3281.2
3714.1
3995.1
2278.9
445.4
3747.9
445.1
4816.9
2982.5
3752.4
2233.4
5081.2
5590.7
4657.7
444.4
455.0
3582.1
3515.7
3004.2
3103.4
3256.6
444.4
3100.2
3389.1
2987.9
4210.6
469.4
2954.8
2425.4
3992.4
460.1
2321.9
485.7
2373.4
1518.8
2539.9
482.4
4208.5
3751.4
1548.3
2648.7
3676.1
447.4
3098.0
3845.2
2008.3
2730.3
1821.9
611.1
446.5
4200.4
3693.8
651.8
2334.1
450.2
581.5
2989.4
470.7
512.5
3041.5
3015.5
1486.1
445.9
2593.7
2266.9
3414.8
3481.2
451.6
2200.3
3993.5
2626.7
3310.1
444.7
2931.0
2775.9
3052.1
2496.9
457.1
3328.0
444.5
459.7
2678.4
1882.0
2925.1
444.1
3364.9
2464.3
3475.1
3052.6
467.7
2607.0
3743.4
447.6
3297.0
1853.5
494.9
3643.6
3563.2
457.2
2477.9
1732.8
2920.4
2780.8
521.1
2874.5
473.9
2474.3
3171.5
4029.8
2362.8
2691.1
2425.7
444.4
2279.8
2974.0
2268.2
4074.2
445.6
1645.2
2393.0
472.6
2042.2
2339.0
2109.1
2498.6
445.4
446.1
3095.5
446.0
1467.4
451.4
2667.4
2498.8
3583.5
1718.2
1845.8
2023.4
508.3
2514.8
445.9
537.5
475.3
1884.4
2433.9
2252.7
2506.7
3623.5
2052.8
553.7
2390.5
451.0
3370.4
583.7
3221.7
1859.2
551.5
524.6
2466.1
446.5
3497.6
471.8
466.1
3617.0
1913.0
2649.9
459.3
3701.6
445.5
3216.2
445.5
2799.5
2311.7
2454.0
3650.0
445.4
4081.7
4157.4
3299.0
446.5
2680.5
3886.8
2404.0
2668.5
3743.4
3053.1
3674.4
2214.0
468.7
4266.2
2833.6
3320.5
3247.3
449.2
3604.8
445.6
3551.3
4659.0
446.6
2852.8
4481.1
3288.1
445.1
3097.6
5257.5
3832.3
445.4
445.5
2873.8
2078.9
4131.4
451.7
3774.0
445.9
3708.5
568.9
560.0
618.4
2744.8
4830.0
444.8
3259.8
3625.6
2662.9
3421.7
446.2
2881.5
3841.7
446.0
4852.7
3494.0
3271.1
3992.7
2943.9
2406.1
4444.3
1654.2
3266.8
446.6
3810.6
4215.1
496.7
3020.6
3599.0
4094.9
514.1
585.7
5158.8
3330.0
509.6
552.6
4093.9
4012.9
4068.2
491.1
494.7
3067.9
4534.5
445.7
4745.1
1468.6
4113.5
3523.1
2157.7
3313.4
446.1
3173.5
587.5
5230.1
581.4
2943.5
3388.6
3220.8
471.0
3640.1
445.5
5102.8
3484.2
446.1
3505.5
3895.6
3581.7
3370.1
3236.9
550.2
5007.5
447.1
3919.6
4843.9
4026.6
554.9
3241.2
3075.4
4179.4
4534.8
444.6
2785.5
3410.4
448.6
4177.4
526.8
3285.5
2589.4
3963.9
611.7
3174.9
4359.2
4072.7
451.2
3056.1
3332.2
4708.3
449.3
3922.5
2856.4
459.5
3935.6
445.2
3099.5
2497.5
3476.8
5500.3
3850.9
444.6
2203.0
446.0
4153.8
3107.9
444.8
3655.1
4127.5
3994.8
4234.1
3754.3
447.8
2375.5
3267.0
469.4
2889.5
445.7
1890.5
3139.5
444.7
2749.0
4444.2
3649.8
3925.6
447.0
2905.5
2183.1
2743.4
2404.0
444.9
446.8
4001.1
3102.1
506.8
524.2
3036.3
4321.0
4623.4
472.3
444.5
446.2
3062.0
467.2
4020.9
3002.7
445.4
3963.7
2432.3
445.8
444.6
3779.6
3121.5
3950.6
446.0
5114.9
5082.2
3757.3
2938.8
446.9
5308.5
3703.0
446.6
4154.2
3644.2
2766.5
4173.3
4402.8
3599.4
4098.2
445.0
5915.1
447.5
5683.2
466.1
3390.8
2454.9
446.4
3088.8
3591.4
4340.8
444.9
5324.8
4217.6
445.5
1914.8
3099.9
5109.7
2994.7
445.8
3679.3
4752.4
3942.7
445.0
446.4
3459.9
3837.7
5473.4
4485.7
2557.1
1789.0
4806.6
2537.1
5727.7
468.1
7186.5
3703.3
5395.6
3667.4
3982.4
3833.1
446.0
5685.7
3774.4
3539.7
4759.8
4601.3
3774.3
475.2
457.8
504.6
2727.4
2757.3
468.6
2721.5
3408.4
3485.5
3301.3
445.1
2850.4
2458.5
3071.8
451.3
461.3
1162.1
1815.2
3648.9
481.2
498.7
4177.3
494.8
2701.1
3433.4
447.4
459.8
3702.4
3425.9
459.0
3017.2
3791.4
3825.7
2273.5
2129.2
445.6
3810.1
3549.3
2791.0
445.9
2697.1
4522.8
444.7
2587.0
547.8
4091.3
3814.3
549.9
2109.8
534.0
3384.1
3312.0
2791.8
3992.4
3656.4
3383.0
3359.6
2550.3
4839.6
2356.3
4367.5
3746.5
3992.8
1707.6
2176.7
2985.1
2816.7
1972.6
2352.0
2430.6
2827.1
3334.2
2023.0
2107.9
2242.3
