394.5
387.0
539.6
670.3
865.0
819.3
865.9
1149.0
1045.4
955.1
1017.7
1048.7
1331.3
1240.7
1143.5
1135.1
1425.3
1374.5
1699.7
1157.4
1369.7
927.4
1261.2
1245.2
1005.3
1264.7
782.9
1623.4
1091.7
1231.5
778.6
1049.7
1205.3
1104.9
1676.7
1516.2
620.8
509.8
1549.9
2433.8
1642.3
2498.4
1680.8
458.4
1538.7
1357.1
1765.3
3020.3
445.6
948.6
1127.0
1714.8
1452.6
457.1
485.5
451.1
1658.9
481.4
1306.0
1018.4
1441.8
919.3
469.8
1452.4
1049.8
1238.9
444.8
899.0
1349.9
446.0
1115.7
1120.7
778.7
721.6
524.7
456.4
315.1
609.5
439.3
465.5
378.8
445.4
299.3
300.2
446.0
386.5
343.1
449.9
476.0
448.6
576.4
523.7
342.3
363.3
531.5
427.3
475.5
576.4
644.4
601.6
644.4
634.1
635.1
531.4
679.4
603.6
556.5
556.4
442.1
449.3
495.0
452.0
494.5
684.2
470.8
473.2
580.5
813.9
810.7
551.6
834.4
792.8
747.7
881.5
558.8
754.9
567.0
656.0
607.5
894.0
608.7
725.5
931.8
777.1
644.6
371.7
444.8
348.9
302.5
350.4
446.3
446.7
301.4
464.4
451.5
493.6
505.6
424.3
650.5
598.5
458.2
496.8
526.6
753.6
446.7
480.6
514.0
484.9
469.4
395.8
374.6
446.7
337.8
403.7
453.3
305.3
381.0
378.2
447.4
301.2
444.2
386.1
413.0
445.9
380.9
445.2
573.4
550.5
300.1
448.4
301.1
348.7
330.5
469.3
504.9
436.5
483.0
517.0
603.3
758.5
868.1
736.3
744.5
447.2
445.9
588.4
648.5
511.9
451.9
490.8
518.0
607.4
805.7
746.6
534.9
990.2
699.7
601.8
697.5
670.7
1192.9
1084.8
1213.3
752.6
673.7
1344.0
1088.5
1311.8
857.3
763.2
649.7
1606.9
1268.3
1320.0
542.2
565.2
1543.1
1768.6
1753.5
748.5
783.8
1336.1
765.7
1926.5
1129.8
831.3
2657.7
896.1
1509.4
711.0
497.1
2310.7
1969.0
1927.9
467.7
2454.8
1360.2
446.6
1743.9
445.1
1548.2
2412.6
2347.2
2257.7
2441.5
2269.8
1751.4
2091.4
450.7
1640.0
446.1
1885.5
1303.4
445.9
1347.5
445.7
1588.8
1925.8
529.7
1375.3
604.8
1636.9
648.3
1700.5
1407.9
740.2
617.3
876.5
1218.4
2243.8
1693.8
2322.1
722.5
2169.6
947.1
659.5
2626.4
712.6
1909.6
1724.1
445.9
2606.4
2255.3
1823.5
458.2
2798.0
2234.9
446.2
2648.8
1749.0
445.8
2479.1
2262.0
1189.2
2089.0
496.2
2912.2
3525.5
2731.8
2734.9
705.0
1887.4
711.2
649.3
1578.3
616.4
2017.1
461.9
2595.5
2622.8
656.7
552.0
2068.7
597.8
2298.4
2077.7
2134.6
484.1
1979.6
3214.0
445.1
2412.5
2543.9
500.4
1773.1
2732.6
500.2
2240.1
468.2
2320.9
2568.1
453.8
2333.6
2857.6
523.0
497.3
1462.4
2580.0
445.2
2133.6
1792.8
3033.5
3205.7
446.0
2737.3
2584.9
2606.6
2514.7
1958.6
1950.0
2570.3
529.5
1843.1
3173.5
458.6
2316.1
581.8
2926.6
1654.9
1813.4
543.3
511.1
1709.7
1500.2
467.7
3091.7
1646.5
1556.1
1647.9
2607.3
445.8
560.7
1427.1
1897.5
1616.8
448.6
1954.9
567.5
1748.1
460.6
1141.9
1305.3
1256.9
1913.0
2044.6
1234.1
1616.5
1088.7
444.9
1533.5
1124.8
1717.0
645.3
619.2
457.6
559.1
571.7
474.9
689.2
631.9
575.7
428.8
509.5
469.9
569.0
647.9
514.3
539.8
591.4
762.0
722.6
610.9
1064.2
983.5
1053.9
1186.0
1055.0
550.7
450.0
1262.2
1154.9
1171.8
785.0
960.9
705.0
465.6
573.6
847.6
914.2
781.5
801.3
600.6
521.1
1032.5
692.9
1268.9
1075.1
884.5
1053.1
1292.0
445.1
1390.2
1021.6
459.5
625.6
1237.2
419.9
754.0
446.1
299.2
301.2
443.7
338.0
301.0
624.1
654.8
641.3
764.7
805.8
750.1
886.3
742.2
649.2
1074.9
986.6
601.3
1008.5
974.2
909.7
446.6
811.6
854.4
778.6
802.1
475.5
495.0
370.2
299.4
444.3
409.2
301.4
503.2
438.6
447.6
301.9
444.5
700.0
664.1
686.0
655.4
748.2
723.4
656.6
693.0
781.7
498.7
620.0
733.1
414.1
526.4
444.6
382.0
415.4
451.4
378.3
397.9
445.9
474.7
451.1
543.6
494.8
513.6
642.1
472.1
490.1
323.7
299.7
445.0
300.3
303.1
302.1
470.1
371.8
523.8
554.2
584.9
589.9
509.1
451.6
499.6
530.8
637.9
299.7
300.3
441.4
491.3
454.5
647.9
584.9
729.0
920.4
850.2
975.2
840.1
664.4
655.0
1216.0
587.2
670.0
1062.7
1326.9
893.5
1347.4
1088.6
527.4
1247.6
1092.8
494.4
476.3
1111.9
805.6
933.8
1092.6
897.6
773.3
446.4
507.7
447.1
593.2
452.8
480.5
718.2
482.2
555.8
669.3
701.5
446.2
606.2
448.5
301.4
419.0
467.1
558.1
445.9
377.7
371.0
302.9
447.7
447.3
396.9
487.8
561.8
702.7
753.9
734.2
517.4
852.4
452.1
725.9
671.0
451.0
304.3
301.1
447.5
311.2
300.5
436.0
472.5
426.1
576.9
546.7
577.1
505.1
428.4
511.2
567.5
636.6
496.0
449.0
486.7
618.1
445.7
511.2
745.5
597.6
426.9
550.8
591.1
422.3
560.9
587.7
735.6
540.2
546.0
803.5
460.9
652.6
497.3
541.0
658.6
670.0
542.5
1054.9
1081.4
859.2
718.0
782.8
1075.8
679.5
983.8
796.4
1268.0
772.5
1337.1
1424.2
1253.4
731.5
882.5
1261.1
850.7
498.7
1400.0
1417.4
605.8
1485.5
1389.2
1721.8
456.4
445.3
1614.0
1908.2
1025.0
1315.1
1415.8
1286.1
1795.5
471.8
1203.0
872.4
1154.5
793.3
371.9
301.1
299.6
445.5
301.2
479.3
379.3
476.3
547.8
590.0
604.5
632.3
530.4
680.4
624.6
464.8
714.7
446.0
916.6
542.9
809.6
921.3
457.2
799.4
824.8
626.4
1001.0
1163.1
675.9
729.5
716.1
854.6
657.7
1097.9
1291.5
1114.6
1189.9
446.2
1432.8
1444.5
1292.2
819.2
1123.8
849.4
408.4
441.6
817.4
455.8
418.1
299.5
362.2
315.9
461.5
457.9
398.4
521.2
719.0
603.7
816.5
944.4
1012.5
957.8
885.4
1259.9
839.0
837.9
1324.2
1321.3
807.3
733.5
1283.8
1146.8
1239.3
1456.7
1174.1
450.9
1353.7
773.4
1364.0
1029.7
587.7
665.4
804.1
655.1
694.4
567.1
902.9
812.4
487.3
852.1
518.7
445.8
777.8
465.0
896.0
753.2
785.7
759.6
449.2
678.2
513.6
508.3
603.8
446.1
494.9
446.1
494.7
603.7
359.9
371.7
445.8
432.8
348.7
445.0
447.3
525.1
519.7
502.1
481.7
299.9
469.9
301.8
445.4
299.5
299.4
496.9
469.0
446.5
394.8
622.6
488.5
493.4
475.1
446.0
393.9
301.3
299.4
445.7
309.8
442.4
445.0
422.8
300.0
446.3
299.0
447.6
324.8
462.6
458.5
497.4
520.1
501.8
465.1
401.5
542.3
371.0
329.7
447.4
307.8
445.0
423.1
374.5
357.6
456.5
495.3
576.6
598.2
781.0
673.6
702.8
822.4
924.4
974.4
1075.1
651.9
599.6
1040.8
1037.5
984.4
995.3
445.9
774.8
470.7
891.2
820.4
445.4
863.1
773.2
540.4
660.3
445.6
445.0
513.8
696.7
446.6
674.1
453.0
807.1
790.8
919.2
454.0
795.2
451.4
848.5
678.3
446.0
762.4
595.2
775.9
499.3
557.9
709.0
446.2
722.7
533.5
663.6
740.8
499.4
671.8
862.1
788.9
645.1
451.9
543.6
558.9
497.4
525.3
519.7
300.1
300.4
300.6
445.2
397.8
428.0
451.6
395.4
517.4
446.4
413.3
445.6
300.1
351.1
470.9
342.9
300.5
340.0
444.2
300.4
388.4
539.4
473.5
451.6
777.2
744.7
613.3
569.1
628.2
589.9
570.5
582.7
334.4
299.2
301.5
325.7
541.0
498.2
661.6
619.8
868.4
737.5
605.6
691.5
842.3
1015.8
796.2
572.3
1076.7
1071.6
1068.9
1072.9
520.9
809.7
656.6
958.0
944.4
1086.3
1126.8
876.6
444.5
890.0
622.1
774.8
446.5
701.5
548.6
445.1
650.1
399.3
495.9
671.0
711.6
700.2
520.2
588.6
655.3
678.9
658.3
739.4
634.0
