325.5
377.4
442.0
769.2
544.4
812.5
863.9
953.2
881.9
874.5
960.6
854.4
1362.4
1496.6
860.1
848.1
770.6
1659.4
870.9
2131.5
1101.9
2020.8
2095.3
1083.4
2032.2
925.3
1132.6
934.9
1112.4
914.2
908.9
1045.5
694.0
1958.8
2178.1
2348.5
539.9
422.8
1870.4
352.5
2339.9
2084.7
301.5
298.9
2260.8
2181.8
2127.5
300.1
300.2
298.7
300.6
2415.6
1972.2
2213.0
356.7
2971.6
401.5
384.4
1882.7
391.5
315.5
1614.1
412.5
298.9
2004.8
299.1
1854.6
1534.1
2771.5
1797.0
299.8
1930.5
300.3
1357.7
343.9
342.8
1931.8
1374.6
299.8
1112.2
990.7
1528.7
301.6
879.2
396.7
488.8
938.8
499.4
455.6
892.7
801.3
300.4
856.0
300.8
358.1
453.0
497.3
1013.1
375.5
500.4
1212.7
366.2
1011.8
1078.1
300.4
301.2
346.8
1254.3
1184.9
1001.3
346.7
1438.5
348.5
468.2
479.0
424.4
440.8
1476.8
1438.5
311.7
405.7
1410.4
1306.0
478.5
547.9
467.3
422.6
1867.9
1747.8
298.7
1815.9
300.6
1592.2
1387.8
299.4
299.4
1664.1
1420.7
303.0
1455.9
1065.8
303.2
301.6
473.4
445.5
1340.4
485.9
399.8
1045.5
1257.9
310.7
1650.3
299.9
1267.5
1571.0
376.1
358.5
1419.4
316.3
1193.2
300.6
1331.0
300.7
1219.8
299.8
1149.3
299.8
1182.2
904.9
899.9
354.6
300.9
365.4
846.5
316.1
672.5
650.2
710.0
301.1
445.6
311.8
298.9
299.6
518.7
736.3
396.8
504.6
520.7
389.1
627.0
953.2
313.4
300.5
1115.3
300.3
933.0
331.0
989.5
324.4
499.8
1017.4
482.7
348.5
989.0
449.9
490.2
1116.4
1244.2
413.1
621.4
616.4
1241.3
565.5
868.7
799.2
812.2
920.2
1817.2
753.9
508.2
406.4
1932.3
330.6
380.8
1991.1
2214.3
563.5
544.6
2041.3
736.4
2568.7
2317.0
2510.5
791.4
666.3
840.1
837.8
573.1
529.0
2458.6
689.2
456.0
2925.2
1933.1
322.3
301.0
324.5
2808.5
310.8
311.9
2653.5
2290.4
3061.1
2923.4
466.2
414.1
2937.4
476.4
385.5
2179.7
2951.6
393.0
3074.9
313.1
484.8
3056.8
2213.4
548.2
537.4
602.4
2337.5
634.7
756.3
817.8
512.4
928.0
4080.9
874.6
3683.1
2120.8
747.4
795.2
3366.0
658.2
2946.4
672.5
750.2
586.8
299.3
302.8
3737.9
347.4
3530.4
347.2
299.7
300.5
3164.8
2865.4
3226.7
360.5
4030.8
355.2
3575.8
618.5
586.3
662.6
550.9
495.5
2980.9
4693.9
3533.5
4747.2
3368.0
4015.6
455.6
498.3
601.7
657.9
2916.0
507.7
4253.5
690.4
3865.5
410.7
580.3
2807.3
4974.6
357.1
3369.9
318.2
3877.6
451.1
3371.8
573.8
498.0
446.0
435.3
315.5
299.6
442.1
513.8
442.8
3544.6
3751.4
4297.1
306.4
301.8
301.4
4675.9
3342.0
4547.0
300.1
4114.0
375.0
300.8
4371.5
4325.7
4363.9
404.1
3466.7
299.6
5572.6
323.2
304.4
3219.6
299.4
4115.3
301.3
4129.3
300.0
3896.5
366.0
518.7
5476.1
4052.0
567.9
3815.1
554.9
744.0
4427.2
623.0
3532.2
475.3
327.0
3807.8
5187.9
299.0
3455.1
5999.5
3825.9
300.2
3491.3
3811.9
388.4
2918.4
398.3
440.3
307.7
336.0
330.2
2870.2
3846.6
4552.3
2893.4
328.9
375.3
3428.3
4662.3
470.4
3781.0
653.4
630.0
2923.6
688.9
671.8
809.5
3634.0
421.9
363.3
300.9
5176.2
3069.9
425.4
377.1
468.7
453.7
3748.4
4278.6
523.3
652.8
3378.4
629.5
627.1
3006.5
528.3
300.6
3160.8
3652.5
302.1
4416.4
301.3
4237.0
3580.1
3751.1
3599.0
300.2
3504.0
300.7
3760.0
299.2
3309.8
435.5
3397.4
4113.7
638.2
624.3
779.1
750.8
669.6
3687.4
3456.9
681.4
529.8
4322.8
361.2
3848.1
4060.7
478.6
370.9
3211.3
3452.4
3921.5
300.9
301.2
2753.5
3317.8
300.3
2955.6
371.7
2882.5
300.3
2874.8
364.6
3162.5
2637.0
300.6
2902.0
300.7
3061.7
451.2
517.5
2284.8
412.5
461.5
3229.9
2913.9
2898.1
339.4
300.6
299.4
2468.2
331.9
326.9
2759.7
352.0
2655.2
2244.1
2504.0
2007.4
2274.9
490.2
2679.7
2634.8
489.0
509.5
509.0
426.1
1673.8
299.4
2682.2
2497.6
300.5
302.4
2151.9
2087.5
1472.3
300.4
1751.2
2050.3
300.4
345.2
1671.3
1430.9
454.0
337.4
450.9
300.4
1226.9
1587.3
300.6
1312.5
1446.5
1423.1
1433.7
1033.7
551.1
509.9
510.8
667.6
635.0
659.6
512.7
1429.7
766.1
584.9
554.1
1518.9
577.0
1651.6
370.5
1270.3
1938.1
365.0
1633.2
533.7
453.1
394.2
2102.9
299.4
1939.4
1949.2
1911.3
305.0
494.6
1599.4
1835.4
1553.9
371.9
636.1
528.5
382.3
1770.7
337.9
300.1
1795.0
301.4
1698.3
301.3
1378.5
300.3
1571.5
1600.6
1251.5
300.4
1169.6
1235.4
475.9
486.8
461.9
602.0
1130.8
1524.6
513.7
442.0
412.8
1560.4
1300.0
302.3
1390.6
1096.3
1390.4
300.4
892.2
594.9
397.3
632.4
383.5
474.7
449.1
621.4
718.8
474.6
327.8
416.7
1053.2
904.6
414.9
505.3
489.2
1035.8
427.5
1128.6
307.6
755.6
302.3
1034.4
1231.9
419.7
535.8
508.2
360.4
970.9
354.3
884.4
1164.1
468.4
1138.3
536.5
1221.3
608.6
744.0
836.4
1398.9
781.3
703.1
1356.1
897.0
769.4
1458.4
896.6
648.8
910.0
807.8
816.1
741.5
2049.3
664.7
2104.5
620.3
2322.8
577.7
574.4
2199.7
569.7
460.4
2338.1
373.2
299.9
2394.9
300.0
2172.7
2421.8
2385.2
2114.2
2467.6
301.7
1570.0
2060.4
2217.5
299.8
2045.9
1675.8
301.6
1571.9
299.8
493.8
404.7
1278.4
1095.7
497.8
409.6
360.4
388.4
1333.2
469.7
455.5
963.4
1497.4
397.6
417.6
339.8
1468.7
1679.7
303.1
586.9
544.9
641.0
1764.5
1897.1
723.1
662.9
733.1
1858.8
433.3
1853.0
300.2
1922.3
301.2
1851.0
302.7
308.6
1872.6
2097.5
1983.3
2140.3
1820.0
299.6
1597.7
1448.8
1230.9
1106.8
300.9
305.5
377.7
732.5
1102.9
615.7
599.9
777.2
686.3
728.4
1368.3
896.0
858.4
761.2
1687.7
1615.1
708.5
961.5
876.8
526.8
425.9
2076.7
1905.4
1803.1
383.2
1362.4
1711.2
397.1
447.1
388.5
2217.2
340.1
2033.7
337.5
1362.0
2237.9
313.6
342.5
1515.1
373.7
347.6
1681.0
387.2
1209.9
302.4
1769.8
1799.1
316.5
1437.1
315.7
320.6
1574.9
344.6
1850.8
300.4
337.8
1663.3
1361.4
299.9
1339.7
326.4
1353.0
460.9
428.3
1604.3
301.0
1492.4
300.1
1473.8
299.4
1324.6
1264.5
344.4
1317.9
445.3
445.7
392.6
320.6
1408.1
1704.1
300.6
1304.8
1483.5
302.2
1236.4
1203.9
319.2
310.6
300.1
1353.6
299.8
995.3
1316.2
968.1
329.3
436.4
536.5
391.2
1056.0
357.8
1094.8
298.9
1152.0
300.6
1192.0
302.5
300.2
1185.7
880.3
1256.6
320.4
321.4
423.4
885.6
1299.4
592.4
651.1
623.3
806.1
1025.6
733.4
1594.8
733.2
1686.8
306.0
1487.2
1480.7
302.3
330.9
1889.5
375.7
1723.2
1383.6
371.2
319.4
351.5
1793.9
300.4
1474.0
1496.2
443.4
369.0
463.6
1736.4
327.7
299.5
1339.3
301.8
1824.8
301.0
300.0
1533.9
300.8
300.0
2057.2
300.5
363.4
1463.4
1844.4
1512.1
2245.7
420.0
458.9
1989.2
427.6
330.1
312.0
2006.2
336.3
1752.2
1991.5
1866.4
300.2
1669.4
2160.2
1741.6
301.6
303.1
1529.0
1446.0
1510.1
755.5
301.4
442.4
689.4
390.6
659.8
336.6
679.8
302.4
302.2
588.8
477.2
302.5
467.9
300.8
445.9
378.2
368.7
377.9
655.6
753.6
442.0
520.9
442.0
804.4
409.9
799.4
939.4
299.8
705.9
299.8
605.3
300.6
479.9
413.8
522.0
487.1
647.4
937.9
1038.4
695.4
530.3
798.0
1193.6
1122.9
819.7
672.9
613.8
601.9
448.3
1356.3
300.3
1619.1
302.6
298.8
1495.2
1246.2
1595.1
300.2
298.8
1598.4
1413.2
318.1
395.8
1283.9
441.2
1179.1
1466.8
497.6
427.4
464.5
450.3
1494.8
1222.7
1135.3
992.0
1093.2
1151.7
