437.4
424.4
1031.3
975.2
1058.1
992.8
1336.4
1237.4
1482.2
1537.3
1194.3
1334.6
1631.2
1233.7
1246.0
1418.4
1549.0
754.7
1275.0
2397.3
1322.1
1420.4
1766.7
2579.1
1612.6
1374.1
1789.5
1881.9
1794.6
1727.8
1579.4
1706.9
1874.4
1037.6
3418.8
3355.5
2261.0
979.3
1803.4
3520.8
2356.0
864.7
2151.8
4750.9
874.2
4095.2
1893.8
4076.4
3915.8
2791.1
3882.5
2766.4
864.9
2511.1
1810.5
2805.5
1812.4
865.9
2982.2
2259.0
2248.4
2801.5
866.4
2015.0
2160.2
1733.0
2506.5
881.4
1229.0
2690.2
1571.7
2240.1
1970.2
2952.7
2608.4
1780.2
874.1
1444.4
1020.5
1444.7
1519.2
1500.6
867.0
1107.0
1362.6
1090.8
907.0
989.0
1271.4
1277.5
1305.4
866.7
1725.2
1313.5
880.2
1158.9
1317.2
921.5
1914.8
1533.5
1721.3
1895.1
913.9
1295.9
858.8
1712.2
1957.9
1914.1
975.1
1240.9
937.0
881.4
1092.0
2662.8
2138.8
1561.1
1656.7
2471.4
951.6
1007.2
2290.3
2593.3
2587.1
2085.3
2069.2
1638.8
913.0
2304.8
1474.9
1530.1
1863.3
2236.8
1809.7
1264.8
2349.9
945.5
868.2
1587.4
2226.1
980.3
2985.3
1760.0
1443.5
1290.0
1986.2
1956.1
982.4
1726.5
991.6
1045.8
2502.3
1952.7
2116.9
2261.3
1633.8
2536.6
881.7
1895.1
2531.8
1275.7
863.2
1205.5
2060.1
1853.3
1153.3
1641.7
864.9
1495.0
1485.9
2392.8
868.5
1019.3
1535.1
1016.4
1291.2
1137.7
1067.3
995.0
390.6
326.5
881.8
1412.7
1631.5
2042.6
2132.6
1912.9
2315.9
2422.6
2622.5
2423.0
2853.4
2936.5
3117.9
2427.7
3305.6
3004.7
3382.3
4032.4
2772.8
4108.0
3332.5
4252.0
2618.0
2598.9
3933.1
3378.4
3418.6
2539.1
4886.3
2830.8
3628.1
4766.3
3528.4
3885.1
4007.5
4423.3
3868.6
2949.0
5182.1
4835.6
2377.7
3903.1
2574.6
4235.8
4655.5
4536.9
4472.1
2798.8
2605.0
2249.5
5222.4
4789.8
5343.0
2031.9
4277.0
4277.7
6300.5
1787.3
4930.7
4206.9
5080.7
4875.1
1644.3
4882.3
1413.3
4293.5
4354.3
4991.6
1830.3
6581.2
1858.9
6290.9
5349.1
6501.8
1973.9
6308.3
5550.9
2057.3
5163.1
6788.9
2083.1
1724.4
4867.4
7058.7
6184.1
1551.8
6506.4
6000.8
5786.5
6281.2
973.8
897.3
5225.3
5978.6
6353.7
914.2
4176.9
6186.5
5246.7
995.5
9188.3
6014.1
6113.2
1015.9
5879.1
6394.0
6800.3
4797.9
5902.0
5556.9
6624.0
5429.2
5228.5
1270.2
6933.7
6066.8
1264.5
6632.8
1083.2
7841.5
6307.7
6660.2
911.5
6615.8
1003.4
7381.9
941.3
6577.2
6851.5
8307.8
961.0
7217.2
5939.2
7226.4
887.2
7852.0
6786.5
866.8
8147.3
6011.4
7099.8
7295.4
6795.6
864.7
8542.3
7538.8
6520.3
865.2
7649.7
7738.6
6945.3
7155.4
888.6
8027.7
6867.5
7338.2
876.4
5964.6
7661.4
6679.1
6373.2
7003.3
7287.1
917.2
7147.0
8384.2
7393.0
7793.6
7450.2
7259.1
995.0
9288.2
980.9
8864.6
6366.3
6935.1
6616.6
944.8
6527.0
5035.5
6928.8
7985.0
7441.2
6086.6
8172.0
8152.3
862.5
7192.3
866.3
7454.6
8816.9
9088.4
873.3
5812.1
25.9
941.7
7478.2
8498.9
6486.0
8878.7
9120.7
8869.6
6748.9
7884.6
5040.6
7138.2
868.7
8025.5
5366.7
6658.5
6425.5
6799.5
882.2
7173.3
6532.7
7789.3
8120.3
7877.0
1119.7
6368.6
1072.1
6343.1
7744.6
1179.7
7406.4
1016.7
7092.8
6048.5
7709.1
8748.3
890.4
7428.8
5251.0
8458.6
8522.5
6437.0
6666.4
862.2
6848.2
7337.0
7597.5
6795.4
6455.5
866.3
7584.5
6129.6
16.2
968.7
4571.6
7188.7
7722.9
1091.9
6840.8
6991.3
6141.1
961.7
7968.9
5464.0
7929.3
4987.9
7746.3
6608.3
925.2
7437.4
7455.4
7771.7
7744.4
7995.0
866.6
4099.8
6035.4
7215.7
7755.2
8143.9
865.5
7870.0
6397.4
6825.1
7098.0
7164.6
7420.8
7142.4
866.6
6269.6
7311.8
8212.9
6181.8
5405.3
937.4
937.1
3827.0
6589.9
7488.3
5041.2
3794.4
873.7
5589.0
5965.8
5840.0
6174.5
6176.7
8083.7
6470.6
871.4
6661.6
5539.6
6502.2
5222.1
873.5
863.1
6888.0
7883.8
5119.3
6244.0
3815.2
3882.6
4285.5
7013.6
866.8
4800.8
7799.0
4721.1
6420.3
6057.9
5974.3
888.6
5358.1
4622.2
3663.9
6141.5
4805.7
6219.4
916.8
921.3
4122.7
3625.9
6310.8
5125.2
3623.8
6504.7
5476.0
865.6
6290.3
5075.0
4861.7
3932.2
875.4
4841.5
5675.0
1014.5
4915.5
946.8
4111.3
5619.4
3673.2
4623.7
926.3
4627.2
3993.8
3849.4
6257.1
4844.2
875.7
4384.0
3218.4
885.0
4795.4
5066.6
4028.2
4955.9
861.9
5221.6
4867.4
3127.6
875.7
4370.5
3710.2
863.9
4393.8
4609.2
4108.0
4436.9
5338.9
862.9
4338.9
5551.9
5525.3
5739.1
5087.6
866.6
2711.9
3729.7
6220.7
4308.5
5240.3
890.2
4635.8
4846.2
905.8
4980.8
6387.2
3464.0
5573.8
907.6
1630.3
5396.3
3774.1
3407.7
4957.3
875.9
5062.7
3665.9
4843.2
4439.6
5776.4
5019.3
5072.1
2645.2
876.2
4067.9
4377.8
950.8
3296.5
3212.2
5559.5
1069.0
5012.5
4602.9
917.8
4865.1
4411.0
947.3
4529.5
4708.1
4401.9
3243.8
880.3
5266.2
2819.2
862.5
2855.1
4829.9
3778.4
3148.9
971.0
3942.5
4357.4
5791.3
1104.4
5080.1
3038.7
3768.4
1248.8
5318.4
5285.5
1424.1
4968.5
6535.7
3706.5
4363.7
3737.6
2834.3
1624.4
1441.3
4695.2
5505.1
1427.9
5598.3
1247.7
6607.8
1010.5
5153.0
5501.3
991.6
5770.4
6012.6
5177.9
7134.2
3786.0
3797.8
5285.2
871.7
5205.6
5705.4
4242.6
4515.6
6178.8
5640.2
865.4
4936.3
7107.4
868.6
3533.9
6145.3
4359.5
4146.6
6148.7
6073.5
6907.1
4116.8
6230.7
5886.1
5306.3
7092.8
5076.5
6084.3
5412.1
6732.2
6218.4
4712.9
1458.8
3936.9
1542.4
3752.5
1702.0
5630.1
5165.5
1808.5
4525.1
2662.8
5583.7
1686.0
1861.7
1156.7
4502.1
4826.1
2744.2
3624.0
882.4
7834.6
4990.1
5549.8
3716.0
4010.4
4211.5
5975.0
6276.7
1226.2
5956.2
5084.9
5329.0
5049.4
6849.7
1460.0
4641.1
1339.5
5886.4
3772.0
3608.0
5411.2
6481.8
1694.2
1357.8
4981.9
1409.2
5978.1
4381.7
7235.7
7145.2
6308.5
1278.8
3629.6
6675.8
3382.5
936.8
5044.1
922.7
4226.6
2951.3
6992.4
6235.7
4052.7
7674.3
866.4
4951.9
5224.7
4092.2
867.7
7676.3
6469.3
5399.3
4534.4
5511.1
4680.2
876.7
5960.5
866.2
4778.1
5789.3
876.1
6593.8
6354.2
4361.9
5941.3
862.8
5476.2
4597.0
4592.1
6184.1
6963.2
876.0
5098.6
4313.9
930.1
5084.4
876.6
4679.9
935.2
7080.2
5451.0
4395.6
6555.5
8533.5
4200.0
6386.5
6480.9
874.7
6659.0
4880.8
4152.2
4346.3
6072.0
6366.0
5683.1
4184.3
5110.8
864.5
4908.8
6136.5
3098.4
8276.0
4850.1
4693.4
865.6
3465.6
880.6
6125.9
3034.7
5310.5
5358.3
876.6
5006.5
865.6
5500.3
900.2
5312.1
6865.7
4333.5
1086.6
4272.7
5456.0
3702.5
6595.0
5443.0
1123.8
6165.2
6021.0
1073.4
4553.4
7043.5
866.2
4807.9
5190.5
869.4
4361.5
4782.3
4098.5
5071.4
3221.7
2962.5
4323.3
864.2
5547.2
5561.7
5385.0
875.5
7152.8
7666.1
3733.9
890.2
888.3
5024.7
6347.4
4883.5
8112.0
2735.3
5947.2
873.0
4821.0
5957.9
4947.4
934.1
5861.6
947.6
3282.0
862.3
5068.8
5340.5
865.3
7805.1
7793.4
7361.9
5937.9
4605.5
5300.0
5047.1
6769.3
6099.1
7648.4
6426.1
14.2
863.3
7830.2
8008.0
3259.1
5419.8
5352.4
6421.3
5413.1
4741.6
867.3
4901.2
6788.8
3778.0
865.2
5756.8
6818.5
5383.3
5265.6
4838.3
4007.8
6759.9
865.7
5013.8
5422.0
4322.9
6198.3
7005.3
7366.2
6078.3
1027.4
5311.5
866.2
4448.5
3094.8
3761.8
3533.4
7360.6
1005.7
3083.6
5827.7
6683.4
4225.4
3055.5
4443.5
5132.6
926.2
1166.9
6023.9
3342.3
4090.5
1142.9
4955.8
3653.8
1219.9
3392.3
1060.5
4189.9
2947.0
1035.8
4111.3
4177.9
4286.0
2548.8
4766.6
6421.7
5453.5
863.4
4094.3
867.4
3459.4
3803.0
3249.9
5934.1
2129.5
3919.2
4774.5
2788.6
1166.9
1033.2
6200.9
3623.5
978.6
5001.3
4341.8
5311.3
3583.2
4060.9
5151.0
4651.6
4268.2
5191.5
5124.2
3336.3
4795.4
3729.5
5072.3
2807.6
3538.8
2476.0
3452.8
2496.9
3111.6
3938.1
4165.9
2594.9
3140.7
2778.9
2666.6
2978.2
