342.8
425.1
578.6
649.9
1143.9
987.4
948.0
1033.5
1210.1
1198.0
1307.9
1091.5
1325.1
1436.2
1407.5
1532.1
1462.5
1613.3
1803.5
1217.1
1274.3
1232.0
1168.0
1147.8
1307.2
1251.0
1233.2
1074.3
1427.5
1708.2
1181.1
1065.8
1009.8
1537.2
1823.4
1779.1
2275.8
1638.7
2346.2
1083.3
2169.4
1776.0
1904.5
1285.5
861.9
874.7
1209.9
1170.4
625.6
903.3
514.6
466.7
866.6
332.3
321.2
338.1
336.3
321.5
863.1
864.2
626.3
649.1
697.8
722.1
638.0
868.7
477.3
509.9
438.2
322.0
864.7
324.3
322.8
321.5
321.8
865.8
322.2
321.9
363.9
358.9
321.3
867.8
322.5
321.8
862.2
356.4
414.4
455.2
598.7
585.7
874.9
865.7
384.9
322.4
449.4
522.7
547.1
863.9
689.0
737.9
871.3
579.8
746.1
577.5
914.3
863.6
631.0
573.3
435.8
365.1
400.7
359.9
321.8
862.8
412.0
878.2
747.2
817.8
689.7
634.9
863.8
494.8
681.3
876.8
533.3
567.0
674.0
639.3
803.5
877.7
834.9
658.7
629.5
877.0
468.4
321.5
321.4
863.7
370.7
381.7
425.4
413.5
416.2
868.2
479.9
390.4
874.2
498.9
651.9
589.8
866.8
610.5
777.7
686.7
364.3
497.0
401.4
1089.8
320.5
473.4
906.4
508.3
393.4
322.2
869.1
324.8
387.5
380.8
323.4
876.1
321.8
344.9
321.5
448.3
436.7
416.2
863.7
867.7
323.5
325.5
321.7
328.0
362.0
360.6
928.1
623.7
678.2
728.3
896.1
680.3
649.8
701.4
966.7
488.7
430.5
484.8
347.5
879.1
326.0
511.5
502.4
862.9
558.8
678.6
880.7
621.0
636.3
749.1
589.6
869.7
704.8
898.7
1053.2
1044.0
1088.6
1039.8
1269.4
1142.6
1202.1
1004.6
1270.3
1015.2
1381.2
1556.9
1486.4
1431.1
1421.4
944.3
1002.4
1071.5
720.2
988.5
1108.9
1046.1
978.7
1206.3
1115.9
1136.7
1225.5
1211.4
1013.6
1017.8
1359.6
1519.5
980.9
1551.8
921.2
1621.8
1536.7
1086.2
1192.7
874.2
1376.3
1044.8
1029.6
695.1
608.3
377.9
867.5
333.5
410.7
442.5
344.4
862.9
390.2
479.5
491.0
560.7
523.9
865.9
458.6
350.8
532.5
865.1
567.5
655.6
867.8
819.4
730.2
671.3
658.9
862.9
901.1
898.9
885.7
1014.8
1100.7
1198.5
939.0
1257.8
970.2
1296.6
1458.0
1330.8
1729.1
899.0
1258.7
1447.9
1052.3
1052.9
1092.9
943.7
1063.4
891.2
344.8
322.0
456.4
433.4
419.2
395.5
864.9
368.4
495.6
442.5
865.8
322.4
321.4
1010.3
696.5
763.9
847.7
982.6
900.1
615.1
906.3
952.0
913.8
930.6
488.6
740.7
900.4
941.4
846.1
896.2
812.1
890.8
930.0
854.2
800.2
657.2
930.7
366.4
438.5
414.6
594.3
715.1
929.3
686.1
583.3
894.2
666.8
750.2
604.1
522.3
424.4
963.8
626.0
863.7
600.4
651.5
711.4
537.0
404.8
865.2
320.8
322.0
435.8
433.8
320.9
863.8
479.9
538.5
883.3
691.1
587.6
651.2
866.5
602.5
605.0
407.9
530.0
415.4
877.7
321.5
332.8
370.6
875.2
323.4
320.8
392.9
721.0
641.8
985.1
698.2
742.7
813.5
958.4
675.6
642.8
411.6
1215.3
320.8
322.8
862.4
354.6
480.1
480.2
644.5
519.6
879.3
323.3
408.0
862.6
423.4
471.9
369.0
397.5
367.8
866.7
743.8
830.7
1052.4
883.7
885.7
888.7
1022.6
941.5
1047.2
946.8
1060.1
486.3
678.2
581.3
325.9
320.9
861.9
435.6
396.4
442.2
513.8
607.6
903.9
554.2
865.3
886.3
917.7
867.2
884.7
1062.0
913.2
808.7
593.1
872.2
321.8
325.5
322.8
322.1
863.8
323.8
321.2
322.7
321.1
862.2
321.2
570.8
459.1
735.0
983.7
934.5
947.7
996.8
981.2
870.7
982.7
790.4
903.3
796.2
989.2
518.5
885.7
651.7
478.3
442.3
876.1
346.5
321.4
338.3
320.9
321.0
382.7
866.5
377.2
339.4
327.9
323.9
886.7
607.9
705.7
863.5
786.5
714.8
867.8
721.5
684.7
760.6
445.3
561.4
392.6
864.1
321.3
892.2
322.6
1219.9
1237.9
1245.7
1325.2
1199.4
1506.8
1574.3
1587.8
1615.0
1658.7
1685.8
1695.2
1595.3
1335.4
1117.9
863.8
735.0
666.3
579.2
511.0
397.3
686.2
739.7
936.2
745.2
670.3
605.8
593.6
1063.6
375.8
995.0
321.9
370.3
570.1
1050.8
824.2
920.0
875.5
1040.6
1008.1
842.0
1089.0
1100.9
876.3
1053.2
1161.9
1095.2
1266.9
963.7
845.1
929.4
1220.2
1103.9
1026.1
553.0
660.5
545.1
864.5
755.7
762.8
636.8
551.2
865.5
322.5
323.2
422.8
326.6
514.5
863.5
579.7
655.5
667.2
624.6
878.7
323.3
385.9
864.8
408.0
322.4
449.7
325.3
369.8
864.1
866.3
323.8
428.7
416.7
543.9
938.5
733.0
832.5
911.4
878.3
916.9
603.5
605.9
361.1
322.2
943.9
322.8
321.9
323.2
863.3
443.9
479.5
517.4
683.6
869.3
619.5
552.1
452.0
531.0
876.2
648.6
489.0
869.6
414.0
742.5
654.3
771.6
598.7
864.2
604.9
332.9
342.4
862.3
575.9
571.7
583.6
647.6
482.4
867.6
530.0
432.7
864.8
321.5
469.5
583.7
625.5
673.5
1063.2
1009.9
1001.3
1190.8
951.4
1078.6
1090.0
1249.2
1011.3
1175.4
1219.8
1228.4
1025.1
1260.1
941.7
1148.4
1521.6
1349.3
1081.0
1236.8
1368.7
928.3
1212.3
1498.9
1187.8
868.4
1140.1
1360.0
1182.5
911.2
1139.0
1057.5
862.5
1011.4
734.9
657.0
466.4
322.4
866.5
321.3
322.8
321.7
324.0
324.9
862.1
525.2
527.1
497.4
869.2
692.6
509.5
766.7
870.3
590.0
579.2
743.3
586.7
715.1
671.6
928.7
671.3
947.4
543.7
639.6
683.6
862.4
580.3
381.9
414.3
984.6
983.5
936.6
1125.3
959.1
961.1
1002.1
927.1
1126.1
603.2
392.9
1074.3
344.1
320.7
865.2
321.6
377.9
372.3
335.5
873.8
367.1
469.5
396.7
400.5
908.6
552.2
739.1
738.2
789.6
974.1
946.8
1025.7
1091.6
1218.1
1272.1
1057.4
1086.7
1330.2
1041.7
1267.9
1229.4
1005.1
1156.2
1046.0
1333.9
1419.9
1509.2
533.7
820.4
888.4
440.3
519.4
567.6
607.5
704.7
877.0
951.6
728.1
473.3
419.2
865.8
520.3
391.4
368.0
363.7
411.0
320.8
866.4
348.9
345.0
900.4
335.1
401.7
478.0
546.9
486.4
863.4
420.8
875.2
333.3
426.3
338.0
320.7
873.7
456.7
398.4
571.8
539.3
866.7
323.7
321.4
321.9
322.8
862.2
329.6
889.1
485.0
564.3
559.6
449.5
587.9
602.0
863.1
377.8
322.2
878.0
325.8
335.8
323.4
410.3
408.4
863.7
321.5
472.5
450.6
890.5
511.0
435.5
502.3
580.2
885.2
396.3
499.5
461.1
867.3
325.1
338.4
324.0
387.7
874.7
382.4
366.0
866.7
594.5
615.5
637.2
996.4
839.3
927.4
1052.8
1063.4
1076.9
1158.6
1053.1
1076.0
1010.8
915.3
891.0
809.1
984.3
640.7
558.6
619.9
612.2
457.0
513.7
865.5
321.4
320.6
862.7
402.4
321.4
395.0
337.8
443.2
912.1
439.9
405.7
373.7
384.5
863.2
369.8
383.9
406.4
875.8
356.6
428.0
421.9
863.2
370.9
322.7
411.5
404.9
863.6
582.5
600.0
481.6
878.2
602.9
533.5
399.8
862.6
321.3
370.0
468.1
536.7
608.9
868.4
323.1
863.2
448.7
446.1
485.4
551.6
864.3
602.5
550.4
369.0
324.4
867.1
322.8
332.2
863.2
330.3
321.9
329.3
866.8
356.9
562.8
549.4
874.9
838.4
830.8
761.6
827.7
814.1
877.8
685.9
617.0
321.6
873.4
362.8
324.8
354.9
323.8
544.4
726.5
1063.8
939.2
806.6
839.5
753.8
916.2
1057.4
896.3
1035.0
957.6
1096.9
973.5
680.3
873.8
1063.9
978.0
970.7
1183.3
820.2
717.1
874.7
404.5
358.8
385.1
359.0
365.4
406.7
863.8
355.4
862.7
321.4
443.4
455.0
399.5
952.4
705.1
766.4
810.9
888.1
716.6
789.4
946.8
