333.4
348.2
504.1
428.8
885.3
621.0
880.2
861.5
594.6
871.4
950.8
726.1
902.1
955.1
1009.1
966.7
990.8
526.6
1366.3
438.0
1425.1
878.0
818.7
705.6
757.8
869.1
920.0
785.4
999.7
863.2
703.2
864.5
698.8
1051.7
878.3
1030.8
894.7
866.1
1027.3
801.0
761.8
917.9
388.0
867.1
417.0
322.8
412.2
321.7
864.2
321.4
321.0
323.3
862.6
344.8
322.9
345.3
321.8
322.8
322.4
863.6
489.0
413.8
604.2
598.1
862.0
386.9
322.1
877.6
377.9
323.0
864.8
322.4
323.1
321.9
321.9
322.7
865.7
335.2
323.4
326.8
322.1
875.0
321.2
322.7
322.6
866.6
440.9
490.6
533.8
583.3
527.4
875.7
322.1
320.7
323.5
863.9
361.7
421.4
567.6
592.5
869.1
340.9
386.4
382.4
322.0
883.2
322.4
869.9
320.9
376.3
392.0
401.6
361.7
862.7
537.8
606.4
900.9
524.9
663.7
542.1
432.0
1000.4
630.8
868.3
412.4
685.0
805.2
908.9
871.7
840.3
806.6
708.5
631.9
410.2
936.0
325.9
322.0
321.7
438.0
865.0
432.9
332.4
401.2
867.6
436.4
442.6
441.4
324.4
327.8
543.9
862.3
436.4
412.4
867.1
375.8
321.6
375.1
321.4
863.4
337.5
320.5
340.3
320.9
863.2
344.0
457.8
887.3
448.2
321.8
863.8
322.4
322.1
361.4
408.0
447.8
387.0
861.7
868.7
323.9
332.8
326.4
322.0
334.2
327.1
873.7
425.1
559.6
595.9
665.6
679.2
478.0
868.5
864.2
346.1
327.0
346.1
325.0
867.3
322.6
320.3
359.7
401.8
439.5
864.9
868.5
394.6
564.6
518.8
623.8
330.2
863.2
687.9
762.6
645.4
762.4
887.7
1058.4
900.8
1225.5
882.2
958.3
898.3
1026.8
1130.9
1030.2
808.5
904.1
452.4
866.3
320.9
412.9
336.4
399.0
548.6
865.4
561.1
624.4
650.1
699.0
866.3
695.1
751.7
557.6
903.4
789.0
688.6
886.4
587.9
576.9
394.0
489.0
356.9
338.3
876.6
862.6
401.6
321.3
397.4
322.5
476.6
862.6
470.4
329.8
861.7
452.4
413.9
582.3
493.5
420.0
321.6
876.5
321.9
426.2
863.9
573.1
394.9
674.0
867.7
456.4
702.7
511.4
485.9
863.6
634.7
841.7
775.1
875.2
862.6
980.3
850.4
866.7
823.4
803.3
721.1
877.9
868.9
767.9
658.8
754.4
667.2
780.0
571.3
862.8
868.0
323.2
399.3
379.2
428.9
362.4
333.3
862.4
327.4
450.0
440.4
867.5
321.3
323.0
521.4
643.0
940.9
675.6
731.9
867.4
712.5
746.7
744.1
487.1
940.0
489.1
513.7
495.9
877.1
586.2
743.5
652.4
756.4
644.6
863.6
534.8
347.0
866.6
325.1
322.3
481.8
595.6
471.1
619.0
866.0
515.3
471.9
462.2
865.6
436.4
369.7
321.7
863.6
367.3
551.6
468.3
506.4
548.0
867.5
321.2
863.8
320.8
385.0
347.1
416.1
864.3
320.7
354.7
409.4
495.9
510.2
866.5
420.9
361.3
508.0
883.6
423.8
321.1
325.8
322.2
862.3
322.3
322.7
321.9
877.6
349.9
348.1
620.3
863.7
592.9
628.9
745.6
865.8
700.7
601.9
388.2
320.8
876.5
326.6
323.2
872.6
429.7
659.5
671.0
613.1
485.4
606.4
863.8
372.5
372.8
467.0
463.9
879.6
322.9
331.9
321.5
862.7
560.0
649.2
715.1
743.0
1037.6
686.6
748.5
631.0
1014.3
324.8
1004.5
433.6
436.3
354.8
324.4
863.1
399.4
321.5
495.4
439.2
596.6
879.7
640.9
533.5
714.9
864.4
740.5
744.2
758.3
867.2
660.0
508.9
864.4
321.9
448.1
449.0
323.5
863.3
322.1
352.1
328.0
323.8
865.3
395.2
388.4
864.0
784.0
838.8
824.4
673.2
894.4
880.6
815.2
665.8
973.6
718.2
865.3
536.0
460.5
326.8
337.4
332.4
865.5
320.9
863.3
321.3
323.6
323.0
862.8
321.9
402.1
404.5
330.3
321.9
320.8
875.6
470.8
424.7
522.2
512.5
863.3
472.6
867.8
505.4
548.7
381.5
321.2
322.9
869.5
323.2
890.4
801.6
888.9
1058.5
1408.1
1566.1
1288.6
1601.6
1050.0
1639.9
1680.2
1695.2
1747.2
1446.4
1292.0
963.7
628.7
402.2
321.4
321.8
323.4
864.0
439.4
467.9
437.7
468.4
863.7
536.9
530.1
539.9
531.5
878.7
322.8
325.7
863.0
1541.7
1608.7
1684.3
1716.9
1824.1
1858.4
2133.4
2210.8
1462.9
1739.0
2187.4
2360.9
2399.8
2283.7
2484.0
2503.5
2236.5
1916.3
1927.7
1965.4
888.2
2121.5
881.7
1482.9
1335.4
1148.9
1326.6
1921.4
1044.2
1385.2
495.7
563.2
377.1
323.7
383.2
863.3
479.9
498.5
547.0
523.5
365.0
866.2
321.8
865.8
367.4
321.8
365.3
414.1
337.6
866.3
438.2
323.9
321.8
330.0
863.3
498.5
496.7
751.9
876.3
780.6
865.7
511.7
403.6
562.8
324.7
912.3
321.7
325.3
322.4
480.8
861.9
508.6
561.3
539.5
609.4
878.1
435.4
597.0
362.3
495.5
424.3
865.3
866.5
582.0
638.6
731.7
730.8
543.6
562.0
874.3
328.2
322.9
436.6
484.7
864.9
527.4
593.5
418.9
473.9
938.2
361.0
862.7
320.9
321.3
552.9
634.3
743.6
724.0
921.4
752.7
867.2
885.9
814.0
799.0
713.4
917.8
853.6
809.5
433.2
866.1
464.8
368.2
577.6
865.7
829.1
865.9
866.7
730.1
1002.4
827.5
597.3
551.8
425.4
321.4
417.6
862.6
322.0
373.2
332.6
884.8
349.2
323.5
322.6
862.4
321.0
864.3
323.5
323.2
325.8
322.5
474.6
408.3
862.1
541.8
555.5
630.0
869.0
554.0
551.5
407.4
321.9
879.9
368.4
426.5
496.5
510.7
457.2
871.4
372.8
409.2
352.7
872.1
323.3
322.5
881.8
619.6
598.2
863.0
957.4
866.5
910.4
898.6
1043.7
1054.3
868.7
752.5
322.8
864.2
323.5
321.4
878.4
322.3
358.6
362.3
326.1
864.2
495.5
393.0
490.0
385.2
862.7
575.3
723.7
645.2
773.7
877.4
834.0
830.3
865.4
563.6
582.0
830.9
894.7
981.7
815.2
882.4
899.7
967.9
885.8
864.7
789.7
788.7
869.0
376.6
323.9
324.0
560.1
862.4
620.0
671.1
699.4
601.3
613.9
875.5
429.8
321.4
322.7
875.7
323.9
322.7
420.8
376.2
465.9
867.2
322.0
323.2
864.6
322.6
323.5
404.9
369.9
435.5
863.4
329.7
877.4
352.1
424.6
383.9
418.2
353.6
863.6
448.7
445.2
421.9
878.1
322.1
322.9
321.8
322.9
321.4
864.2
469.3
458.9
472.9
446.5
867.0
416.4
360.7
344.3
877.5
321.8
868.5
320.8
321.3
452.6
394.7
376.8
862.8
323.0
322.0
321.4
867.6
323.1
458.7
401.8
465.4
364.7
873.2
338.2
330.3
865.6
323.1
325.4
325.8
871.8
470.5
451.0
503.4
613.7
935.9
488.2
596.4
523.5
947.1
725.4
695.4
744.1
716.1
875.1
960.5
986.9
580.3
942.7
768.7
764.8
867.7
462.8
322.5
428.5
510.8
418.9
509.4
862.6
371.5
322.1
378.5
344.8
911.2
398.5
329.3
863.2
390.5
393.8
400.8
866.9
413.5
347.5
431.8
379.4
398.6
488.9
869.5
324.9
355.9
872.6
502.9
438.6
864.8
539.9
448.9
644.8
702.7
474.1
882.1
640.4
467.5
378.9
862.2
327.4
328.6
327.0
439.3
432.3
863.9
323.0
322.3
321.8
862.1
322.0
321.8
454.6
405.5
445.2
863.6
322.0
321.2
326.2
879.9
874.4
321.9
321.4
335.7
321.9
362.1
475.9
468.3
354.6
974.0
408.4
509.3
970.4
594.2
565.6
397.5
495.8
883.1
321.4
322.6
863.1
321.8
337.5
461.2
488.0
551.5
863.4
627.9
525.5
669.2
867.5
756.7
574.7
466.5
548.7
879.3
887.7
453.3
590.7
505.9
684.5
641.9
392.9
863.4
421.1
867.0
321.8
347.4
377.8
400.9
322.3
447.4
443.7
864.3
887.0
508.8
481.2
477.9
514.2
459.4
864.3
575.5
667.7
768.2
689.1
640.9
868.8
