879.7
528.9
467.8
584.1
465.5
380.0
499.8
438.7
321.4
881.4
425.3
661.0
700.5
1132.8
747.0
644.0
622.6
902.4
325.3
1120.1
321.8
322.4
321.9
451.4
542.0
879.2
545.4
444.4
327.8
876.2
334.7
323.3
322.6
323.9
873.8
346.0
410.7
512.0
539.3
455.8
866.6
868.2
321.7
322.1
321.8
322.9
330.4
864.3
323.2
322.4
322.0
322.7
865.6
323.3
322.1
322.1
324.8
864.6
322.4
864.8
451.5
522.7
526.6
495.8
385.4
866.8
322.7
321.4
321.9
873.8
321.4
321.8
321.5
867.7
321.3
323.3
323.4
323.4
322.4
321.3
863.2
863.2
322.4
324.0
321.0
321.9
323.7
465.5
494.1
374.5
864.2
877.0
321.4
332.8
323.5
408.9
449.9
870.5
439.5
409.4
879.3
371.8
334.4
368.6
322.6
321.2
864.1
320.7
874.0
321.8
429.3
446.9
343.0
321.9
863.6
323.8
326.1
339.6
336.2
862.4
361.5
350.5
330.3
868.5
322.8
321.8
864.8
494.9
440.3
492.1
455.3
327.4
332.5
863.0
322.4
321.8
864.2
321.4
371.9
322.7
379.2
862.5
322.1
324.1
322.2
321.5
322.2
864.3
321.3
324.4
385.6
869.0
376.8
878.4
367.9
447.2
540.9
395.7
862.5
441.0
382.7
390.6
321.3
321.5
875.9
322.8
324.9
321.9
862.2
322.4
321.9
318.9
384.3
864.7
402.0
346.4
321.8
873.3
322.5
322.0
323.4
369.3
866.4
363.8
323.4
421.9
493.8
566.8
873.9
486.6
382.5
375.8
879.7
321.8
322.4
322.0
862.3
321.9
322.2
322.0
884.4
430.9
464.0
425.9
867.7
348.0
323.1
370.5
342.4
875.7
345.9
320.8
431.4
412.9
376.1
882.6
322.3
321.0
870.7
447.7
484.2
508.5
579.6
563.5
911.1
364.4
326.2
893.6
322.1
321.4
346.9
322.4
346.4
867.6
880.5
541.8
420.8
455.2
523.4
862.7
346.5
452.0
512.5
413.3
385.9
465.8
874.2
322.5
347.1
404.5
862.1
422.7
321.8
322.3
863.7
322.6
322.3
321.3
864.2
322.9
322.0
327.7
862.3
328.7
324.0
323.6
364.9
401.1
368.3
863.5
325.7
322.7
866.3
321.2
370.7
363.8
322.3
863.1
331.6
363.5
338.9
379.8
877.2
452.8
420.9
567.5
551.0
322.5
925.0
321.3
890.8
322.6
322.6
323.2
322.1
320.8
873.2
327.9
447.0
554.4
459.6
870.8
321.0
868.9
324.8
322.4
322.2
322.3
321.2
873.5
320.6
330.4
440.3
434.9
864.9
322.9
321.7
865.1
328.4
417.7
329.4
482.4
390.4
354.2
878.8
324.1
495.9
1015.0
321.9
469.1
459.6
321.1
878.3
481.8
528.3
572.9
881.9
436.4
326.4
321.6
863.1
322.0
864.8
532.7
534.2
653.0
649.6
421.4
321.9
866.6
323.4
326.0
321.7
870.2
325.4
322.4
321.9
870.6
326.6
352.9
337.8
322.3
878.6
321.9
322.6
322.4
407.9
404.6
863.2
863.2
322.7
322.8
337.4
357.4
341.2
321.3
865.3
324.6
321.9
877.8
326.9
327.3
321.3
322.4
868.7
334.4
321.8
862.7
321.9
576.5
564.5
327.7
373.0
393.7
426.5
321.9
888.0
876.9
321.4
321.3
321.3
324.5
865.0
322.0
346.0
375.4
381.2
352.9
359.9
868.2
877.1
326.8
333.0
321.8
328.4
321.6
863.2
321.3
320.9
323.1
529.4
878.7
659.6
640.1
714.1
887.7
510.0
637.4
452.3
867.6
324.4
321.5
321.8
865.6
322.3
322.6
323.4
323.1
329.0
322.9
863.6
322.8
876.9
510.9
447.4
451.4
485.2
508.4
462.9
870.4
321.8
358.1
910.4
321.8
329.3
322.1
862.5
321.9
321.3
321.4
862.4
321.4
322.9
332.5
345.3
321.3
436.4
379.9
874.9
399.3
360.9
869.7
322.4
411.9
339.8
440.4
863.8
321.4
876.8
321.3
320.8
321.7
322.6
861.6
322.4
321.9
875.2
322.3
329.6
324.3
323.9
322.4
322.8
865.7
322.4
348.3
866.2
538.4
509.0
544.5
472.0
871.3
321.4
321.3
322.9
876.3
321.3
321.8
321.9
321.3
864.6
330.4
323.3
322.8
411.4
875.9
404.3
381.7
332.8
375.4
321.7
873.0
323.0
321.9
879.0
321.8
321.8
322.9
874.8
321.8
323.0
865.3
455.5
407.3
459.3
495.7
347.4
322.3
886.2
382.4
363.4
877.8
322.9
323.0
322.2
345.3
880.0
491.0
679.9
660.1
588.6
626.6
879.7
405.3
865.9
354.9
434.1
450.5
360.2
866.7
322.8
321.3
468.5
453.3
424.5
866.1
323.7
329.8
321.9
862.2
327.1
321.3
324.2
321.9
868.0
321.9
862.2
321.4
358.4
352.8
321.9
327.9
458.3
456.2
869.2
322.2
866.7
329.8
322.3
321.8
321.2
321.1
862.3
322.4
332.9
881.1
324.3
321.2
322.8
590.5
888.8
588.5
647.7
592.3
660.6
866.8
321.9
325.3
322.5
862.6
323.8
320.8
322.6
873.7
321.8
324.7
321.9
350.9
354.2
326.0
862.6
322.4
878.0
360.8
420.5
463.0
321.9
866.5
485.5
450.3
530.5
446.5
392.3
867.8
372.7
325.4
322.8
868.2
499.1
353.6
498.7
467.2
881.7
321.7
322.4
321.3
864.4
322.3
413.0
508.6
601.9
881.7
560.1
376.2
367.9
908.6
321.8
454.4
505.8
449.7
487.9
863.1
324.5
867.6
321.8
321.9
324.3
325.5
21.2
368.4
410.9
863.4
361.0
518.9
446.2
326.1
863.7
327.4
324.9
324.0
320.8
324.3
874.4
324.4
322.9
862.8
323.7
336.8
320.9
324.7
877.1
336.5
322.2
321.6
322.4
865.1
323.7
322.8
329.4
322.3
336.6
887.7
322.6
339.0
879.9
322.6
323.9
328.4
320.9
321.4
881.7
322.2
880.7
339.2
321.7
345.7
323.4
321.8
862.1
321.4
499.4
751.1
725.7
1019.3
702.6
840.9
664.6
744.5
982.8
412.9
905.6
322.9
322.2
321.4
323.6
863.0
323.4
321.9
324.6
870.2
321.9
329.9
322.4
333.4
322.4
866.7
334.4
324.1
468.0
505.0
914.4
558.4
444.7
879.5
322.5
321.1
352.2
335.9
864.2
348.8
415.6
450.5
536.0
443.3
378.8
871.0
323.9
880.2
323.4
321.9
867.0
324.6
678.4
897.9
900.0
1066.7
1132.1
1238.9
1071.8
1287.6
1304.0
729.6
812.1
328.9
321.6
862.0
321.5
321.6
321.9
864.1
325.5
323.2
321.9
862.2
413.1
438.3
450.5
395.5
881.2
322.3
325.5
323.1
864.8
321.9
323.7
321.7
354.9
325.8
348.4
867.9
322.1
880.1
346.6
321.8
427.6
374.8
883.1
334.3
373.4
322.8
323.5
425.1
875.3
413.3
323.1
862.8
322.5
322.7
864.1
441.3
485.4
474.1
417.9
349.8
397.4
864.0
419.9
322.2
383.9
375.8
372.1
862.2
321.3
377.3
379.9
867.2
322.9
321.5
868.4
326.3
321.7
322.5
867.7
329.5
321.8
328.4
321.4
862.8
334.3
322.4
412.7
515.5
650.6
403.9
864.0
365.8
887.0
376.4
376.9
321.4
863.2
322.4
322.2
324.4
321.4
862.6
324.1
322.0
322.4
321.9
863.7
321.6
331.3
326.9
862.2
321.8
321.3
333.4
320.4
864.6
320.8
321.9
322.4
876.7
320.9
322.3
390.4
862.7
321.9
401.2
322.1
319.9
323.1
861.7
497.6
377.6
432.9
321.4
865.2
324.9
322.6
880.0
321.9
323.4
321.8
393.3
390.8
881.6
878.7
321.6
382.6
389.4
450.7
869.7
412.9
580.4
571.1
441.9
878.6
323.0
321.9
323.7
322.0
864.7
325.8
325.9
321.5
872.6
328.1
405.4
405.2
322.9
336.4
900.4
420.2
364.4
431.4
324.9
879.2
322.1
865.0
322.5
321.2
322.4
330.2
322.9
874.3
413.9
401.4
329.3
352.7
360.4
889.9
321.7
880.0
409.5
320.3
410.4
325.9
865.1
324.6
322.1
420.5
384.8
447.7
862.6
320.8
321.9
863.1
326.5
324.3
321.4
333.1
862.6
331.4
326.2
324.8
862.6
322.3
379.3
385.8
321.8
865.6
333.4
557.6
520.4
575.5
518.7
862.1
866.1
