334.1
323.5
388.1
379.9
877.2
322.3
328.3
322.3
880.6
322.9
522.4
878.8
463.7
563.9
536.0
877.3
875.0
695.4
670.0
322.7
862.3
320.9
321.4
323.2
388.0
353.3
411.5
866.8
321.4
881.5
413.4
372.2
455.4
321.9
322.5
863.3
322.9
330.7
402.5
396.6
330.1
878.0
322.8
862.7
321.3
321.7
321.4
863.2
321.3
325.2
321.2
321.2
863.8
320.9
321.4
321.4
865.2
322.2
321.3
333.7
419.5
410.1
610.4
1007.1
321.3
879.7
326.1
327.3
322.6
877.6
324.4
324.1
322.3
322.4
863.8
323.1
321.3
321.5
321.3
861.8
321.0
321.3
322.3
335.3
863.3
325.4
321.3
322.5
363.8
364.1
879.7
869.4
321.3
321.4
321.8
321.8
369.4
360.8
396.9
868.5
901.7
322.4
322.0
321.2
323.4
334.1
332.9
873.2
321.9
322.2
321.4
324.7
862.3
327.3
865.2
348.6
390.4
398.9
322.8
864.9
412.9
369.3
451.4
863.2
320.9
408.8
407.4
426.7
389.9
353.9
878.8
322.4
323.0
863.4
321.4
322.8
861.8
321.8
421.2
384.3
355.6
862.5
322.0
320.7
323.2
322.5
874.0
322.4
327.5
325.5
322.9
322.9
321.5
874.4
323.8
325.1
322.0
863.0
321.3
322.8
335.3
872.1
321.1
321.9
869.7
333.3
328.6
336.0
863.2
321.8
322.3
321.8
321.4
321.5
332.6
864.5
321.0
877.2
323.1
332.7
321.9
322.4
333.6
875.2
323.9
326.1
321.8
388.9
380.4
883.5
323.7
322.7
887.7
328.0
337.9
322.7
863.2
321.8
322.5
862.9
321.3
323.2
566.2
774.2
843.5
846.8
850.3
888.5
643.6
877.1
321.5
320.3
347.8
333.5
325.0
862.7
321.9
322.6
321.2
862.2
546.0
554.4
478.8
419.9
868.2
322.4
877.6
321.4
322.1
321.6
325.9
322.4
322.2
322.5
863.2
474.0
517.6
518.8
465.4
863.0
321.4
336.3
341.6
865.8
321.5
321.2
879.7
322.9
323.3
321.3
322.3
864.2
321.4
322.2
874.4
320.6
321.7
321.2
873.2
321.9
321.3
322.3
322.3
863.7
321.3
322.5
333.1
336.0
321.3
864.7
324.0
321.4
874.5
333.3
454.4
461.5
321.4
862.8
322.8
322.0
322.9
321.5
862.6
417.5
636.5
592.2
673.6
598.7
862.2
321.8
322.4
320.8
930.0
323.3
321.9
321.9
862.2
328.3
421.7
437.1
335.3
863.6
323.5
865.7
321.8
322.3
322.3
321.9
878.1
321.8
322.4
334.0
337.0
340.3
862.7
324.3
321.4
865.5
420.3
413.2
325.4
323.1
321.3
890.2
320.1
321.2
895.1
321.1
361.0
368.0
399.3
321.7
863.7
331.4
323.1
324.1
331.6
872.9
321.8
322.2
867.3
321.4
332.3
322.6
517.1
418.9
423.6
876.4
321.5
867.7
323.6
322.6
321.9
866.3
321.4
324.6
324.3
420.3
322.4
415.7
875.9
321.4
867.7
324.5
321.8
323.3
322.3
321.0
863.1
320.8
321.3
345.8
863.2
363.5
386.4
320.9
874.4
322.6
321.7
862.7
322.7
333.3
321.4
321.2
323.8
873.0
322.3
321.9
321.4
321.2
321.9
862.5
434.0
415.9
361.9
361.4
868.8
872.0
322.8
334.4
322.7
320.9
322.8
925.7
332.8
353.8
362.0
322.3
865.9
333.8
327.9
321.4
321.8
873.2
321.3
326.5
869.7
322.4
333.0
321.9
354.4
415.9
384.8
402.4
888.7
321.7
321.9
880.2
322.8
863.3
321.3
321.8
332.4
862.2
320.8
321.9
321.8
322.4
321.3
863.4
333.3
322.3
935.3
404.3
420.3
407.9
424.0
426.9
322.1
322.0
874.1
324.4
867.9
320.7
321.8
325.2
863.2
321.3
321.3
321.8
322.4
874.2
322.3
321.5
321.8
441.2
411.8
513.0
901.4
328.2
326.2
881.8
322.6
329.1
323.4
325.1
874.8
321.5
322.4
863.9
322.4
323.4
337.5
862.2
322.4
321.4
322.5
322.2
869.3
322.7
321.5
321.0
332.3
875.3
324.9
326.4
403.4
490.4
420.4
863.7
517.7
528.0
584.9
655.9
864.1
321.4
334.8
870.6
322.4
321.6
864.0
324.8
442.9
436.6
321.3
325.6
864.6
327.7
323.3
323.1
324.5
321.0
876.4
322.5
865.7
322.4
325.4
323.0
323.1
862.2
321.3
332.6
404.6
449.0
499.4
874.2
346.8
386.4
323.1
378.4
890.7
893.7
321.4
321.4
321.8
322.5
354.4
865.1
583.8
613.5
488.3
455.0
886.6
324.8
332.5
322.4
321.9
321.9
889.7
322.9
883.8
320.2
343.4
391.6
433.6
861.7
322.7
322.4
322.4
321.4
864.2
326.0
321.4
322.9
867.0
322.5
321.9
322.2
323.9
322.4
862.4
429.4
326.9
441.9
355.7
875.7
324.4
322.9
862.6
323.1
322.0
321.2
862.7
322.7
321.4
873.7
322.1
323.1
322.1
322.1
439.1
505.3
563.7
482.0
928.7
879.9
325.0
333.3
333.8
864.9
322.4
321.2
354.4
873.2
322.1
323.1
325.8
335.9
321.4
320.9
863.6
322.8
875.1
325.9
482.5
523.6
397.6
861.7
478.3
383.4
469.4
386.4
873.2
324.7
324.1
321.2
321.9
862.7
322.7
364.7
375.6
329.3
863.5
322.5
336.4
321.8
872.2
321.1
320.7
369.6
390.2
446.7
337.9
875.0
320.9
322.0
889.6
323.4
409.7
322.8
402.1
885.9
342.1
863.2
321.3
321.0
321.9
321.9
862.8
418.6
392.9
493.6
324.4
359.2
866.7
322.6
873.7
321.2
321.3
322.4
332.1
323.6
863.1
322.8
321.5
321.6
863.7
321.7
321.8
322.1
864.0
322.6
323.7
321.8
321.9
908.2
322.3
333.7
328.6
325.3
320.3
865.2
325.9
321.7
876.8
321.6
321.8
321.3
321.4
322.4
331.9
915.1
913.8
321.7
332.9
321.9
321.2
321.1
873.3
321.4
336.8
348.9
427.4
374.7
596.0
869.2
399.1
549.5
433.4
877.3
863.8
321.8
322.4
325.0
322.4
863.7
331.2
321.8
322.9
875.4
324.4
360.9
332.4
370.9
322.0
862.7
321.9
332.9
508.5
434.7
533.7
530.4
877.2
323.4
893.7
321.8
322.3
322.0
322.5
863.9
359.4
447.3
438.5
353.4
863.7
322.6
325.8
876.7
321.3
322.9
324.5
394.1
339.3
865.7
384.6
321.4
321.3
321.7
873.3
321.7
323.4
862.7
321.3
322.0
322.8
869.2
417.6
350.9
403.4
864.2
324.2
321.4
322.5
327.9
865.4
394.4
424.9
365.3
884.3
321.4
322.5
322.3
321.9
865.2
323.2
322.4
321.9
336.9
323.1
938.1
322.5
321.6
332.4
865.3
329.4
325.3
324.3
322.6
948.8
321.6
878.7
426.4
406.1
341.4
322.0
864.2
322.9
321.9
321.6
342.4
322.9
334.4
864.5
321.8
351.8
321.7
878.4
322.7
332.9
323.9
323.5
862.2
321.9
322.4
321.6
865.7
325.3
322.4
862.7
364.3
381.9
424.9
863.1
366.4
364.2
409.4
322.3
863.3
321.0
407.9
333.6
456.2
428.9
329.1
862.1
322.5
867.2
322.8
466.7
471.0
875.1
321.8
325.1
321.3
322.5
866.9
324.0
321.3
322.1
323.2
862.6
321.9
322.0
322.6
864.2
322.2
322.8
323.3
338.4
873.8
324.7
333.9
321.8
865.8
405.4
422.4
330.2
326.4
322.5
864.2
323.3
321.3
321.4
873.5
322.2
418.2
425.4
863.2
322.3
322.2
323.7
864.5
322.5
323.4
327.8
322.8
418.0
401.3
880.0
874.6
321.0
415.9
419.1
322.6
331.1
325.3
336.3
888.1
867.2
322.7
321.0
323.8
322.6
867.2
321.8
333.3
323.5
863.8
348.9
417.4
419.3
336.9
323.3
873.4
407.3
332.8
400.9
322.1
877.7
327.4
321.8
863.9
321.3
322.4
321.4
432.4
330.4
443.1
864.1
320.8
322.4
321.8
322.5
888.8
873.0
339.6
331.9
346.7
351.5
874.9
399.3
372.4
367.4
322.2
322.0
863.8
326.9
322.4
864.6
322.2
325.5
323.4
321.9
862.2
378.0
322.9
375.4
873.7
361.4
322.4
369.4
872.7
322.8
375.9
322.3
440.6
570.5
445.9
409.2
873.1
