333.4
333.3
332.9
875.1
322.2
402.4
323.1
333.4
873.9
322.0
322.2
332.6
322.3
444.1
439.4
862.1
322.6
320.9
873.0
321.3
322.8
875.0
322.8
321.2
322.1
333.3
322.3
874.0
332.9
323.3
322.0
332.4
876.1
322.3
324.8
326.2
323.0
328.6
873.9
322.4
877.2
321.9
333.8
332.8
874.1
322.5
322.4
321.8
872.7
334.2
322.3
322.0
332.8
875.2
332.3
333.6
333.2
863.6
322.1
321.9
23.3
332.6
332.5
875.5
324.5
321.5
322.3
863.7
322.4
334.5
331.5
875.3
333.7
332.1
323.2
877.1
321.2
332.3
321.1
335.8
875.1
332.2
335.4
322.0
877.2
333.4
322.8
324.0
332.1
321.4
875.2
323.7
321.6
862.1
323.2
333.1
323.3
320.9
320.9
333.4
874.7
322.4
863.8
322.8
321.3
322.1
321.7
863.4
335.4
324.2
332.5
874.4
332.3
322.0
322.1
325.9
323.1
863.7
322.5
322.0
322.1
332.4
876.1
322.2
322.8
322.1
872.7
323.4
321.3
321.1
879.9
321.8
321.3
322.7
874.7
332.9
332.4
322.3
321.4
874.7
325.6
323.8
346.9
886.6
335.5
332.9
323.5
862.1
333.0
323.3
322.0
322.4
322.0
865.0
332.3
320.7
862.7
322.4
334.9
323.1
321.8
874.4
323.5
332.6
323.4
333.4
874.0
323.3
323.0
343.2
862.5
321.8
332.9
332.3
349.5
880.2
322.3
332.1
333.0
875.1
332.4
323.1
321.9
873.0
322.3
323.4
322.3
332.3
322.3
875.3
333.8
407.9
863.7
322.8
332.3
320.7
323.6
887.2
322.6
332.3
332.6
324.0
875.6
323.7
321.8
333.8
322.2
875.1
322.4
322.7
873.9
365.8
332.9
359.6
395.9
873.4
333.9
322.6
321.7
321.4
322.3
875.1
321.7
321.6
863.8
321.9
321.6
322.5
873.1
332.4
322.9
334.9
323.4
334.7
862.4
321.9
322.8
325.1
321.6
874.0
333.0
332.1
868.4
338.5
324.8
322.4
864.5
321.4
334.2
332.3
337.4
861.7
377.5
322.3
322.4
874.7
334.0
329.4
360.4
333.4
321.8
874.7
322.8
333.4
875.0
321.6
333.1
322.4
321.8
873.1
335.2
332.8
322.3
321.4
332.3
874.1
322.5
323.3
874.7
322.7
333.2
322.5
862.6
341.9
352.6
449.3
434.7
331.9
873.7
333.3
334.9
322.7
862.4
322.0
324.4
321.2
874.2
416.8
321.7
410.6
862.9
333.6
321.2
322.1
332.9
876.2
332.3
333.4
321.3
323.9
862.2
322.5
334.2
320.9
874.5
321.3
332.9
323.0
322.2
874.5
323.6
320.8
333.2
875.1
322.9
324.1
321.9
873.3
332.9
333.3
322.3
336.4
332.3
874.6
323.1
321.4
875.5
323.3
323.4
321.4
322.8
873.2
323.5
321.7
331.8
321.4
863.1
322.3
322.8
321.8
321.2
874.8
496.4
409.1
873.4
322.0
322.2
321.8
321.8
322.9
897.4
322.3
321.9
874.8
333.9
333.5
322.3
331.9
877.0
333.9
321.3
332.8
322.9
874.0
322.4
322.2
332.3
875.9
321.3
322.8
321.6
872.9
321.8
322.7
332.9
322.3
872.6
321.6
333.7
332.3
862.0
322.3
417.4
416.8
482.9
321.5
876.2
321.9
322.9
873.6
333.8
321.9
321.6
333.4
321.9
333.4
874.1
321.6
323.0
862.1
322.9
332.5
322.3
323.3
862.7
321.8
323.3
864.2
321.5
322.2
333.3
322.5
321.9
873.2
322.5
333.1
321.5
862.7
323.1
321.4
322.4
322.3
873.3
333.8
323.1
873.3
321.6
333.6
332.9
322.3
323.1
874.3
331.8
323.3
322.3
873.2
321.6
321.8
321.8
863.2
323.2
321.8
321.8
873.1
321.4
332.4
321.3
360.1
873.3
332.1
332.9
332.8
886.0
321.3
321.9
336.3
332.3
322.7
873.1
320.9
396.4
862.2
322.9
321.7
323.8
323.2
863.4
322.4
332.4
322.4
873.5
332.6
332.1
333.3
325.1
873.0
321.9
332.6
333.3
322.4
874.8
322.4
322.2
332.4
322.4
863.7
322.1
323.0
333.8
321.9
865.3
323.1
322.0
333.5
874.8
333.4
323.4
874.5
321.8
322.8
332.3
332.9
324.4
873.3
322.9
332.4
862.5
323.2
321.7
329.2
331.6
323.3
862.7
322.3
332.4
861.6
322.8
321.9
322.5
335.3
873.1
322.6
322.0
322.3
322.4
874.2
321.3
323.0
324.4
321.3
333.3
874.4
321.5
874.3
334.2
322.5
333.5
323.7
334.2
401.3
882.7
333.2
874.0
322.9
322.4
322.8
326.7
321.7
863.2
321.8
322.3
865.1
407.9
407.4
505.4
320.5
918.9
333.9
332.8
322.0
862.2
322.3
333.2
322.3
321.4
333.4
875.6
328.1
333.2
321.9
874.7
333.4
322.2
334.8
861.2
322.3
322.5
324.0
875.2
333.9
321.6
332.4
322.3
891.3
332.8
333.3
322.4
862.0
332.9
324.7
333.0
321.1
325.8
325.4
332.8
862.2
322.8
874.7
322.1
338.6
333.4
874.0
334.5
337.0
321.6
873.2
333.3
332.9
321.8
321.7
888.9
323.1
322.8
321.5
332.1
874.1
322.4
321.8
321.8
322.6
325.2
863.1
320.8
322.3
873.2
333.4
322.1
332.4
322.0
874.3
333.0
321.3
873.1
333.0
321.8
320.8
324.1
874.3
332.4
333.4
333.0
320.9
875.1
322.4
321.8
333.9
321.7
863.8
321.4
331.9
323.8
872.6
391.3
333.2
323.2
874.2
322.9
384.7
391.6
322.7
323.1
874.6
321.8
332.1
863.7
321.6
321.9
335.1
864.3
321.8
321.7
321.2
321.4
863.5
324.4
321.3
337.8
874.9
322.3
334.1
333.5
383.9
874.5
335.3
321.9
324.7
861.9
321.4
322.8
333.2
323.4
874.6
323.6
464.0
475.2
878.5
322.4
337.9
333.4
322.9
321.4
873.6
323.9
321.7
865.5
322.4
323.9
322.9
323.1
874.2
322.6
336.7
322.8
862.2
321.4
332.1
322.4
332.8
866.9
363.7
322.0
322.9
873.5
321.8
332.9
333.3
321.5
874.2
323.4
323.3
333.2
322.5
878.3
321.7
333.4
323.4
324.2
876.6
321.5
321.6
321.8
332.9
873.6
322.7
321.8
863.2
322.3
322.3
332.9
875.8
343.7
333.2
337.6
321.9
862.8
322.4
334.4
322.8
862.8
332.9
340.7
333.0
324.2
321.3
873.3
334.0
322.2
321.9
862.2
322.9
323.0
322.2
870.7
322.8
337.4
322.9
321.8
863.6
321.6
322.8
322.6
885.1
334.4
322.7
321.8
322.2
879.6
323.4
322.4
332.9
323.1
875.5
322.3
322.8
873.5
332.2
321.2
332.7
332.8
862.7
329.0
332.9
345.6
875.7
321.3
321.1
321.9
334.0
874.6
321.7
322.3
324.4
321.9
874.8
322.8
321.3
321.4
873.1
333.3
387.3
338.0
322.7
867.2
321.5
410.6
437.4
862.1
322.1
331.3
327.0
323.7
875.2
322.0
321.7
320.6
863.7
322.4
322.7
321.8
332.4
322.0
874.7
333.1
321.4
323.3
873.2
322.8
327.8
874.5
321.4
340.5
335.1
341.8
862.8
322.0
332.3
321.3
334.7
335.2
877.3
321.0
322.8
863.8
321.3
332.8
321.5
332.9
863.1
323.6
322.8
322.4
874.6
322.3
322.1
334.6
874.2
322.7
332.6
333.2
322.1
321.9
874.9
323.3
322.3
321.7
862.6
321.9
333.8
322.3
875.3
321.9
332.5
321.4
863.7
321.8
332.5
331.3
336.4
321.9
875.9
362.1
322.4
873.7
333.3
334.4
324.1
321.8
320.9
913.0
333.0
323.3
321.7
874.2
333.1
324.7
332.8
873.1
334.3
333.2
322.1
874.9
336.0
333.5
321.3
334.0
876.0
333.7
332.9
321.9
322.0
875.1
21.7
322.0
333.6
321.3
895.7
332.2
333.7
863.7
322.3
322.5
322.1
321.7
945.8
330.3
323.6
322.6
325.7
861.9
333.3
323.2
324.8
332.8
321.5
873.8
322.6
323.7
862.0
321.4
321.4
324.2
332.8
872.6
321.2
321.9
863.7
321.9
327.6
333.3
333.0
322.4
876.8
332.9
333.9
322.0
863.7
331.4
325.4
334.8
874.6
321.8
334.3
332.8
322.7
885.9
320.3
560.2
370.1
324.4
864.2
