461.8
422.4
896.4
1205.5
1080.3
1425.7
1255.1
1361.0
1212.4
1637.9
1274.5
1367.1
1619.2
1601.1
1532.1
2446.5
2372.5
1309.3
1133.6
2007.7
2418.1
2776.7
2007.8
1565.2
2381.3
2095.5
2028.3
2676.0
3233.0
3311.8
3153.1
2209.5
2330.0
2768.0
3781.1
3432.3
3320.7
2811.0
3007.5
2445.4
2456.0
2025.0
1911.2
2630.8
1514.4
2072.4
2705.0
3748.2
4027.1
1657.7
3917.1
3359.1
2752.7
2670.5
3170.2
2205.0
2273.3
2128.5
2500.3
2049.3
2396.8
2100.1
1568.3
1827.7
1922.2
1956.3
2621.8
2441.9
1741.4
2660.7
1627.2
3099.3
2127.7
1260.3
2188.7
1670.3
1873.9
2070.6
1583.9
1765.1
2539.5
1159.2
1528.5
2008.9
1286.2
1186.3
1733.9
1398.7
1484.4
1789.5
1114.8
1534.6
2161.8
1208.4
1741.6
1501.9
1370.9
1239.6
2492.3
1698.3
2108.9
1819.9
2399.7
1709.5
2323.9
2305.6
1533.8
2121.6
2105.6
2521.4
1632.8
2242.1
1940.7
1736.8
2678.4
2587.7
2710.8
2422.3
2394.1
1545.2
2457.0
2810.2
1958.1
2730.6
2564.9
1354.3
2151.1
2968.0
2578.5
2463.5
2770.0
2332.9
1310.4
2473.7
2779.4
1161.6
3002.9
2545.6
2510.9
1437.9
2591.6
1339.0
2291.7
2477.9
2600.0
1287.9
2446.7
2233.1
2637.2
2154.5
2909.3
1512.7
1144.9
2637.5
2631.9
2923.0
2292.2
2786.7
1080.5
2726.5
876.4
2883.3
2348.9
2457.4
871.0
2605.2
2015.8
2308.2
2611.8
2210.8
2208.5
1889.1
1459.9
1737.3
1510.4
1809.7
1821.1
1575.3
861.6
889.1
1395.7
1067.1
1120.4
1076.6
1072.7
1243.2
1152.9
1139.4
1191.7
1548.7
1646.2
1029.4
1445.6
1113.1
2014.2
2307.8
1694.1
1376.4
2371.1
2096.4
1679.6
1871.4
2411.3
2367.6
1557.3
2126.4
2782.2
2175.3
2148.5
3224.3
2143.4
2803.7
2697.1
3507.3
2753.9
2439.4
3676.1
3103.9
3020.7
3155.6
3344.5
3157.9
3953.0
4446.4
3208.7
4371.0
3980.0
2745.6
3491.0
2934.9
3187.1
3425.8
3598.8
2923.6
3412.4
3564.8
3334.8
2980.6
3276.7
3561.7
3848.8
2955.2
3525.9
3065.1
4089.9
1764.0
3160.8
5548.8
3783.5
6744.5
4851.6
3932.8
4780.0
2084.0
6012.0
4463.7
3512.9
3945.8
3954.2
3249.5
3804.9
4050.1
5110.0
6191.5
6371.9
3188.0
3753.5
4662.1
4449.3
4639.7
4244.7
3338.0
5306.9
4575.8
4755.6
5668.1
4693.2
4806.8
4456.3
6248.6
5000.8
5516.6
4507.3
5786.6
4118.5
6443.7
5427.7
5315.7
4581.5
4620.7
5413.4
8029.5
4950.0
6067.5
4963.7
3794.5
5561.7
7092.2
6246.8
4322.5
6164.5
6815.2
4874.6
7129.1
4963.5
4598.2
6761.6
5121.0
6588.4
5841.4
6080.8
7592.4
4905.3
6304.8
5275.4
4145.1
5862.9
5611.2
6901.9
5637.8
5914.6
5061.7
6352.6
5155.5
6960.8
5425.6
5741.4
4418.2
6458.7
6674.8
4929.4
6057.3
5814.3
6125.0
7344.8
7286.7
6030.7
5259.8
4751.8
5054.0
8156.8
6967.9
4501.1
6804.2
7051.9
5871.4
5057.5
6058.4
6663.7
5707.1
6086.5
6914.7
8803.4
4886.4
6669.2
7888.1
4759.9
7723.1
5637.0
7327.5
3837.4
6130.5
6521.5
6614.4
8032.8
4338.1
3859.7
4808.1
7485.9
6253.8
7565.3
5486.8
5558.4
4247.3
4047.4
5818.7
7967.8
4249.5
6953.5
6037.7
7321.3
4442.4
4498.7
6755.2
4767.0
4990.1
6325.2
6530.8
7455.8
7806.7
5824.2
7414.8
5836.9
7447.0
4963.2
6414.4
6998.2
4643.4
7725.7
4066.0
4965.2
4548.0
7723.4
6114.4
7094.3
7363.8
4851.4
6006.3
4366.4
4649.5
4273.3
6111.3
7675.3
5832.9
4245.1
6602.1
7372.1
4578.4
6965.9
5421.3
6306.6
7127.9
5630.2
6963.0
4688.5
6577.4
6244.8
7374.5
6303.7
4215.8
3473.0
6629.5
4827.1
5198.3
5255.0
5172.1
7225.8
6852.4
5811.2
4251.7
7022.5
5387.2
6879.2
6350.1
3871.1
8505.6
6110.7
5974.5
8506.3
6962.1
6228.4
3511.4
2724.0
3753.7
7071.1
7573.1
5028.9
5925.1
3571.4
7260.9
4099.1
3652.7
7394.3
8012.5
3397.1
7086.6
6662.6
7326.9
5742.6
5618.1
5705.8
4339.9
6120.2
5575.5
3211.3
3454.4
6621.6
5969.6
5456.6
3202.8
3154.0
3087.2
7256.4
6188.1
2893.1
7367.7
7429.5
8403.0
7351.7
5449.9
5494.9
6012.3
4513.7
3831.7
2792.7
1935.2
7133.2
2722.7
8122.2
3216.2
5903.0
5884.2
5840.8
2201.5
5388.6
4735.8
5212.5
5912.9
5491.9
2158.8
3627.1
6435.7
6221.6
1823.9
3873.3
1971.2
4374.6
6532.3
2004.4
4239.8
5032.4
8885.3
5877.0
7171.1
5662.0
5076.5
4392.1
6973.5
4218.6
1989.2
2561.4
6782.6
2133.4
3358.2
2257.3
3030.2
4395.8
2235.8
6540.2
5341.5
7785.8
2517.6
3297.6
5591.5
2183.1
5601.6
5789.1
4090.7
2155.3
6339.1
5554.6
4424.9
4529.6
7041.9
3508.9
1838.6
2887.3
5695.9
6628.5
4794.9
5047.8
5835.1
1801.2
4449.6
2012.5
4853.5
4662.2
1728.6
5483.5
5153.8
7922.7
1844.5
4944.1
5072.3
1497.0
2070.6
4968.6
6989.8
1730.9
3659.3
6735.7
5685.9
1992.9
1510.1
2166.5
3990.8
1295.7
5245.1
5003.9
5032.3
5622.0
1218.7
6733.8
4547.3
3477.8
1212.9
4090.2
3945.5
6155.7
1313.1
7623.8
6978.5
6308.7
7148.9
1480.1
3793.4
5693.0
6059.9
1480.3
5289.7
1542.2
6763.5
3520.2
5555.2
1825.1
1506.5
4285.9
3035.1
6218.4
4400.8
4543.8
4988.8
4118.4
8473.6
5650.2
4801.2
5746.9
4615.2
2041.1
4873.6
7611.5
4381.6
2217.9
7313.4
7666.0
2754.7
2619.6
2969.5
5324.7
6474.4
2756.9
6486.1
3097.4
5622.0
5963.5
2528.4
4717.4
7330.8
6009.1
2504.8
6416.2
4959.6
5770.0
2323.4
7120.4
5640.2
6303.4
2024.8
5645.2
8675.0
5320.1
4880.2
1504.5
7293.2
7078.7
6241.3
5702.2
1515.2
6787.7
5402.7
4738.7
1976.0
5486.3
4428.6
1994.4
7120.8
7318.6
7306.5
5335.8
7757.9
2392.3
6541.1
1838.9
4924.0
7329.4
7299.9
6494.5
4821.9
7671.0
2555.7
8821.0
6044.6
6713.6
8085.1
2142.0
2459.9
8200.3
2434.6
7658.1
1765.2
8451.5
1599.2
4870.7
5792.6
4606.5
8442.5
1364.5
6983.7
6640.4
6417.8
5073.1
1644.8
5969.9
5074.8
8717.8
7425.6
4691.0
6300.6
2038.6
6413.5
7489.5
7296.9
2072.6
7398.1
6064.9
7639.9
7498.9
2011.7
2380.3
2187.1
6389.8
6610.8
6744.6
7987.5
6967.5
7778.7
2360.4
6892.2
8285.7
2016.2
7763.6
7795.6
2104.2
1938.9
7130.6
4783.1
5648.3
8294.1
2376.4
8359.6
2209.7
7547.4
6725.4
6213.2
1758.2
5313.4
8502.5
8021.8
7082.5
6602.6
5779.9
7273.2
8270.9
2079.4
1759.5
8119.4
6419.3
7278.3
1836.5
7380.2
1770.1
7062.9
6904.4
6651.5
6986.3
8050.6
5652.9
7727.0
6351.1
1602.7
7770.4
5404.7
6347.4
1646.1
9092.3
1493.3
6403.6
4482.7
6951.7
1527.6
6723.5
7290.9
1301.0
8660.2
6730.2
1228.9
6536.2
6689.7
7475.7
6601.9
6804.5
1253.1
1542.8
8674.7
5987.5
6189.2
1282.3
6268.1
7012.7
1252.4
8748.2
4997.8
1611.2
8155.3
4747.3
8488.4
7556.4
6165.9
2022.3
7592.3
8756.4
10140.5
6600.2
7023.8
1918.1
7869.3
7268.6
5544.3
8152.1
2252.9
7427.9
2164.7
6807.6
7226.4
7101.5
6134.3
7666.0
9394.1
2252.3
2128.1
7158.1
9330.0
6056.4
1951.2
2000.8
6799.3
2010.2
7271.2
7144.6
9748.4
8476.1
8063.8
7002.7
2567.0
8297.1
2242.2
6590.0
8888.0
7381.2
2118.4
7702.4
2032.7
6868.5
7644.8
2290.8
6939.4
9254.1
1818.3
1689.9
9184.1
7884.7
7182.7
8161.9
1026.6
7731.9
6617.6
6935.2
7363.6
8501.1
7914.4
8370.4
956.7
9946.9
6792.5
946.2
8449.9
6598.1
7000.5
7630.9
915.7
7585.5
8952.9
7405.4
6373.0
9010.5
8436.3
10435.1
6602.7
6944.1
861.1
6513.1
907.4
6812.5
8160.8
6414.6
6034.0
7603.7
996.2
8575.6
6060.6
949.3
7871.9
7577.3
5728.7
959.9
8146.7
9231.0
7788.5
1240.5
9760.2
5411.1
8602.8
7958.5
8144.5
1903.2
8729.3
8959.3
7960.8
5981.5
7908.9
1733.5
6531.8
1926.9
6432.3
7113.7
8957.0
7784.7
8476.2
1536.7
7474.7
2051.0
5972.9
6896.9
7111.5
1837.9
6560.3
1629.1
1324.0
8350.4
6305.9
6578.0
6518.7
7836.5
6421.7
6637.6
6339.4
1364.0
1277.8
5608.4
6419.9
6382.4
7218.9
6249.0
6412.3
5774.6
6177.1
3887.2
6342.1
8011.4
6535.9
9128.0
5525.9
5089.4
5922.2
7363.9
3971.1
4773.9
7286.7
8628.9
6071.0
5095.7
7189.3
4989.5
6315.5
6574.8
7293.6
6580.5
4982.8
4076.9
4148.5
7152.8
5643.1
4050.7
6265.6
7189.9
4275.7
4701.3
4263.9
4807.5
4606.3
