514.6
845.4
1134.7
1126.1
1095.6
1324.2
1243.5
1052.4
1462.9
1188.2
1494.2
1906.2
1763.6
1638.8
1683.5
1783.7
1395.0
1243.1
2491.6
1491.6
1793.9
1689.9
2106.2
2296.8
2924.9
2289.1
1717.9
1479.6
2444.4
1553.9
2441.5
1915.9
2348.1
3911.8
2674.3
2638.4
2506.1
2699.7
1614.0
3373.1
2821.6
2751.7
2411.1
1928.6
2255.4
1836.9
2192.8
3257.0
1165.2
2157.7
2299.5
2163.9
2057.4
1520.7
1701.4
1980.5
3736.1
1446.5
2409.7
1614.2
1187.1
2165.2
1761.5
1835.6
1358.3
2219.3
1266.1
2070.8
1145.1
1541.4
2020.5
1085.2
1234.4
1703.3
901.7
1020.2
1326.5
806.0
894.8
936.6
863.4
749.1
528.2
403.9
580.8
864.8
567.6
579.0
752.4
701.4
710.2
865.6
573.3
574.7
555.7
972.5
670.6
701.7
1061.7
1000.3
902.8
907.9
696.6
878.2
1379.3
730.6
861.7
1097.9
781.5
1100.4
814.4
802.1
754.5
1100.3
1128.2
970.9
902.1
1063.4
863.0
1299.2
1179.5
1097.7
1340.6
1545.3
1047.1
834.3
1260.6
1352.7
1141.5
1328.2
1308.8
1130.9
1022.4
538.4
933.3
1224.0
483.3
402.2
874.7
543.5
649.8
865.6
688.8
717.2
778.5
932.4
793.2
926.7
1014.5
878.2
1134.6
974.7
884.3
1036.8
832.5
884.0
533.2
824.9
1058.8
686.5
611.0
496.0
558.4
865.2
362.8
443.2
454.5
856.6
320.1
319.9
881.2
437.5
359.2
459.0
530.8
438.7
871.0
882.0
321.5
320.4
320.7
371.6
532.6
445.9
976.7
691.5
1106.8
861.1
886.4
924.8
789.1
1288.2
674.3
797.7
1188.2
822.1
874.8
1258.1
929.8
983.1
911.2
1148.0
1192.3
1179.3
1702.5
1321.8
1486.4
1618.8
1600.9
1814.0
1486.6
1691.6
1698.2
1813.2
1949.2
1861.1
1670.3
2180.1
2309.8
1995.2
2329.5
2452.0
2563.5
2368.6
2500.1
2548.1
2843.1
2209.9
2851.6
2789.4
2278.1
2675.0
2665.0
2249.7
2605.4
2178.9
3039.6
2310.2
2904.2
3375.5
2593.4
3012.7
3043.3
2955.6
3064.6
2866.0
2205.0
2435.8
3027.0
2887.9
1805.9
2504.2
2120.3
2916.7
3448.9
2523.6
3072.0
1929.5
3989.5
2938.0
1655.5
2154.8
2955.5
2957.2
3066.0
2547.3
3410.3
3015.7
2836.3
3248.4
2820.0
2116.1
3039.7
1977.6
2399.4
2943.4
3192.4
3211.7
3399.5
4167.0
3103.3
3567.5
3219.0
2864.3
2563.0
2994.8
2734.1
3559.2
3522.2
2190.5
3426.6
3462.9
3342.3
2945.7
3637.5
3484.9
3590.5
4157.7
3231.2
3314.3
3476.4
1724.5
3368.6
3769.6
3981.2
3453.3
3289.8
3260.7
3643.8
2995.1
2570.9
3705.9
2596.3
2490.9
3717.8
3279.2
3673.5
3081.8
4863.9
3220.3
3436.2
3372.7
3528.3
3372.7
3562.5
3295.5
4295.8
3076.3
2632.5
3478.0
3236.9
4594.6
3711.0
3499.0
3992.0
3444.4
4871.4
4317.2
4124.6
3942.9
3101.9
3663.2
3358.6
3893.1
3726.3
3475.1
3122.7
4021.3
3283.6
3934.1
4072.9
3090.1
3177.9
4514.5
4080.6
2852.9
3262.3
2906.5
4332.6
2694.1
4441.3
3697.4
6242.2
2751.4
4136.1
3992.6
2216.1
3040.0
4486.5
2695.7
2751.5
3771.5
2843.9
2793.5
3061.1
4187.7
2774.2
2567.2
2355.2
3313.0
3102.5
1969.8
3738.8
3533.3
2386.7
2177.0
3259.7
3531.5
2406.2
2701.2
2333.2
4506.0
2084.8
3172.7
3525.3
2881.2
1292.0
2701.3
2986.9
2692.4
2878.6
3385.9
1466.4
2053.4
1324.9
1887.1
2221.8
1421.2
2209.2
3136.8
1737.5
1445.4
1653.0
1976.6
1361.3
2303.6
3057.1
1692.4
3161.7
2752.6
1647.0
2627.9
2212.9
1501.9
2711.5
1858.3
2273.3
2223.8
3243.3
3751.0
3251.2
3032.8
3588.6
1822.3
3517.6
1669.0
2472.2
2402.3
1686.2
1543.6
2197.8
2770.2
3691.0
2305.0
1257.1
2306.1
2919.1
939.8
2444.0
3178.0
2589.4
3109.4
1551.6
2944.5
2566.7
2409.4
2390.6
1602.2
3027.3
918.1
2217.8
1194.0
2049.3
2062.1
1673.2
1497.0
1973.3
1733.4
1533.8
2161.8
2177.8
1843.2
2234.2
1438.3
2045.4
2276.0
1152.7
1992.4
1960.7
1882.9
1608.7
1710.6
1666.8
990.5
1680.1
1349.6
1410.6
797.4
939.2
862.4
892.8
843.1
861.3
874.5
1203.2
1229.3
1033.7
1013.2
1161.1
1190.7
1036.3
1364.0
1433.9
969.5
1279.3
1256.2
882.0
1013.8
773.8
675.5
423.7
863.4
580.5
606.2
519.6
478.2
332.3
966.6
621.3
700.4
595.5
925.4
578.6
637.7
898.5
406.7
321.0
321.8
865.6
320.7
321.2
873.8
437.8
544.8
787.0
905.1
744.0
939.6
779.1
744.3
773.0
906.9
379.4
320.0
866.8
625.0
861.1
838.1
1058.5
952.9
939.5
1125.1
1143.0
1245.4
1211.7
1277.5
1306.2
1243.6
1258.3
1198.0
1313.2
1307.5
1350.0
1557.3
1676.8
1175.3
1289.4
1389.0
1178.4
998.8
1282.7
1063.9
1076.6
1298.3
1124.9
670.7
954.9
758.8
907.6
1000.6
998.7
899.4
914.0
1064.2
1061.2
977.2
757.4
987.6
814.0
664.9
660.5
615.6
570.7
498.6
881.5
330.5
319.8
871.6
580.6
865.4
858.0
955.4
926.7
1036.9
1028.0
1084.2
723.6
802.9
934.8
629.0
320.6
877.9
363.3
357.4
879.1
669.4
739.3
642.9
547.3
880.1
1114.3
1110.5
976.1
879.6
989.0
887.1
1224.3
1134.0
708.1
705.1
807.7
960.3
1059.9
1090.6
1078.0
860.9
874.7
1081.9
993.5
1044.9
1107.4
1108.4
1150.7
922.7
975.1
1007.8
1041.1
1156.3
1167.2
1308.9
1527.9
1336.2
1369.0
1577.6
1750.5
1611.5
2177.9
1893.7
1658.1
1879.0
2100.6
2393.7
2071.6
1883.0
2404.4
2682.0
1672.1
2015.7
2447.7
2136.2
2086.1
2273.4
2327.3
2179.1
1831.2
2341.5
1607.2
3008.4
2449.2
1936.9
2173.9
2111.6
1047.6
1553.8
2293.9
1862.9
1965.2
1049.8
1678.9
2142.0
1500.5
860.0
511.6
747.8
659.5
943.2
793.4
867.6
906.6
1098.5
1086.5
1141.6
1097.1
1120.8
1234.4
1202.5
1264.9
1231.0
1444.5
1351.6
1609.5
1049.4
1539.5
1653.7
1438.7
1643.5
1855.1
1522.9
1735.3
1581.2
1683.9
1502.4
1788.3
1799.9
1818.5
1694.1
1683.6
1901.2
1930.2
1756.6
2047.5
1346.4
1624.4
1200.9
1306.1
1198.6
913.3
943.5
795.7
914.1
488.6
321.1
442.9
441.9
922.4
759.4
1089.8
1297.8
1225.8
1287.5
1502.0
1361.0
1573.5
1655.0
1342.3
1617.3
1477.3
2006.7
1482.1
1811.4
1583.0
1447.0
1597.7
1805.5
1852.5
1658.0
2244.7
1910.9
1265.9
1565.2
1200.9
1106.3
1763.0
1297.4
1336.4
1169.3
1284.6
1534.4
1346.4
1261.2
1325.4
1296.4
1217.2
1152.7
1504.8
1147.9
1151.2
1144.9
1076.6
1251.4
957.2
962.6
772.1
1079.4
1174.5
932.9
977.6
922.9
1064.4
910.6
832.7
970.5
956.6
973.0
845.9
864.2
1050.7
903.0
958.8
923.9
587.3
863.3
627.0
664.7
620.4
607.2
887.5
622.2
919.2
915.8
808.2
648.3
696.6
628.3
545.9
937.4
319.9
329.0
862.9
453.7
337.5
480.5
327.7
864.2
364.4
364.0
496.3
472.2
900.7
504.5
571.3
462.3
939.7
668.0
573.6
947.2
383.5
360.1
320.4
898.0
395.0
401.9
864.1
571.9
635.6
623.1
862.8
1322.6
1157.2
1056.9
1198.4
1445.8
1336.0
1158.6
1248.5
1436.9
1252.4
1379.3
1395.2
1811.0
1082.9
1557.6
973.4
1076.7
1221.5
708.1
1412.5
1161.2
1300.5
1095.1
1083.5
932.4
1038.6
1128.6
1025.5
1053.0
1080.1
1257.7
1189.4
1288.7
1015.8
1038.9
982.6
1267.1
971.1
1247.0
1265.7
1133.8
1563.1
1313.4
1114.9
1145.8
1031.7
987.5
1383.2
1106.2
1230.8
987.6
1303.6
1179.1
1368.1
1271.4
1194.8
995.9
861.6
821.0
1036.9
823.8
1023.8
337.6
321.5
319.8
367.9
861.9
504.4
638.5
581.0
602.2
863.4
469.5
473.0
437.8
523.0
863.1
400.0
324.7
394.8
863.9
330.3
490.6
746.5
818.7
1202.7
856.1
828.2
1136.9
876.0
739.1
668.2
387.2
1202.2
321.3
1131.4
322.7
455.0
580.5
598.9
1031.9
865.7
1101.4
1023.2
1096.4
1292.8
1395.0
1408.0
1389.0
1487.9
1582.2
1031.5
1081.9
1731.1
1210.2
1396.2
1842.8
1637.3
1454.6
1221.6
1434.8
1434.5
1175.7
970.4
1022.1
1012.2
1151.4
956.5
1056.4
985.6
1185.7
794.7
916.0
1186.6
1141.2
880.4
1137.0
952.8
853.3
1038.9
1124.1
1081.2
1090.5
