382.8
552.6
828.6
1153.9
1019.2
1266.9
1136.1
1254.0
1006.8
1262.4
1451.1
1701.7
1426.1
1586.3
1751.3
1685.0
1922.5
1055.5
1972.4
1593.3
2027.4
1885.7
1668.4
2894.4
2482.6
1747.5
2135.0
1940.8
1673.9
2380.3
1646.5
2842.3
2404.4
2776.7
2436.0
2096.2
2181.9
2157.5
1296.6
2361.6
2792.7
1883.0
2005.9
2617.5
1744.1
1950.3
2871.7
1771.6
1446.8
1702.5
1299.3
1422.6
1222.2
1149.7
1007.7
1072.6
1273.5
1056.5
1618.3
1246.1
925.7
981.6
1079.9
1168.8
1130.1
1027.4
811.8
1028.5
976.5
626.6
491.7
1035.5
320.4
855.9
320.8
358.6
384.3
402.4
421.0
319.1
861.5
320.7
886.2
325.7
412.9
931.8
644.1
632.7
837.1
720.1
721.7
883.0
379.0
480.5
898.4
799.1
659.0
610.9
725.2
592.1
1246.5
798.0
787.4
1189.0
570.1
533.2
419.4
1131.9
470.4
506.2
654.4
668.2
1051.9
777.8
1028.1
785.9
790.3
763.5
1042.8
816.0
1137.1
831.2
989.8
1043.3
847.5
989.0
859.3
847.9
920.3
1249.2
903.1
793.0
1168.2
593.6
1024.8
349.8
320.3
891.3
441.7
484.6
386.1
403.3
476.9
863.8
545.6
569.7
620.7
943.3
663.0
880.9
710.6
558.2
752.7
531.1
989.9
618.4
498.5
367.1
890.3
364.6
373.7
371.5
377.9
863.5
361.5
488.3
450.2
871.3
321.5
319.7
864.4
368.6
470.7
399.1
534.3
441.7
874.1
864.2
321.2
326.1
324.4
420.4
416.3
980.6
577.7
876.7
613.6
626.9
772.8
625.8
921.5
398.0
1287.2
712.8
1128.3
410.0
688.1
545.8
1042.0
698.1
712.3
773.9
739.0
1178.9
902.0
1358.5
959.8
1100.0
1130.2
1349.2
1164.2
1358.7
1507.2
1514.2
1858.2
1557.0
1042.4
1316.9
1866.3
1698.0
2278.4
1790.7
1832.5
1801.1
2012.4
1916.5
1832.7
2413.3
1507.0
1847.5
1540.8
1607.8
1637.0
1859.6
1717.6
1746.5
2093.8
1606.8
1779.4
2388.0
2622.4
2418.2
2522.1
2011.3
1774.7
2346.1
2791.0
1693.7
2039.8
2451.5
1888.8
2191.1
1844.3
2997.7
1368.3
2319.8
1672.7
1552.9
1137.3
1485.7
1219.5
1533.3
1400.3
1014.5
1836.4
1265.3
1250.7
1219.2
1398.9
1287.2
1547.2
1259.0
1433.5
1411.8
1335.3
1836.2
1906.6
1856.9
1563.6
1775.9
1745.8
1996.6
1456.6
2135.3
1885.5
1949.7
2037.9
1896.7
1269.2
2232.7
2599.8
1903.6
2789.5
1722.1
2239.3
2614.6
1969.5
2020.9
2526.8
1937.2
2635.8
1244.0
1990.9
3139.4
2214.3
1143.5
1390.3
904.7
1027.5
1438.3
1513.5
2044.7
2091.7
947.9
1595.4
1509.0
1180.2
990.1
1521.1
1274.9
2401.7
1544.5
1689.8
2012.2
1635.6
1933.8
1308.1
1090.1
2553.4
1254.7
2471.3
1569.5
2040.7
1715.2
1921.3
1170.6
2303.9
1799.0
1060.9
1562.0
2628.0
1193.1
2392.7
1786.6
1515.6
2479.9
1221.4
2162.6
1884.8
1768.3
1319.3
2315.3
1101.8
1964.2
2590.4
1965.6
1553.4
1009.4
1737.9
2171.4
1950.8
1762.6
2787.5
1852.1
864.4
1635.8
1044.2
1134.6
1159.6
875.6
819.1
913.2
781.9
950.7
937.6
1067.3
891.0
902.1
818.2
1063.7
920.7
952.5
803.7
723.8
611.8
544.0
883.5
575.0
612.6
678.5
762.1
1089.8
905.9
971.7
1012.1
836.2
986.8
539.0
687.9
1289.1
324.9
1007.6
325.7
321.0
534.8
558.2
597.3
461.4
555.2
873.9
877.1
508.4
324.7
395.7
325.9
338.0
881.3
605.6
1284.4
789.1
1017.1
1145.5
1107.7
1209.5
1334.8
1178.7
1322.1
1402.5
1631.7
860.5
1022.5
1563.3
879.4
727.8
1111.2
655.9
730.4
935.8
920.0
897.1
1305.6
1054.8
1108.2
1219.6
1064.3
1243.9
1186.2
966.7
1252.3
1126.4
1531.9
1431.2
591.5
1202.8
718.5
667.3
415.5
332.1
997.2
320.9
319.7
320.7
862.1
320.6
534.3
818.5
894.4
969.6
1030.1
1213.4
1092.9
1187.1
923.9
973.9
1230.0
1014.3
899.7
1519.4
1324.2
981.0
744.7
773.5
986.2
668.3
437.4
324.5
863.4
320.5
391.6
864.1
477.6
389.2
537.5
378.5
390.5
934.4
676.8
720.2
750.5
735.0
801.3
1315.5
1120.9
894.1
505.4
713.4
602.4
1086.7
391.1
321.5
931.3
320.0
390.3
396.2
375.4
864.0
863.5
408.7
554.8
644.4
561.1
629.2
553.8
876.6
344.9
862.1
320.9
322.0
351.4
320.8
345.5
863.1
331.2
474.8
621.3
431.3
477.1
587.7
1046.2
1051.1
406.5
964.5
319.7
398.8
517.5
1049.6
662.0
864.4
945.3
880.5
1050.5
929.0
1259.1
1191.6
1117.5
1255.0
1297.6
1247.8
1388.5
1054.1
1217.2
1172.1
1573.7
1453.7
1378.8
1340.2
713.7
1071.0
1240.2
1005.4
869.4
906.5
1092.4
995.8
823.8
475.0
349.8
442.4
892.9
635.9
482.4
896.2
580.2
734.2
822.0
545.2
910.6
475.4
335.9
925.7
538.9
741.2
375.0
539.5
496.0
861.3
320.6
320.1
516.7
943.4
548.3
712.3
784.4
872.8
568.2
704.6
1200.3
499.3
347.8
1255.3
1040.9
321.2
322.6
320.6
862.5
320.3
482.4
632.7
509.2
715.5
864.1
939.8
886.3
795.8
769.5
730.9
641.5
952.0
733.7
785.0
803.2
639.1
979.2
677.7
994.7
358.2
348.4
573.0
984.3
654.7
773.4
703.6
997.8
641.2
737.4
533.6
925.4
451.9
568.5
816.8
808.1
1031.5
970.4
1244.7
1126.0
1232.3
1350.8
1547.4
1375.4
1332.3
1578.3
1314.3
1607.5
1802.2
1791.1
1144.5
1479.5
1938.2
1797.2
1710.4
1743.6
2093.6
1539.4
1941.8
2064.2
2254.2
1714.7
1217.4
1546.8
1671.4
1608.5
1667.7
1574.1
1301.4
1403.4
1214.9
1638.0
1157.0
1048.0
834.8
654.2
362.5
377.1
353.3
337.6
860.5
320.2
665.3
731.2
587.2
1061.6
759.0
772.8
1203.6
762.7
927.1
1087.7
715.7
944.2
957.2
968.1
760.9
1398.5
819.1
1251.4
979.7
1064.2
1239.1
1065.1
1220.4
1204.3
1324.6
1393.2
1220.2
1506.9
1498.9
1416.5
1486.6
1091.5
1412.9
1395.4
1159.7
763.1
678.3
1125.5
852.7
569.4
427.4
408.1
864.4
855.0
409.6
480.2
454.9
623.6
921.6
851.3
1025.3
1087.8
1114.4
1345.0
1306.9
1265.0
1506.5
1439.3
1688.6
1677.5
1567.6
1582.4
1397.3
1653.0
1287.7
1556.1
1441.3
1580.4
1609.4
1441.8
1394.4
1270.9
879.2
1244.8
928.2
829.4
990.4
1003.8
1020.1
987.4
978.1
1025.3
942.9
1026.2
970.7
747.3
985.3
645.2
822.5
932.3
820.0
697.3
926.2
519.1
529.2
420.2
565.6
882.2
565.4
619.7
794.2
396.9
871.4
411.9
390.5
355.0
988.6
459.7
559.4
565.1
496.3
882.2
333.3
319.9
967.1
353.5
320.8
350.9
890.3
367.6
395.8
504.0
950.8
488.3
614.5
601.5
917.6
391.3
322.6
929.9
320.9
320.3
467.5
466.1
873.1
409.7
321.4
864.8
418.1
400.6
882.2
581.8
714.3
710.4
591.7
862.2
617.8
557.1
383.4
864.3
381.3
413.0
411.4
498.0
863.5
470.4
519.9
882.7
578.8
922.4
1167.8
1133.2
1156.8
1213.6
1210.8
1346.9
1112.1
1159.9
1351.8
1150.9
991.3
1272.4
1287.6
1306.0
994.7
956.6
1002.2
990.1
948.7
828.8
925.6
817.4
711.3
558.6
903.6
789.3
647.5
886.6
802.2
580.4
769.9
793.0
878.1
773.2
842.2
863.4
724.2
732.1
813.3
866.3
721.9
700.1
721.3
415.1
669.5
883.5
812.9
679.1
683.8
742.1
656.6
613.4
1069.9
708.4
416.2
1182.1
519.7
998.1
517.1
486.2
587.6
951.3
319.7
324.8
322.3
344.5
899.1
320.5
441.8
413.1
320.1
895.0
321.1
935.4
338.5
335.3
891.7
321.0
320.8
320.2
860.9
400.7
626.5
692.2
922.1
966.7
729.0
975.6
956.0
926.8
932.5
742.6
732.0
999.8
401.1
383.2
320.9
916.9
623.7
606.0
684.0
739.6
1139.9
1012.8
933.6
1061.8
1319.2
992.2
1213.2
1638.8
1356.6
901.4
1309.9
1615.2
1239.7
1342.8
1224.3
965.4
1404.1
1349.0
1099.1
1215.4
931.7
787.6
929.3
824.1
849.9
680.6
719.7
660.1
863.4
465.3
408.2
594.6
1103.7
833.8
1047.5
754.0
706.2
897.1
867.4
855.0
975.8
