411.4
685.8
1096.1
1143.5
1095.6
981.7
1010.5
1169.7
1397.9
1107.0
1298.9
1154.4
1545.3
1417.0
1307.1
1614.4
1531.5
1649.1
1682.5
1550.9
1456.2
1454.4
2069.3
1421.8
1708.1
1440.2
1739.4
1669.0
1665.2
1513.6
2021.9
1748.5
1869.4
1636.9
1374.0
1657.1
1474.2
1518.5
1459.4
992.8
1598.6
1646.9
1704.4
1080.7
942.0
799.2
870.9
829.1
459.3
339.1
486.1
864.0
382.7
863.5
321.8
404.7
333.4
320.3
321.3
864.2
320.9
473.9
530.7
436.4
913.2
355.9
885.5
355.2
380.0
339.7
887.4
321.1
321.8
320.4
877.1
319.8
320.8
461.4
458.8
862.6
321.1
875.9
320.1
320.3
404.6
871.8
419.3
587.8
651.8
608.7
566.5
865.0
329.1
321.6
408.3
431.1
1001.6
475.7
485.3
366.2
928.8
452.5
566.2
1067.1
495.2
458.4
449.6
986.1
866.5
523.9
599.4
532.6
458.5
378.8
864.0
396.3
620.0
654.5
864.7
741.3
557.2
624.0
562.4
864.8
358.1
321.0
455.2
614.2
630.3
1036.2
518.3
415.1
863.8
340.4
1031.4
320.0
320.5
883.2
367.8
381.2
485.8
322.7
432.0
860.9
370.4
384.6
472.9
882.2
420.4
359.5
556.8
576.4
904.6
320.1
384.8
915.6
384.4
322.4
879.1
328.6
344.3
355.4
319.9
878.0
346.2
411.0
437.5
883.5
351.1
861.3
337.7
345.5
319.9
402.6
497.2
416.8
870.5
883.9
321.3
321.4
367.4
383.1
421.4
871.8
408.4
866.3
686.8
740.3
655.7
688.3
567.4
972.7
424.9
955.3
435.7
392.4
355.5
341.2
379.9
864.7
424.9
405.0
478.7
864.7
1022.4
533.4
499.7
524.9
551.0
579.1
1080.3
723.9
769.6
944.4
1094.9
945.0
1108.6
1150.0
1131.3
1600.3
1237.7
1149.4
1134.9
989.1
1402.8
1064.6
1284.2
774.1
457.5
380.6
479.8
1147.5
599.3
698.8
874.8
934.7
955.6
981.1
963.3
1060.5
725.1
1156.0
911.4
1068.1
1295.0
1328.8
860.2
1351.2
896.8
1101.5
650.9
1038.5
1066.8
701.5
901.7
444.0
345.8
320.0
868.8
321.1
323.9
429.3
429.5
862.7
414.8
534.5
530.2
700.2
425.8
934.4
328.5
935.8
507.5
592.9
683.1
493.5
978.3
697.6
945.5
685.6
595.1
713.6
946.7
813.2
858.9
950.7
996.1
766.5
1320.4
1305.1
1066.7
774.4
1369.3
1421.8
1277.5
793.0
1321.1
1211.2
936.6
1048.4
927.3
834.6
832.9
1142.5
320.3
466.2
863.0
524.0
437.0
378.1
862.7
344.8
483.0
433.8
861.7
320.5
316.4
489.7
955.0
862.9
788.8
997.3
966.1
1041.6
695.5
860.7
919.8
657.0
421.1
732.4
686.5
525.3
999.7
691.5
744.0
700.6
574.2
1101.3
632.1
1190.1
320.6
303.0
981.5
520.1
572.6
645.0
617.3
902.9
687.4
600.4
947.8
763.9
601.9
487.0
377.1
910.3
386.9
536.9
894.4
687.1
484.6
861.6
411.7
842.7
320.7
973.8
558.4
472.8
320.5
862.6
341.5
443.8
385.0
661.2
572.5
863.1
439.9
559.5
863.6
508.2
385.0
359.1
334.0
855.9
325.0
321.7
321.8
863.8
321.8
396.4
561.7
712.9
721.4
664.8
1146.5
631.0
435.2
467.0
1145.2
1346.4
959.5
320.2
303.3
320.1
320.6
416.3
495.9
472.5
431.3
867.7
864.2
383.6
320.4
455.2
449.1
874.0
339.8
341.9
322.0
893.7
636.2
747.7
764.1
632.7
942.6
843.5
1159.4
753.7
1155.2
484.5
437.1
374.4
1195.2
297.9
320.7
936.5
337.8
548.5
393.2
652.4
959.5
560.7
495.4
519.6
1032.4
832.8
909.8
817.4
568.0
758.8
1214.4
1256.5
375.7
966.7
374.4
426.1
319.7
321.6
878.5
320.7
321.4
862.2
333.4
321.5
515.8
571.4
849.4
1072.9
841.1
796.4
776.8
1067.2
708.1
916.5
798.7
624.7
1229.9
595.9
1048.8
439.8
380.0
501.1
401.8
990.6
320.8
326.6
874.1
319.7
350.4
865.0
454.4
453.6
328.7
321.1
323.0
882.4
471.6
651.0
612.0
1030.2
798.2
592.5
604.8
935.9
465.4
449.3
450.5
1081.5
300.8
321.3
883.1
329.9
321.8
358.9
332.8
861.6
891.8
359.7
450.2
635.0
549.7
554.4
475.5
861.3
341.4
863.1
298.2
320.1
298.2
320.3
324.9
855.2
323.7
488.1
637.5
937.3
605.4
536.7
512.1
574.6
952.2
320.4
1083.6
319.3
863.2
445.2
407.2
637.7
746.6
828.6
883.0
831.5
932.4
871.3
965.0
860.0
897.0
1087.3
1000.9
1020.0
735.5
741.7
882.7
1014.9
828.0
1028.8
349.7
385.8
355.9
604.0
443.0
587.6
856.9
450.2
884.4
320.7
359.7
386.6
863.6
419.1
571.1
561.0
863.8
605.9
558.1
470.6
862.9
342.0
864.6
370.9
506.6
565.1
394.8
337.4
381.2
853.4
320.2
320.0
467.5
919.5
477.5
701.2
703.8
709.3
484.9
573.9
1071.6
1061.3
382.3
320.3
1089.0
320.1
320.7
320.2
870.3
449.0
373.0
506.4
629.5
519.2
936.0
569.7
885.3
506.5
489.3
617.9
490.1
990.5
537.2
559.7
618.4
475.1
500.5
865.6
986.8
321.3
321.2
438.3
553.9
865.5
581.9
663.3
489.0
914.0
503.6
429.3
908.4
320.6
467.1
456.6
886.1
895.6
1091.2
1093.9
978.6
1129.2
1001.9
963.7
1110.1
1309.4
1006.3
1221.3
1374.5
1101.4
996.9
1322.6
1083.5
1122.8
1210.7
1088.0
1294.6
1126.7
1356.9
1585.4
1545.9
1206.7
1155.3
982.8
872.5
851.9
972.1
1090.3
841.5
818.4
659.2
524.0
883.5
498.9
320.5
322.1
854.1
320.3
347.2
321.7
337.6
862.3
380.6
584.9
935.4
742.5
588.3
633.2
620.1
943.9
463.6
408.6
1014.7
493.1
430.5
596.9
587.7
1032.4
507.2
531.9
479.7
910.4
503.2
390.4
342.0
962.8
560.0
840.8
908.3
849.9
1087.2
691.4
1013.4
1091.9
964.3
1087.0
536.5
1299.2
320.3
395.5
391.9
981.5
360.8
322.4
359.4
855.9
882.8
321.6
455.4
509.2
438.6
557.1
639.5
1073.7
712.1
799.5
975.0
1043.9
995.5
913.9
1460.9
1099.9
992.8
1190.3
1060.6
1082.0
1120.2
1377.4
1238.1
1224.8
904.4
1213.7
1098.7
1083.9
499.6
344.9
1072.1
367.6
464.9
572.5
638.8
892.5
567.2
609.4
441.9
877.9
330.5
336.1
324.0
906.6
381.3
323.4
434.7
343.7
863.7
320.9
321.2
862.2
418.1
490.1
856.6
572.8
503.0
507.8
321.1
872.3
320.2
321.8
320.8
861.2
423.2
504.2
501.5
422.1
872.8
320.7
857.9
320.8
320.8
325.5
320.9
863.6
362.1
368.7
862.6
587.8
379.0
495.4
492.3
873.4
346.1
321.0
856.0
321.6
345.4
416.2
438.0
872.1
403.9
864.4
323.6
393.4
407.8
862.8
510.1
587.3
616.1
562.2
433.2
864.0
440.9
320.0
320.8
905.9
450.0
449.0
533.7
958.8
548.5
479.7
863.9
552.9
428.1
864.3
957.5
905.9
946.1
939.6
1023.5
1103.3
973.0
1069.3
1001.7
801.0
835.3
739.7
1015.7
472.2
365.1
566.1
577.2
353.6
863.9
296.7
320.3
862.0
447.8
358.4
408.9
874.1
322.1
449.3
860.7
349.8
518.6
373.6
369.7
863.5
430.2
326.3
408.9
855.3
336.2
388.3
410.4
865.3
351.6
343.7
431.6
859.5
476.7
448.8
602.0
863.9
392.4
579.1
494.7
925.3
366.7
308.1
914.3
364.4
471.3
441.9
864.9
297.7
299.8
321.1
296.7
856.1
373.0
437.1
362.2
323.0
861.9
320.5
854.6
321.5
298.3
861.1
300.1
319.5
321.1
876.7
335.5
504.2
645.1
508.7
670.4
1004.7
624.8
698.8
761.8
881.8
515.1
547.8
1002.2
320.7
352.6
303.7
855.8
488.3
453.1
663.4
592.7
690.6
1052.2
727.1
761.2
553.5
816.2
1363.3
858.4
754.4
1306.0
1181.0
844.4
958.8
771.9
854.1
862.6
1094.9
613.9
604.8
935.4
347.1
367.3
301.9
360.7
299.8
865.0
383.2
383.1
855.9
321.0
459.2
454.9
978.0
632.2
584.7
920.9
737.9
672.5
755.6
685.5
1041.8
