331.4
358.6
512.9
483.8
672.0
1064.7
712.7
713.6
1046.9
1010.3
836.3
1043.2
1105.2
973.8
954.5
1130.2
1476.0
620.3
432.1
1422.7
1429.1
321.7
534.2
950.8
579.1
645.8
611.5
690.5
928.1
459.2
628.9
601.5
893.4
399.1
452.3
419.6
897.4
474.9
608.4
538.9
996.1
321.4
320.2
967.0
321.0
321.3
332.8
321.4
853.0
321.1
321.8
307.7
866.2
356.7
323.6
374.3
872.5
299.1
338.1
875.9
497.9
515.3
508.8
504.7
861.6
377.1
322.2
883.1
376.0
299.6
532.3
1077.5
326.2
321.2
861.3
322.5
511.6
310.4
320.6
327.5
868.1
299.2
987.2
471.2
471.2
476.8
876.0
695.0
788.8
572.5
571.6
925.1
322.3
337.6
323.4
864.1
503.9
535.8
535.9
540.8
865.1
355.8
391.5
356.5
855.7
321.2
321.3
865.4
319.9
358.9
339.9
361.7
402.0
934.1
869.9
420.5
586.6
592.4
788.1
569.2
920.4
618.1
526.5
864.8
326.1
320.4
335.9
478.1
891.8
475.5
408.6
391.9
863.7
320.0
889.7
320.7
320.7
404.4
376.9
861.1
456.7
357.7
359.0
872.7
419.5
320.6
388.3
876.1
422.0
339.9
528.8
405.8
863.7
861.3
321.5
463.5
458.5
320.8
878.6
320.6
321.3
332.7
319.9
861.3
321.2
382.3
335.9
397.2
862.2
320.5
321.9
893.2
352.3
428.1
422.4
435.3
861.4
882.1
321.8
324.2
320.4
320.4
340.4
333.0
870.3
512.2
577.5
673.9
896.0
739.3
537.3
570.7
870.8
321.4
423.3
422.9
864.0
319.9
320.6
857.1
500.7
512.1
483.1
547.7
866.6
409.2
429.3
417.7
884.1
882.4
595.0
485.0
714.1
545.9
770.1
711.9
1013.6
883.6
906.1
702.6
994.8
1008.3
929.8
889.3
1072.2
741.6
522.0
916.6
392.7
370.2
865.6
530.6
569.6
488.4
595.5
866.8
438.0
741.7
769.5
927.4
755.2
810.6
595.2
864.3
805.0
686.7
489.3
916.4
533.9
374.4
416.5
319.9
319.6
865.6
861.3
320.5
319.7
336.5
880.1
325.2
321.2
320.3
320.4
863.1
346.5
336.9
470.4
463.5
853.6
320.5
332.5
329.2
865.1
328.5
415.0
398.8
323.2
375.7
970.8
438.0
865.6
381.3
972.4
772.3
757.5
787.3
792.2
811.3
884.9
756.0
885.7
754.9
889.1
629.4
530.7
874.3
893.6
458.3
717.8
680.6
497.9
364.5
886.3
895.2
321.2
327.1
460.1
430.8
863.1
347.8
353.9
367.0
893.5
394.4
863.1
321.2
320.0
405.5
604.0
1044.9
831.6
750.5
539.2
881.1
736.4
586.3
488.0
1054.3
321.4
319.9
458.6
508.5
895.0
408.9
476.4
648.8
416.7
887.2
506.0
392.3
871.8
296.4
867.0
420.5
594.7
580.0
675.9
855.6
581.9
453.6
339.3
584.8
868.3
366.0
303.9
856.1
364.6
320.4
532.3
442.6
412.0
865.5
321.8
1064.0
320.2
382.9
456.6
375.7
882.0
885.2
392.8
328.8
540.4
560.0
421.5
543.7
858.7
350.2
323.1
320.4
870.0
321.8
298.7
881.1
322.2
296.8
319.4
885.1
407.2
388.9
392.6
455.5
635.1
645.3
1045.6
519.3
959.0
321.0
325.3
321.4
1005.6
385.2
321.6
865.9
360.0
441.1
499.3
477.6
379.5
860.8
882.4
321.7
333.4
321.1
513.8
299.0
862.6
321.6
324.9
939.4
460.4
417.6
873.7
621.7
842.4
565.9
749.3
1103.0
1124.9
338.6
320.1
1057.1
343.0
320.6
864.0
320.5
300.3
405.6
394.5
361.0
354.9
913.9
337.4
892.3
506.3
444.9
613.4
731.5
996.3
612.3
528.1
382.6
934.3
300.1
383.3
379.6
856.0
320.5
864.1
320.7
320.2
324.1
861.3
320.2
504.8
350.1
682.4
677.3
884.4
535.4
755.9
920.5
725.9
588.6
560.9
574.0
934.4
313.8
320.6
872.3
528.0
299.7
320.2
871.4
297.9
319.8
866.1
298.0
320.3
369.2
320.3
360.7
855.3
301.7
324.7
863.8
476.2
423.4
452.8
523.9
861.5
395.3
499.9
864.2
531.9
320.3
319.6
861.0
320.3
320.0
865.6
321.3
323.0
337.4
320.2
561.4
861.1
320.2
543.5
459.6
432.0
869.8
405.7
370.7
884.8
297.6
862.2
320.2
321.5
296.3
320.6
863.3
320.8
532.8
855.2
374.3
476.5
418.2
364.5
318.0
865.5
323.9
321.0
339.1
871.7
577.4
883.4
757.3
727.2
745.9
907.3
771.7
626.8
1165.1
949.8
497.3
592.5
495.8
534.0
864.2
543.6
442.8
512.6
560.4
928.5
919.8
299.3
320.9
335.7
367.1
372.3
457.0
862.7
364.8
863.7
297.6
320.0
339.1
320.9
359.7
993.2
421.2
462.3
456.0
359.9
910.9
321.5
353.9
957.5
319.5
412.7
406.7
862.1
319.7
320.0
880.2
321.3
320.2
372.9
861.7
359.4
526.1
526.0
608.5
882.5
331.1
324.6
299.3
861.3
320.7
893.7
296.4
320.3
320.0
854.8
401.3
321.1
437.5
479.2
402.5
853.4
462.3
536.3
493.7
1075.7
411.2
477.5
1068.1
543.8
614.0
653.7
627.6
497.4
880.5
854.7
320.7
319.8
380.5
872.9
406.7
586.6
584.0
416.6
389.0
860.3
371.3
864.4
322.8
320.0
379.3
525.5
504.0
344.4
891.4
501.2
942.9
727.9
647.7
707.1
658.1
543.4
1045.8
993.1
319.8
1008.2
380.2
402.5
581.4
661.0
734.3
1117.2
718.7
586.0
988.9
566.1
518.0
1082.0
345.4
511.3
480.0
862.8
339.7
343.5
334.0
890.7
320.9
320.7
862.4
320.8
320.1
861.6
321.3
320.2
321.1
320.4
853.6
340.0
365.9
428.8
357.5
327.4
863.2
319.4
321.6
859.9
496.6
567.8
895.5
651.6
620.3
674.7
862.2
675.6
366.2
563.7
525.5
892.2
335.3
320.8
856.3
366.1
889.3
770.6
890.5
725.7
831.0
960.6
840.5
1132.4
614.9
343.6
1219.5
320.2
320.6
321.4
854.5
325.3
320.9
320.5
881.1
320.9
458.4
376.0
387.0
855.8
393.8
545.5
944.5
610.4
662.4
734.1
752.3
927.1
581.0
983.5
661.2
588.6
438.5
506.3
1000.7
685.1
727.1
716.3
865.0
655.0
506.9
410.6
320.6
978.1
320.8
864.8
328.2
394.3
510.5
547.8
503.4
487.4
861.2
319.8
322.5
883.2
321.2
321.8
336.3
865.1
416.1
497.7
406.0
867.2
321.3
320.9
874.7
320.2
320.5
448.9
557.6
854.8
504.3
321.0
865.1
321.5
321.0
320.4
857.0
346.0
433.2
414.7
532.2
969.4
297.4
855.1
321.2
320.4
302.0
321.1
862.5
322.0
414.8
331.1
399.7
341.2
885.1
327.6
300.7
866.7
298.5
863.6
321.0
320.9
369.6
421.6
411.0
853.8
391.0
332.9
379.6
1100.8
320.8
381.2
354.6
321.2
860.1
377.0
366.9
873.8
380.2
302.3
874.2
373.2
365.3
319.9
379.2
856.2
302.7
406.8
409.9
321.1
889.4
546.3
703.4
1112.0
716.5
792.6
1010.2
658.6
817.0
438.1
559.5
462.3
1264.9
892.2
301.9
320.6
360.9
335.5
335.4
860.9
320.8
298.0
868.7
320.9
320.8
419.6
434.1
867.5
336.4
477.9
459.4
882.9
301.2
416.9
857.2
410.8
319.7
423.5
437.7
864.9
320.2
330.3
861.3
330.9
320.2
320.8
863.4
321.2
533.2
510.5
320.3
871.0
346.9
385.1
330.5
866.9
329.2
300.4
379.3
371.8
1066.5
885.4
320.9
320.7
321.6
320.0
861.8
458.3
482.4
435.4
466.9
862.6
300.6
320.9
319.5
885.5
856.2
299.7
319.7
299.8
860.8
306.2
444.1
481.0
494.5
561.1
882.4
473.4
580.2
651.4
397.1
871.4
413.5
876.2
320.7
320.6
320.7
303.6
337.8
857.1
388.8
402.8
444.4
865.1
515.9
587.3
530.8
913.7
398.4
444.6
437.4
864.5
380.0
900.0
570.2
593.9
620.9
598.1
372.2
882.6
359.6
865.3
321.4
321.0
321.7
320.3
860.6
296.3
333.6
328.4
883.9
441.0
370.7
424.0
319.4
955.4
571.6
669.5
682.0
514.8
626.9
1092.0
947.7
