332.8
382.4
335.2
376.9
331.9
873.2
375.8
367.4
321.3
876.4
457.0
637.5
1111.4
711.1
761.2
643.0
623.1
894.2
1076.9
321.6
321.2
321.3
321.0
321.8
863.0
398.3
431.4
478.9
341.3
865.2
321.8
321.4
322.3
874.1
321.3
417.6
865.9
459.9
639.6
401.3
519.4
862.7
321.6
863.2
321.4
323.1
321.6
862.2
321.9
321.7
321.3
321.8
863.6
321.3
322.2
321.9
332.8
863.2
321.8
875.2
451.6
428.1
428.5
546.0
403.5
867.9
374.9
325.9
365.0
861.7
323.6
863.1
322.1
321.5
862.9
321.8
321.0
321.8
321.3
320.8
863.5
322.3
322.0
320.9
862.6
320.7
410.5
495.3
471.0
391.3
861.9
877.3
322.1
320.7
322.3
862.7
321.9
406.9
443.2
396.3
865.1
321.9
321.6
322.9
321.2
875.7
322.8
865.2
322.5
332.8
321.6
321.4
320.8
863.7
864.7
426.2
409.7
460.5
382.8
321.4
340.3
866.6
337.3
885.5
322.0
322.8
447.9
862.7
425.7
379.8
370.4
320.7
866.2
363.2
862.4
321.9
320.9
320.9
321.4
426.3
424.4
861.6
321.8
321.3
323.7
876.2
321.9
324.9
321.9
867.6
385.5
367.7
334.5
863.2
321.7
322.5
321.9
864.9
865.4
332.3
446.4
438.9
321.8
322.3
864.1
321.4
334.8
322.4
861.8
322.2
321.4
862.3
320.8
322.0
321.3
321.4
321.1
863.2
321.8
863.1
323.2
322.4
333.7
322.1
862.2
322.4
321.9
384.4
380.0
324.7
863.9
320.8
886.4
322.2
322.6
321.9
861.9
321.6
322.8
348.5
873.2
447.0
379.9
456.5
876.5
328.8
332.3
372.5
351.3
864.3
431.4
490.0
531.5
866.2
406.0
367.8
321.3
863.2
456.9
874.6
711.1
659.3
533.9
543.7
357.4
877.0
878.7
321.3
321.4
322.9
346.9
326.3
345.1
862.1
465.5
865.3
412.8
459.9
446.6
874.4
369.5
322.2
437.9
332.8
396.4
865.1
321.9
862.2
320.4
323.2
320.9
321.8
862.7
322.4
877.0
321.3
322.4
322.4
394.4
863.1
326.3
390.5
321.9
861.9
322.2
321.9
364.3
379.9
355.8
873.2
321.9
333.4
864.6
401.7
387.9
329.4
322.4
865.1
376.4
322.4
375.4
864.9
862.7
517.5
697.1
715.0
639.6
727.1
877.4
431.0
335.0
330.9
862.7
321.9
323.0
321.4
866.1
321.4
437.5
477.5
392.9
862.2
321.4
864.7
321.4
323.3
321.9
321.6
320.9
863.2
878.1
332.9
423.0
471.8
862.7
322.2
321.3
321.3
431.2
324.3
437.0
321.9
871.7
396.1
381.3
865.0
322.2
863.4
322.9
424.4
419.8
321.9
322.5
864.8
348.4
378.9
345.9
877.3
323.5
322.4
862.7
321.9
862.7
350.2
508.0
619.0
546.0
340.4
876.7
349.3
343.9
320.9
345.4
863.8
372.2
321.3
864.9
321.3
352.9
378.0
404.3
863.6
322.8
866.0
320.8
346.3
321.9
340.8
862.1
322.7
352.3
321.8
362.3
876.9
334.5
321.3
866.2
321.8
321.4
862.8
321.9
321.5
322.4
862.4
322.9
321.8
322.3
863.2
322.3
322.5
345.5
863.2
371.4
564.5
388.8
562.5
409.1
864.8
322.0
321.7
863.1
321.4
321.9
864.1
322.0
384.9
446.4
366.4
338.4
862.1
878.7
325.2
323.4
322.0
321.7
321.8
862.1
322.3
323.2
864.0
332.2
360.4
493.9
623.1
576.0
865.5
531.4
355.1
441.2
862.2
331.8
330.7
863.7
334.8
321.3
862.2
322.4
321.6
320.7
325.4
322.3
873.7
865.2
447.4
408.0
509.3
408.9
487.9
474.5
865.1
333.6
875.2
321.8
325.1
321.3
321.9
864.5
322.7
862.1
321.3
321.7
321.7
323.0
861.6
321.2
357.5
335.3
408.4
403.4
321.6
867.2
323.9
324.3
863.7
322.2
321.8
875.8
321.4
410.4
871.7
321.9
416.9
322.3
874.4
322.7
321.8
862.5
322.2
323.7
320.8
334.3
357.7
346.4
862.2
322.8
321.9
874.2
436.8
465.9
475.8
463.9
866.2
322.9
320.9
873.7
322.0
321.8
866.7
321.3
321.4
861.7
324.4
451.8
440.5
320.9
321.0
863.0
368.7
322.4
375.7
323.9
863.2
322.3
321.1
874.7
321.9
864.2
321.6
321.9
333.3
323.2
862.2
356.0
321.3
375.8
352.0
863.7
325.3
331.9
424.0
419.2
875.8
323.3
321.4
874.2
321.3
412.4
863.7
682.3
493.5
726.8
609.7
351.8
885.5
323.5
873.2
389.7
377.6
322.4
864.2
320.8
321.5
416.3
443.1
434.0
863.8
321.9
322.2
861.8
321.3
320.8
420.0
414.9
877.7
861.6
321.4
321.4
321.8
322.2
321.4
888.5
329.7
460.7
489.4
406.2
871.7
321.6
322.6
866.6
325.8
323.8
321.3
863.1
321.8
321.3
864.6
321.4
322.1
322.8
864.6
473.2
542.5
629.6
640.5
613.7
862.6
373.5
321.3
875.5
321.8
866.7
323.1
322.1
322.0
864.5
396.3
324.3
425.8
347.9
320.9
322.2
862.1
322.6
866.3
434.9
433.3
322.8
863.2
481.4
438.5
493.5
443.5
338.5
872.5
877.8
449.8
321.1
440.1
451.0
341.2
428.3
871.4
867.2
425.4
423.2
383.9
861.7
321.3
332.4
323.0
404.3
471.9
387.7
863.2
321.9
338.9
333.3
875.8
377.4
487.4
451.0
864.5
321.6
886.2
326.8
323.3
321.4
321.4
408.7
384.4
918.8
403.4
352.9
874.2
322.5
321.4
918.0
324.2
321.4
434.6
430.4
862.7
322.6
322.4
867.9
322.8
321.4
861.3
322.8
322.4
862.5
321.4
324.1
321.9
321.3
862.5
324.9
321.0
333.1
322.1
324.9
864.3
321.9
333.3
324.3
879.2
321.4
422.6
873.7
431.2
337.6
324.3
877.9
322.9
322.6
361.9
359.8
862.8
321.5
867.2
410.6
418.6
683.1
861.7
748.6
823.1
705.8
562.5
716.4
864.6
935.0
322.3
321.3
321.2
320.9
862.4
322.7
326.6
322.3
866.7
321.2
321.8
336.8
321.8
321.3
863.1
367.3
332.3
863.2
453.4
631.9
553.4
484.1
885.2
323.8
339.5
321.3
939.9
321.7
877.4
430.5
502.3
417.9
611.0
365.8
864.4
330.3
884.7
321.4
321.5
863.7
322.8
321.3
354.8
394.4
357.3
341.9
863.4
321.8
876.6
321.8
322.1
345.6
863.7
321.6
321.9
321.9
321.6
322.0
862.6
321.4
862.7
322.1
321.5
403.1
351.4
369.9
863.0
865.7
322.3
321.8
322.2
321.6
875.2
323.0
325.1
340.5
321.3
347.8
862.2
322.4
321.8
863.5
324.2
321.4
322.4
861.7
321.4
321.9
320.6
866.2
322.3
325.5
321.3
873.7
332.4
324.7
321.8
875.1
368.9
322.1
360.9
861.4
321.3
322.8
321.9
864.3
321.8
321.2
357.9
353.6
870.8
321.8
377.8
384.0
878.6
322.2
321.4
862.1
322.9
321.0
321.9
864.5
322.9
321.2
332.7
321.4
873.5
454.4
504.1
889.9
517.4
657.1
438.4
462.7
864.2
876.6
424.5
437.6
497.4
863.7
321.3
322.8
321.9
322.3
323.1
861.8
320.9
322.6
334.9
863.1
323.3
322.0
322.9
862.7
321.9
321.5
372.4
369.9
863.6
323.8
322.9
321.2
865.1
321.3
321.3
321.2
863.1
320.9
864.3
321.8
332.9
321.9
863.7
418.1
479.8
387.4
325.1
321.9
865.8
321.4
321.2
874.9
321.3
474.8
384.8
867.2
403.3
862.2
321.3
323.9
322.3
862.2
321.3
322.0
370.1
399.5
375.9
861.7
322.8
320.8
864.1
436.3
442.9
321.9
321.9
872.7
321.4
394.0
322.8
391.7
862.7
321.8
865.7
332.2
425.9
431.9
321.3
874.7
321.5
865.9
320.9
321.3
321.4
362.9
339.9
861.6
374.9
332.3
356.5
865.5
405.8
354.3
334.9
880.5
321.6
493.6
427.8
427.2
865.2
375.6
352.9
376.1
345.6
861.6
321.9
866.5
322.7
872.6
321.5
322.3
320.6
322.2
874.6
327.3
322.8
322.1
876.1
322.9
386.3
376.3
322.4
861.6
376.9
494.1
575.5
593.9
453.9
867.1
879.8
