333.9
332.7
333.0
321.3
873.7
322.8
334.9
332.9
878.7
320.8
883.5
576.9
616.5
567.6
654.5
558.5
524.3
875.2
875.9
322.3
322.4
321.9
321.3
927.1
322.1
385.2
552.4
406.4
913.1
426.8
322.0
321.0
863.2
325.0
323.2
867.0
321.3
369.3
325.8
354.3
322.0
861.7
322.3
863.4
323.1
321.3
321.0
863.1
321.8
320.8
321.1
865.5
321.3
322.8
321.3
321.8
863.5
332.2
323.8
861.7
323.9
457.3
414.8
393.3
323.4
863.4
322.0
321.3
862.1
332.9
322.7
874.6
321.4
321.8
861.7
321.2
320.9
320.9
322.3
863.7
322.3
321.8
322.8
321.8
863.2
321.6
481.4
387.4
418.0
876.0
333.3
876.1
322.4
332.9
331.9
875.9
331.2
371.9
385.4
329.3
861.9
321.9
322.5
321.3
863.0
321.8
321.6
862.9
321.9
325.0
333.4
322.1
862.1
321.0
863.6
456.1
322.5
456.8
322.2
321.5
873.7
322.4
321.3
866.0
322.8
326.7
897.0
322.3
414.5
416.3
323.3
868.2
322.4
322.5
862.1
321.6
322.0
321.9
371.4
323.5
361.9
864.1
322.3
321.3
334.7
861.6
321.4
322.2
863.4
333.4
321.9
321.5
320.8
862.7
322.2
320.9
322.8
861.6
863.0
377.0
330.9
394.8
323.6
873.2
321.8
321.1
322.2
322.9
862.1
321.9
863.6
322.3
363.7
333.2
321.5
332.5
322.3
863.2
322.4
863.7
322.4
321.8
321.1
322.8
862.9
322.4
377.3
322.2
382.9
862.6
321.8
322.1
876.7
321.5
325.3
333.7
862.1
321.8
321.6
862.4
378.1
348.8
385.4
349.7
866.1
321.8
321.3
324.4
324.8
863.1
414.3
484.5
418.2
875.7
351.1
321.3
875.2
322.3
404.7
554.1
862.1
644.6
470.6
424.5
879.1
321.7
862.7
321.1
321.3
321.9
323.1
322.1
321.8
862.1
322.4
878.7
322.7
374.9
375.3
872.6
321.8
333.1
322.2
333.9
863.2
321.3
864.7
321.8
323.9
321.8
321.3
862.1
322.2
320.9
864.0
321.6
324.2
333.5
862.5
329.6
322.0
321.0
321.2
864.6
321.0
338.9
322.4
328.4
862.2
322.3
323.8
862.1
324.1
321.9
333.3
332.9
321.5
863.5
322.4
324.9
877.6
321.9
866.6
667.4
567.6
623.6
648.6
576.9
863.6
322.4
322.9
322.1
866.1
322.3
320.8
322.2
863.6
322.4
414.6
422.4
320.9
862.7
320.8
867.2
321.7
321.0
325.4
322.9
862.3
321.3
877.8
332.4
400.8
411.2
873.0
333.8
334.6
321.9
399.3
322.8
384.4
873.1
354.5
348.4
364.9
866.9
321.6
864.1
320.8
406.9
405.9
322.6
862.2
322.3
322.5
324.2
322.3
862.7
321.3
866.7
321.4
322.2
861.9
322.3
462.3
527.5
387.8
323.1
863.8
321.6
322.5
322.4
321.2
873.7
322.5
321.9
863.1
322.4
411.9
386.4
345.4
862.8
867.6
324.1
321.4
322.4
322.5
323.8
873.7
321.8
321.9
322.5
332.8
863.4
321.8
321.5
879.7
320.9
323.3
875.5
321.3
321.8
323.1
864.7
322.1
332.9
321.3
862.1
321.8
321.6
322.4
862.6
424.5
421.3
361.9
348.9
877.2
321.1
324.8
873.7
322.8
322.3
321.4
952.8
333.9
362.4
371.4
345.8
348.6
863.2
878.5
329.3
324.3
322.3
321.5
862.5
321.9
323.1
322.4
863.1
322.4
320.9
361.8
385.8
421.0
875.4
321.4
323.1
321.7
886.6
322.5
863.6
321.9
332.4
321.4
862.5
322.8
321.4
322.3
861.2
334.4
323.8
865.8
321.3
446.4
446.5
358.3
408.9
436.0
880.6
323.4
885.2
321.8
322.3
322.5
321.9
862.6
349.5
874.5
321.9
321.3
321.8
321.8
865.3
322.6
333.3
423.4
402.8
359.6
874.6
322.4
865.5
322.9
322.9
321.9
322.4
864.7
322.4
322.3
863.5
321.5
321.8
322.8
863.1
321.4
321.5
862.7
322.3
322.1
322.3
321.5
333.9
863.1
321.9
321.3
862.7
322.4
323.2
380.1
450.9
384.9
875.0
322.5
331.0
862.6
321.9
321.2
862.5
321.3
321.4
863.2
321.3
444.5
434.4
331.9
321.3
861.6
321.3
323.6
335.7
863.3
321.9
321.8
321.9
878.3
322.0
873.8
321.3
321.8
321.6
322.8
876.8
324.0
326.6
332.9
322.4
862.1
321.4
468.8
420.2
387.8
874.9
321.2
861.9
323.2
321.4
413.0
862.7
610.5
626.5
407.3
518.7
869.2
320.9
862.1
323.3
357.4
352.9
320.9
863.7
321.8
321.3
343.5
391.8
382.4
864.7
323.1
873.6
322.0
321.3
355.3
339.7
360.8
871.1
867.7
320.8
321.3
323.8
322.3
320.8
874.7
402.9
422.4
408.3
385.5
864.1
322.3
321.6
862.1
324.1
334.5
321.7
862.7
322.3
321.3
864.5
323.1
321.9
866.5
322.2
414.7
491.0
544.5
628.1
566.4
873.4
321.9
322.0
863.6
321.3
861.9
321.3
322.5
323.2
862.7
321.8
321.3
333.5
322.3
322.3
862.1
321.3
864.1
333.2
470.9
473.6
322.7
862.2
353.4
391.6
459.8
408.4
863.8
331.9
876.6
386.0
322.5
382.0
394.5
322.2
387.4
862.6
878.5
321.5
415.8
420.1
875.8
322.4
321.7
321.4
382.4
395.9
332.6
863.7
321.8
323.7
868.5
322.5
406.2
321.4
404.8
867.2
322.2
863.2
321.9
332.0
322.4
323.1
355.8
324.5
920.7
350.3
322.7
899.7
321.8
867.0
324.4
321.9
321.4
418.7
862.3
417.5
321.3
864.0
321.7
324.4
321.4
862.5
322.3
322.8
862.7
322.8
321.8
321.3
325.2
864.2
333.2
332.9
320.9
321.0
863.7
321.5
321.9
322.5
865.0
322.3
864.2
322.6
411.3
402.8
321.5
332.9
862.6
321.6
333.8
321.9
328.3
874.2
323.0
862.1
339.4
343.4
413.5
424.4
567.0
864.2
382.8
544.8
424.8
866.2
862.1
322.8
321.4
321.8
321.4
862.1
323.8
324.3
321.8
863.8
322.0
322.2
323.0
322.3
863.2
322.9
333.3
321.9
863.5
470.9
349.2
467.7
336.9
868.3
322.4
321.2
873.2
322.1
322.3
866.0
332.5
440.4
433.4
364.2
863.6
322.2
321.8
867.1
321.6
322.3
863.0
322.3
428.0
427.1
321.1
321.6
863.7
332.1
879.1
322.1
323.8
321.9
862.9
322.8
323.2
332.7
323.4
325.2
862.7
321.3
322.4
875.5
322.9
322.8
329.0
321.4
327.3
864.3
876.8
321.8
321.9
321.8
321.4
863.6
321.9
321.3
321.9
320.7
333.3
872.7
862.1
322.1
321.3
322.2
321.9
874.4
322.4
321.3
323.4
321.7
930.3
323.2
321.1
867.2
322.5
322.0
322.8
864.8
322.3
323.8
332.8
324.4
864.0
323.9
322.3
322.8
862.5
321.9
334.4
322.7
332.2
863.7
331.3
321.8
862.2
325.8
324.4
321.9
862.5
322.0
321.4
321.2
875.4
321.8
321.8
320.8
863.1
321.3
402.8
865.0
431.6
386.9
503.6
322.0
321.6
876.4
875.0
409.0
418.5
513.6
874.1
322.3
322.1
322.3
321.8
862.6
322.8
322.2
321.9
863.6
321.4
322.3
322.8
322.3
863.1
321.9
322.4
339.2
368.2
861.9
323.3
321.8
863.7
322.3
323.9
324.4
862.3
324.3
320.9
863.1
321.8
332.9
321.8
872.8
322.6
423.4
425.3
865.3
323.1
324.7
321.9
862.8
321.7
323.4
416.5
864.8
337.4
393.3
878.1
321.0
323.4
322.8
873.2
321.4
331.8
333.1
330.3
334.8
873.4
321.3
863.7
321.5
438.0
427.4
321.4
864.0
323.0
322.3
322.9
333.4
322.0
867.3
323.9
876.7
365.9
341.6
376.5
321.9
863.6
320.9
862.7
321.4
375.3
322.9
321.8
321.8
862.4
332.8
320.8
867.2
322.7
324.0
321.7
322.4
874.2
321.8
322.9
356.3
355.3
863.7
326.8
322.8
321.3
862.0
322.4
868.2
321.9
321.9
873.2
321.9
322.3
321.8
321.9
862.2
321.9
333.9
324.3
864.2
321.8
332.6
331.8
875.2
322.3
363.9
412.9
415.4
526.1
862.9
368.3
877.2
