333.1
324.3
321.0
873.9
322.3
321.8
322.5
863.7
321.8
323.7
863.0
321.3
321.4
331.9
332.1
861.6
322.9
322.4
872.7
321.6
321.9
323.9
875.2
321.3
321.8
332.3
326.8
864.1
321.3
321.3
322.4
323.3
861.7
321.9
862.0
322.7
322.9
321.5
320.9
863.1
321.4
322.4
321.4
864.2
321.4
320.8
862.2
322.0
322.1
322.6
863.3
333.7
321.2
322.9
321.9
874.6
322.3
333.4
332.8
875.7
321.5
331.5
333.8
872.9
324.1
323.5
326.0
873.3
331.6
327.3
875.9
333.7
335.3
323.0
881.5
336.5
324.0
354.3
337.1
881.3
343.6
325.3
879.8
357.9
357.6
355.7
360.9
885.2
369.5
348.2
336.3
888.0
328.5
348.1
876.2
330.4
331.6
340.0
367.6
511.3
1040.1
338.0
880.8
327.6
324.5
342.5
879.3
324.6
322.3
322.4
335.3
874.9
333.3
320.8
863.2
321.3
324.6
334.7
324.2
875.4
324.5
321.0
864.2
320.8
321.9
334.1
862.2
332.4
321.3
321.4
874.4
332.4
324.1
321.4
874.5
332.3
322.3
322.2
332.8
872.7
323.9
320.3
322.3
873.0
322.8
322.7
321.8
873.2
332.3
322.1
321.8
874.6
322.3
368.4
322.3
333.4
874.5
321.7
863.6
332.1
322.6
322.1
323.3
863.6
322.8
322.8
873.1
322.7
331.8
322.9
863.2
332.1
323.4
332.2
333.3
875.3
322.2
320.9
333.4
873.0
334.3
332.4
861.9
322.8
322.5
332.8
323.3
332.8
872.1
322.7
867.7
351.5
321.8
332.3
323.2
873.1
322.1
321.8
333.2
863.0
323.0
333.8
321.6
875.1
321.9
323.3
321.2
874.2
320.8
322.6
875.1
347.2
322.5
351.4
323.4
865.1
322.5
334.0
864.4
322.1
322.2
333.0
322.8
863.4
321.9
322.4
862.2
424.6
322.1
321.8
321.4
875.3
332.4
331.9
863.2
332.8
320.8
322.4
321.9
874.2
322.8
323.9
861.2
321.3
321.3
332.1
861.7
322.3
321.5
323.3
331.4
872.2
322.3
321.9
874.5
321.5
333.4
321.4
873.3
333.7
322.8
321.0
874.0
324.6
335.0
323.1
333.4
863.1
320.8
321.8
861.7
332.9
320.8
321.8
321.9
862.9
321.3
322.9
864.1
322.3
321.3
321.4
872.7
322.3
356.8
418.9
399.4
321.5
863.2
391.3
862.2
322.9
332.4
321.9
334.9
862.2
323.6
322.4
320.8
321.4
861.8
320.8
874.7
321.8
332.8
333.6
321.4
333.8
874.1
322.4
864.7
322.0
323.1
321.9
875.6
323.3
334.2
323.0
322.1
874.2
332.5
332.5
873.2
333.3
322.3
322.6
872.7
321.4
334.9
331.8
331.8
875.5
332.8
322.4
323.4
324.8
873.1
322.4
323.8
873.2
334.3
321.4
875.2
382.5
411.4
455.1
321.8
872.7
323.4
333.1
321.9
875.2
321.5
325.4
867.1
322.3
321.9
321.8
321.6
873.1
373.6
321.4
862.2
321.8
326.8
322.5
333.6
873.1
322.0
323.9
332.8
874.2
333.5
332.9
321.4
863.2
322.9
321.3
861.2
321.8
323.3
332.3
872.1
322.9
332.8
332.9
873.4
321.9
321.9
333.8
874.4
322.3
322.1
321.8
321.3
863.5
333.4
321.8
321.3
874.7
321.4
331.8
874.6
333.3
322.2
333.1
872.7
332.3
320.9
321.8
873.1
322.3
322.0
332.8
332.4
864.3
322.6
320.9
873.3
321.9
322.3
320.9
321.5
876.2
323.1
325.3
322.3
864.7
323.4
321.0
875.2
323.3
321.8
322.1
872.7
321.6
322.2
334.3
873.2
321.9
322.7
333.9
861.7
322.1
322.8
321.3
337.4
325.0
873.2
334.3
863.8
322.0
324.6
332.8
322.8
873.0
321.6
332.8
864.0
322.0
332.3
322.0
873.5
322.8
322.7
322.9
323.1
333.9
875.7
321.4
322.3
862.2
321.4
323.7
392.5
875.2
324.6
321.8
863.2
321.8
331.8
321.9
867.2
373.1
322.5
332.9
872.6
332.4
332.3
323.0
872.6
332.9
322.2
321.2
332.9
874.4
323.0
321.4
322.3
320.5
874.1
332.9
324.2
321.8
862.6
321.9
14.6
321.7
333.1
321.5
874.2
332.3
333.2
320.8
321.7
875.6
324.6
321.8
321.7
862.6
320.4
324.7
873.7
322.9
332.8
321.9
874.1
321.9
332.4
321.8
875.0
333.1
323.6
322.0
320.7
874.7
321.4
322.3
322.9
873.7
333.3
321.4
875.3
332.5
333.4
322.0
874.7
334.4
473.4
470.9
321.4
862.2
322.0
321.9
865.2
322.2
333.5
320.8
861.9
320.7
322.8
331.9
322.1
322.2
863.3
321.7
879.1
335.4
322.4
332.9
876.2
323.1
320.9
331.4
873.0
332.3
332.2
321.3
874.2
324.7
321.3
323.3
332.4
333.9
873.3
321.3
875.0
321.9
331.9
334.7
322.3
874.3
324.4
322.3
333.3
862.2
407.2
324.5
871.3
321.2
321.8
333.5
341.8
322.0
335.9
877.5
326.0
874.5
322.8
321.8
862.2
322.0
332.8
331.9
875.2
322.3
321.8
332.3
321.7
874.6
333.3
321.2
873.4
331.4
333.8
339.3
862.1
321.7
322.0
322.7
321.9
863.5
332.7
333.6
864.8
333.6
333.4
333.8
321.4
874.1
322.8
321.3
874.6
332.9
321.7
321.3
874.0
321.8
322.2
322.8
332.5
332.3
861.7
323.3
321.7
874.1
333.5
322.8
321.7
862.3
321.8
321.8
863.2
322.3
325.4
349.5
321.9
333.3
873.1
332.8
335.8
863.7
322.8
323.9
874.1
321.8
323.0
323.1
873.3
321.8
332.4
332.3
874.5
322.8
321.8
321.8
863.0
333.8
333.0
321.8
877.0
333.6
322.7
321.9
873.9
332.8
322.4
322.0
322.3
872.8
322.3
322.2
333.8
878.3
321.5
323.8
874.0
322.4
333.7
331.9
321.4
874.1
321.4
322.3
862.1
321.9
322.9
332.5
874.9
322.2
323.2
320.9
335.1
874.9
335.9
332.9
321.8
332.6
872.7
321.9
861.7
322.2
333.3
321.5
945.4
333.8
322.3
332.8
321.8
874.3
322.6
321.8
875.2
333.8
321.6
322.0
322.3
863.2
322.4
323.1
328.1
332.2
873.0
321.8
332.3
875.8
323.4
322.9
863.8
321.9
322.8
333.9
321.8
872.7
322.1
321.9
874.0
322.1
321.9
333.0
875.5
322.3
333.9
324.3
322.1
872.9
321.9
321.1
863.3
321.7
322.8
323.1
866.3
323.4
322.0
322.2
324.3
875.6
331.8
324.9
333.6
864.3
322.3
335.7
323.6
321.3
862.7
321.4
874.5
322.2
324.2
331.4
875.5
335.0
321.8
322.3
320.8
863.0
321.4
321.8
874.3
333.3
333.0
324.6
322.5
866.7
322.9
322.7
863.6
322.4
334.6
323.0
322.4
862.7
359.9
320.8
863.6
321.8
332.3
321.4
322.2
874.6
321.5
323.0
333.8
326.6
874.4
322.4
322.4
874.2
322.9
322.4
875.1
321.9
322.7
321.7
998.0
429.3
322.8
321.8
336.2
874.1
321.9
322.2
326.4
864.2
321.9
321.8
862.2
322.4
320.9
333.2
322.3
864.7
324.0
321.8
874.7
403.4
333.0
397.5
862.0
333.1
332.4
325.7
321.6
863.2
323.2
322.2
913.9
321.8
323.5
334.2
865.2
322.6
321.2
339.9
322.4
321.2
861.6
323.9
322.2
862.2
321.3
333.1
322.3
874.7
333.2
322.0
321.6
872.5
321.8
320.8
875.0
321.9
322.9
332.9
334.3
861.7
321.3
321.3
332.9
863.5
323.0
333.9
873.2
333.4
321.9
321.9
862.1
336.9
322.6
333.7
873.9
333.4
323.8
331.8
878.8
335.9
333.4
322.8
875.7
322.4
333.3
333.4
331.8
874.6
332.8
321.8
332.9
872.7
322.8
333.7
322.3
862.3
321.2
333.9
323.4
873.7
334.9
322.3
864.6
321.7
322.2
333.7
874.2
333.6
326.9
325.4
874.7
323.2
323.4
321.0
321.4
321.9
862.5
323.8
323.1
862.1
322.6
321.9
362.9
875.8
333.4
321.7
322.4
863.0
321.8
323.4
864.0
322.1
322.3
332.9
874.2
333.4
322.6
331.7
875.4
322.4
323.3
333.2
321.8
874.5
322.3
332.5
322.3
362.3
866.6
371.4
320.4
862.3
