473.6
428.3
902.7
1139.7
1112.9
1368.7
1168.1
1278.7
1232.2
1401.1
1580.7
1426.1
1367.5
1439.7
1497.9
1709.6
1208.7
1884.6
1398.4
1275.6
1030.4
1529.9
1334.2
903.7
1214.0
1811.1
2835.8
1339.9
1593.7
1501.4
3269.1
1455.6
1079.5
1580.1
1761.8
3407.8
3944.6
863.8
1745.2
3503.4
3535.0
1975.7
863.5
2346.5
2201.5
3869.3
862.0
873.0
2835.6
4462.4
5210.7
862.3
3540.5
3375.7
5703.4
5374.0
5398.1
3187.7
863.5
3442.1
2764.9
2270.5
2953.1
3305.9
3651.0
4025.1
862.5
3623.8
3476.5
3535.4
3566.4
3330.1
860.5
2650.6
3278.8
863.9
3159.4
3932.2
2816.6
2952.6
3762.8
917.6
3021.5
3704.3
2576.1
896.8
3836.7
2765.0
3247.5
960.3
3077.7
3094.9
862.1
3279.2
3316.8
3320.5
865.8
3382.0
863.9
3564.7
3310.9
3615.8
3220.0
873.2
4058.9
3767.8
861.7
4021.5
3223.6
3822.2
4454.8
3840.1
4065.2
874.7
4442.6
875.2
3933.1
4207.8
4469.5
4530.6
874.6
3739.2
4381.5
3965.3
4297.7
4283.8
889.4
3391.5
4444.8
861.4
5095.8
4751.0
4348.7
4645.5
4492.2
865.3
4763.0
4884.2
861.7
3765.1
4185.8
4167.0
5333.6
864.0
5670.4
5467.8
5246.6
875.8
4607.6
5088.6
4062.7
4563.2
4533.4
5084.9
4779.0
4623.3
4557.7
940.5
4793.5
4915.0
898.0
3384.4
4628.3
6308.6
6327.1
3029.1
4018.3
4649.9
1025.7
4481.0
4776.3
5082.6
3764.2
5812.0
3624.3
907.8
861.4
6194.4
2978.5
863.1
3508.7
3694.0
3243.7
5840.9
5079.0
1137.0
5297.6
5562.0
4000.8
1560.7
1386.4
1181.8
7404.2
4831.5
4852.9
5556.1
4948.1
1059.5
5107.9
1052.7
4316.7
5693.1
4915.4
1182.2
1424.1
1184.5
6588.3
863.0
5612.1
6324.9
5648.0
5312.9
4631.3
5614.2
863.3
6989.4
5554.3
6019.5
5200.5
861.5
5650.5
7530.7
6432.0
935.6
5758.9
8468.0
7366.6
5846.5
978.3
7254.2
7184.2
6823.3
1052.1
7971.2
7064.7
9390.0
7393.5
1102.8
7685.1
6335.3
1037.9
7881.5
9616.8
1040.0
996.6
7097.6
6810.3
6801.5
7726.3
8061.6
860.6
6375.1
7127.2
7797.9
6917.4
863.7
9150.2
1260.6
9243.6
996.0
7207.9
9706.5
1129.6
9806.1
8735.6
866.1
9724.5
9255.3
974.6
9893.8
8368.5
9306.6
873.0
8644.6
10426.9
875.6
9456.0
8759.4
10074.4
8804.0
880.0
9879.9
870.6
873.4
10012.1
10084.8
10400.5
864.0
9049.1
9521.4
10042.9
9099.2
9954.3
10608.2
9043.5
10406.7
875.9
8879.0
10959.2
875.4
9938.3
879.4
10581.3
10359.7
10164.4
863.6
10942.0
10853.1
928.5
909.8
10127.9
10772.5
862.5
872.9
874.3
865.3
996.1
1066.6
10682.5
928.9
10377.7
863.4
1016.1
984.3
970.1
871.9
981.8
946.5
992.7
992.0
895.5
862.0
863.4
974.5
872.5
969.0
860.9
874.0
873.8
861.3
875.6
872.4
863.9
922.6
1053.9
984.7
863.4
860.8
864.8
861.5
863.7
870.7
865.0
886.2
863.4
894.5
860.9
863.7
899.3
905.3
873.2
860.7
872.6
957.5
957.2
1189.7
1347.6
1436.8
1335.2
1281.9
1189.7
960.1
873.5
894.8
885.0
902.2
869.2
901.8
883.0
1078.9
1053.2
863.3
873.6
897.0
947.0
1063.5
1162.6
1006.8
913.0
873.5
863.3
864.1
872.8
864.9
868.9
863.6
860.9
864.5
861.1
874.2
881.6
865.5
873.4
863.1
881.1
920.0
979.7
1165.9
1046.8
885.5
863.7
873.4
873.2
862.8
863.8
890.4
886.1
876.1
861.8
873.9
867.3
883.8
980.3
995.0
965.4
911.4
910.6
1301.5
1090.0
969.4
865.1
862.0
863.8
871.5
