455.4
759.4
666.2
929.7
1089.7
1127.1
1178.0
1240.5
1246.1
1213.3
1744.2
1683.3
1889.0
2053.5
1968.8
1952.8
1880.7
1826.8
1819.9
601.3
1099.0
564.2
460.1
457.7
826.5
921.4
831.7
1095.0
1070.1
721.0
571.5
759.3
741.7
479.4
494.0
615.8
682.7
940.0
1117.2
1065.3
942.0
845.5
446.2
443.1
459.7
444.3
511.3
497.1
441.5
441.4
443.1
443.8
442.5
444.0
442.6
443.1
445.9
443.9
450.1
444.6
910.8
1085.6
995.1
1033.3
907.1
803.4
443.8
461.3
476.7
490.1
442.1
444.2
443.4
441.5
444.0
441.9
441.3
549.7
524.8
631.8
452.7
441.1
442.1
443.8
444.8
444.5
458.6
675.7
1001.5
888.2
1054.8
752.0
444.6
445.1
444.4
446.1
559.8
736.7
759.6
859.8
769.8
534.1
549.9
578.8
579.3
487.1
444.6
443.8
440.7
450.8
599.8
783.7
522.4
568.1
442.4
542.2
716.0
697.2
718.7
871.0
884.7
832.5
843.6
697.4
492.1
575.3
611.8
695.3
677.8
700.0
903.1
470.8
810.4
630.7
443.0
446.5
443.1
441.4
668.4
616.3
678.6
603.7
451.6
518.2
510.3
448.8
459.9
447.5
458.3
443.0
574.2
617.5
508.9
614.9
618.9
536.3
701.4
514.8
443.4
448.5
618.7
611.3
445.0
443.9
444.6
471.9
578.8
567.4
468.7
446.7
448.1
457.6
448.1
533.0
587.8
715.3
681.5
514.6
1218.2
1325.9
1316.8
1384.2
1382.1
1015.9
1435.7
1457.6
1332.7
1282.7
1511.3
1377.2
1386.2
980.3
1107.6
466.5
631.2
501.1
441.4
442.2
444.8
444.0
822.5
797.6
724.5
852.6
793.8
702.8
608.3
762.6
759.7
678.7
621.6
812.5
917.9
1156.8
1021.8
1204.3
889.7
994.2
1164.5
1136.0
1395.6
1417.8
1637.5
1492.4
1479.2
1189.4
1197.7
561.7
441.0
443.9
556.8
720.7
713.1
611.2
682.7
757.8
757.3
953.9
841.6
977.9
926.1
926.3
996.4
1008.7
788.9
999.6
1000.7
571.8
452.9
455.2
608.4
598.8
563.7
447.8
555.2
443.1
446.3
446.2
447.9
530.3
446.9
515.7
442.6
444.6
480.3
444.8
819.6
686.6
777.8
612.8
440.1
441.8
443.1
660.1
772.4
826.9
741.3
685.0
542.9
631.3
608.3
670.1
605.3
1119.7
1285.7
1375.2
1395.4
1383.6
1380.0
1433.6
1448.7
1024.1
1294.9
1087.6
1188.5
1103.3
720.1
789.5
908.6
1066.0
1059.1
1060.3
847.0
691.3
442.3
557.0
554.3
630.5
640.6
446.4
462.3
643.7
694.5
682.5
634.0
470.0
450.8
495.5
635.6
730.5
1040.3
1256.1
1308.9
1045.6
1074.6
1113.8
971.2
721.7
658.0
792.7
834.9
936.0
861.2
1020.0
944.5
954.1
1073.6
977.8
708.7
713.4
479.4
447.7
447.5
832.3
1098.0
1096.4
1016.7
1120.7
850.5
926.5
762.0
712.6
640.8
638.4
447.3
443.1
444.3
483.6
672.6
790.0
795.3
750.6
571.1
440.8
441.5
478.7
750.0
719.8
604.0
442.6
443.3
476.2
604.3
700.3
683.9
751.2
602.7
503.0
445.6
469.4
442.0
442.6
442.9
442.7
444.2
445.4
441.3
440.7
558.9
721.9
696.3
1013.8
836.0
1146.3
1213.2
961.9
1123.1
812.5
442.8
467.2
442.6
444.2
441.4
441.9
466.1
1021.2
992.7
959.8
633.9
868.5
995.3
442.0
442.9
442.9
597.5
589.0
445.9
442.9
442.5
442.7
782.7
771.9
1189.2
1370.5
1463.9
1481.9
1296.0
1237.1
1073.9
1013.7
444.4
500.5
442.5
495.6
444.7
442.2
663.8
599.0
849.1
638.8
616.2
750.6
655.1
443.4
688.0
1037.8
1048.1
1061.8
1158.2
1149.2
994.3
818.4
466.5
548.0
454.3
548.2
442.3
441.0
442.6
440.8
445.7
443.4
442.7
452.5
524.0
493.5
828.4
988.6
1135.5
968.1
866.1
1010.1
982.6
1021.1
756.1
818.2
859.8
505.6
442.2
451.2
442.8
448.5
482.7
475.3
443.8
443.6
441.0
444.8
444.2
488.6
443.8
630.0
557.2
459.5
446.1
446.4
531.6
843.5
799.3
1039.4
1088.4
1069.8
704.9
791.8
744.9
446.2
443.9
443.5
450.1
440.5
442.9
560.7
511.7
623.7
483.6
569.7
541.8
484.0
671.5
675.9
781.5
674.6
782.6
557.5
561.4
445.1
443.7
442.9
442.6
444.8
441.5
442.0
616.6
752.0
828.4
828.1
718.4
554.0
794.3
744.6
859.0
756.1
445.1
442.0
442.7
447.1
475.8
894.3
1331.1
1403.9
1414.8
1364.6
1264.9
962.2
824.1
682.0
690.9
738.2
737.1
651.8
451.0
609.5
844.9
868.8
886.8
773.9
442.3
445.7
482.7
443.4
550.2
759.9
594.9
757.8
541.0
444.2
446.9
463.0
516.7
504.7
451.8
818.4
833.5
868.1
942.0
803.1
445.5
445.3
446.6
559.2
557.1
671.6
482.7
511.9
454.6
521.8
444.5
444.0
442.9
444.1
922.6
1035.9
1104.6
1199.1
1234.3
1142.5
712.5
523.8
847.9
444.0
443.0
446.0
449.2
445.4
442.5
564.8
703.1
827.6
705.4
800.9
665.6
585.1
496.1
569.1
755.9
808.7
709.2
577.9
788.1
810.1
1039.6
1113.4
1103.9
709.9
857.0
593.1
470.7
607.0
667.0
818.6
707.0
818.1
793.0
445.0
606.0
614.7
455.8
443.6
570.0
894.5
902.3
1087.3
1104.8
1137.4
974.6
997.5
1288.5
1317.1
1484.0
1428.1
1229.4
1352.8
784.2
1218.5
510.2
442.2
513.1
781.1
958.2
961.3
1162.6
1186.1
914.6
1104.2
929.5
466.9
729.4
813.8
777.9
644.2
874.5
856.1
507.4
447.0
448.4
443.5
444.8
451.5
443.6
443.8
440.7
443.6
444.3
443.9
443.9
443.4
510.2
578.3
710.4
743.2
760.7
768.7
668.4
802.2
636.8
460.1
443.6
506.5
665.9
698.5
778.8
844.5
537.5
490.3
443.1
535.8
698.1
550.1
442.4
444.0
726.2
1313.1
1307.5
1476.5
1566.6
1453.1
1748.3
1614.2
1759.6
1511.2
1079.7
536.2
443.3
445.5
445.1
441.4
444.0
443.3
442.4
443.1
443.8
488.6
600.3
600.7
561.6
490.9
617.4
555.2
1111.4
1018.5
1204.8
1276.0
1293.5
1073.9
761.3
767.3
1041.0
694.2
765.2
681.7
1214.0
1269.7
1224.5
1365.8
1281.9
1037.5
1202.9
917.2
445.1
440.4
442.3
442.2
459.1
785.1
916.8
1060.5
1000.1
796.3
797.2
484.9
441.3
443.2
442.5
442.5
445.5
446.3
587.2
504.5
625.3
454.1
443.7
444.9
445.0
442.9
445.1
752.8
752.7
779.6
727.6
442.1
442.6
462.2
460.6
442.7
440.4
559.8
644.8
781.7
482.4
766.5
441.6
446.8
445.2
440.7
446.9
443.4
479.5
443.4
581.7
442.6
524.6
468.6
574.1
597.0
442.8
442.9
443.1
444.6
444.0
541.1
696.4
686.3
567.3
441.2
460.0
598.7
614.0
559.1
764.7
710.5
697.8
691.2
546.0
445.0
580.7
558.5
441.5
445.3
444.4
443.1
665.2
668.7
488.2
457.5
737.3
534.6
810.7
538.9
443.1
602.9
1029.9
1109.7
1243.6
1293.9
1088.8
1215.2
1076.3
760.5
906.5
993.7
716.9
444.0
460.2
597.2
524.6
565.2
445.5
482.6
440.3
444.6
448.2
477.0
445.8
532.0
496.9
444.2
444.4
702.0
718.9
581.1
503.6
481.6
532.9
445.7
541.9
612.0
516.5
442.5
515.0
505.4
542.6
494.2
512.3
444.4
574.6
639.1
759.2
845.4
530.7
634.6
547.5
522.5
444.0
444.6
445.1
672.9
667.7
600.9
746.4
445.6
444.7
600.2
601.1
443.4
685.2
1019.8
1012.6
716.9
813.2
445.3
441.8
535.1
638.0
680.8
445.8
447.6
442.0
444.1
563.5
635.5
886.5
768.6
764.2
651.6
560.8
674.9
714.8
1079.9
848.2
607.6
700.5
444.6
446.2
447.0
441.4
444.2
724.7
603.0
700.0
818.3
843.7
951.5
689.3
882.8
942.6
590.5
781.9
778.1
741.0
717.4
547.6
802.4
852.9
747.7
755.4
822.7
595.8
511.7
581.0
444.1
451.2
510.4
499.4
444.3
462.3
641.5
557.0
574.7
459.0
602.3
642.6
609.5
450.9
631.3
938.2
1151.0
1223.4
1180.7
1043.0
971.3
