456.1
441.3
454.5
456.5
443.7
445.4
442.5
443.2
445.4
443.3
445.0
444.7
508.5
621.4
629.6
666.6
557.2
513.1
570.1
445.2
442.7
445.8
442.7
444.6
517.4
479.5
547.2
446.3
443.1
442.6
469.8
480.9
495.8
443.8
445.2
458.2
454.2
479.8
450.8
476.7
444.6
444.3
446.7
443.0
457.4
443.8
442.9
440.5
443.9
441.1
445.2
447.9
440.6
444.7
446.9
456.5
452.7
445.8
442.9
446.8
557.3
454.9
595.6
479.8
441.9
442.6
445.5
443.1
442.7
445.3
445.1
442.7
444.3
446.5
446.5
447.6
444.5
456.8
454.2
452.9
443.6
444.7
456.0
443.4
443.8
445.7
445.1
445.9
445.0
468.9
442.6
455.1
444.0
447.2
443.9
445.1
455.8
455.1
443.3
454.0
467.2
445.4
444.0
442.8
443.4
444.7
441.0
442.2
444.4
443.9
456.7
443.3
443.2
439.6
455.5
446.2
443.7
444.5
442.6
442.4
483.3
446.9
481.9
442.8
445.4
455.5
444.9
449.6
447.1
456.6
456.8
441.2
443.5
440.7
446.6
445.2
441.8
454.0
445.6
453.2
441.9
442.5
447.3
446.1
443.3
443.8
445.4
454.6
442.2
444.0
453.4
446.9
443.3
444.6
510.1
456.8
509.0
440.7
445.1
445.9
453.5
470.9
448.3
440.2
446.6
444.8
443.0
455.4
442.9
444.8
442.3
444.2
443.3
456.1
444.8
453.0
444.5
443.1
460.5
444.5
444.5
442.2
454.0
442.7
444.1
452.1
443.7
563.5
562.3
445.3
442.6
442.4
443.4
444.2
439.0
442.4
439.9
444.3
442.6
454.1
444.8
441.7
549.7
461.0
539.9
443.9
441.2
446.1
451.1
443.9
456.6
443.9
555.0
556.8
443.8
443.6
442.9
443.5
444.2
560.3
515.1
562.0
515.2
444.4
443.6
444.2
447.6
444.9
443.5
444.5
443.6
452.8
443.7
455.1
453.3
444.6
555.9
448.7
568.8
446.8
444.1
546.2
552.4
444.7
454.8
456.5
452.3
446.0
443.2
447.5
443.5
442.3
442.4
444.4
443.0
442.0
448.9
447.4
445.9
443.1
443.9
462.0
444.3
442.0
445.2
446.7
463.9
443.5
458.7
444.2
444.9
447.3
444.3
596.5
599.4
582.3
444.3
441.0
443.2
441.1
446.0
442.6
441.3
562.8
919.7
949.2
868.3
995.4
793.7
457.6
454.6
442.4
443.1
537.3
474.5
497.4
443.7
665.4
540.5
633.6
512.4
444.4
440.4
444.0
454.9
445.9
441.9
453.2
443.9
453.9
452.7
454.0
445.8
442.1
493.2
445.4
455.7
443.5
444.5
454.2
441.3
454.9
443.2
443.2
442.7
444.6
440.5
444.8
445.2
444.8
480.5
460.9
445.5
452.8
642.3
577.2
598.4
440.4
446.5
453.2
442.9
444.9
445.1
773.2
700.7
690.0
614.9
443.4
441.9
445.0
445.7
443.3
445.7
457.0
445.3
445.8
440.7
446.7
442.4
441.4
455.2
444.3
444.5
446.3
446.0
449.4
455.5
491.7
443.7
445.2
445.9
452.3
443.3
441.8
442.5
457.9
550.4
540.4
442.1
444.7
446.6
443.5
443.0
445.2
442.5
443.3
445.3
441.9
634.0
484.0
605.2
443.7
555.4
679.5
630.2
473.8
442.7
441.3
447.1
443.2
444.2
457.1
444.3
452.9
539.2
598.9
672.1
452.7
446.3
443.3
444.1
444.5
442.0
442.9
440.9
452.8
444.9
442.4
440.4
444.6
441.0
445.2
457.3
443.8
451.0
455.3
442.4
443.1
441.7
443.4
444.5
442.3
453.5
444.7
445.0
451.9
446.5
440.3
444.5
443.3
444.8
442.7
440.3
444.5
441.9
453.2
444.9
473.7
514.4
541.0
444.6
445.4
444.6
457.1
454.6
442.4
443.9
445.5
441.8
456.8
445.1
449.9
445.5
443.0
464.9
454.4
590.2
517.4
563.2
444.3
440.9
442.7
447.5
444.0
443.5
441.9
442.7
448.6
442.2
445.1
441.4
448.3
443.5
455.8
444.6
442.3
503.2
447.5
455.2
455.7
455.1
440.0
441.8
439.9
445.1
446.9
442.2
537.4
501.6
569.1
476.0
444.1
442.0
530.2
527.2
443.2
444.8
442.4
443.7
444.4
445.4
446.4
456.3
457.7
444.9
443.3
444.0
445.0
452.8
441.4
445.1
457.0
444.6
445.2
442.7
446.3
444.4
446.3
443.1
455.0
443.8
443.2
444.8
553.1
478.7
526.8
443.5
449.0
441.8
442.5
443.5
442.1
445.3
441.0
441.7
444.9
443.5
495.6
454.2
861.3
859.8
453.2
442.4
442.5
441.3
441.5
442.7
452.4
454.2
442.6
444.6
441.6
582.1
572.7
714.9
449.8
444.4
443.3
441.0
441.3
444.6
453.2
450.7
442.1
455.1
445.9
534.5
445.0
444.0
454.0
443.1
443.7
463.7
528.3
556.1
444.7
445.2
446.0
454.9
514.8
443.2
457.6
443.4
452.3
454.8
453.8
444.8
443.7
442.1
447.2
444.7
690.9
731.8
762.4
686.5
604.2
447.7
439.3
442.0
451.8
442.1
444.3
443.9
456.0
455.6
444.3
444.6
458.5
439.7
442.7
472.6
441.7
443.0
573.3
463.3
574.7
442.7
443.8
446.0
475.0
641.4
664.3
444.0
447.3
440.8
444.8
445.0
458.0
442.3
456.1
488.1
469.4
497.4
442.6
445.3
445.6
441.5
445.9
442.4
445.0
572.0
565.2
455.4
441.6
442.0
444.6
445.3
447.6
443.2
443.4
441.8
444.6
443.8
443.5
444.3
442.6
446.7
569.2
570.6
714.6
581.1
581.4
441.7
442.2
442.6
448.7
443.4
445.6
441.9
444.3
460.1
443.6
445.0
441.3
439.9
441.5
443.8
441.5
444.3
445.0
444.6
444.4
443.6
456.5
442.4
444.3
444.5
446.0
455.0
442.5
445.5
445.9
443.4
455.5
442.7
445.0
443.0
451.9
449.9
443.7
442.6
453.1
443.6
446.2
452.3
441.5
442.2
443.9
446.0
444.5
445.9
453.6
605.4
614.3
456.5
485.0
506.0
445.4
473.7
443.6
442.9
447.2
494.5
445.1
456.5
454.7
450.6
456.4
441.7
454.4
444.9
456.3
452.4
441.2
452.3
445.1
443.6
444.8
442.5
446.6
574.2
593.2
717.2
440.6
449.0
450.7
442.4
442.7
444.3
446.2
573.9
445.0
608.6
487.5
443.7
445.9
457.8
443.3
448.5
444.7
454.7
445.3
442.3
447.7
444.0
457.6
443.0
444.9
461.0
443.2
443.5
451.7
442.2
444.8
444.1
442.7
444.5
458.4
444.7
443.9
447.4
454.6
444.9
440.6
443.2
456.1
442.9
444.7
533.9
445.4
444.5
445.6
443.2
443.2
444.1
442.1
441.1
453.6
445.5
440.1
443.8
444.8
440.9
444.5
444.3
454.5
442.4
444.8
449.5
443.9
444.5
444.1
442.3
443.3
444.2
442.8
444.7
442.0
440.7
448.3
454.0
441.2
452.1
444.7
443.4
454.2
443.8
446.4
444.7
443.7
443.6
444.9
444.2
445.5
444.0
441.1
457.7
443.1
441.2
463.5
454.2
457.5
483.0
447.6
447.8
446.2
443.2
442.4
448.0
442.0
577.6
600.8
683.5
670.9
445.7
454.3
443.4
652.1
559.8
539.0
444.6
448.5
443.2
445.3
452.6
444.3
444.3
446.2
443.4
444.9
441.4
443.8
443.2
446.0
442.4
445.3
443.4
445.3
454.9
441.7
442.2
444.5
440.2
440.9
450.8
453.4
440.0
443.5
445.5
443.6
447.3
450.4
442.0
443.5
447.6
446.2
516.2
511.3
442.5
453.6
450.3
444.9
441.9
446.2
441.7
443.0
451.2
463.8
441.6
467.4
473.2
456.1
466.4
457.0
472.8
666.4
655.4
447.8
443.9
444.5
447.9
494.2
456.1
502.8
443.9
442.0
444.0
453.6
444.6
459.3
444.1
443.1
445.2
443.5
456.0
452.5
473.2
480.8
446.3
445.1
442.5
445.5
441.2
444.3
442.7
441.9
455.4
446.8
500.4
441.8
442.8
455.4
446.5
445.1
442.8
445.3
454.6
442.2
447.2
440.8
445.3
454.0
442.9
442.1
443.5
445.2
444.0
442.4
441.5
445.3
442.5
455.6
444.0
455.0
445.7
444.8
442.9
444.2
444.8
456.0
441.8
442.5
445.5
453.2
454.0
495.2
574.7
561.2
443.0
442.1
