447.0
438.5
455.8
449.4
437.8
750.7
811.4
962.3
991.8
569.3
509.6
443.7
489.4
619.4
655.0
695.1
640.1
509.0
563.6
436.0
435.8
435.8
448.5
435.8
516.2
487.5
539.5
456.5
446.6
473.9
508.7
441.9
507.1
437.6
443.4
437.4
449.9
456.9
444.1
463.3
439.4
437.3
438.1
440.1
447.9
437.1
437.5
436.1
436.5
436.1
436.5
438.7
437.1
436.1
436.0
451.0
448.5
437.0
439.5
439.6
551.4
468.1
582.1
477.6
436.4
435.5
435.5
439.9
440.0
441.8
436.7
437.5
436.4
448.9
436.5
439.5
436.1
435.8
447.1
438.1
435.6
435.7
436.8
438.1
449.9
447.0
435.8
436.5
440.4
437.4
437.1
437.2
439.7
441.8
444.0
447.2
440.9
441.4
436.2
450.0
435.8
438.2
446.0
437.9
435.8
436.4
438.7
435.2
447.7
436.8
444.7
449.0
456.0
456.7
437.5
445.6
451.8
437.8
441.3
444.8
472.5
452.0
467.1
436.3
439.0
450.8
441.9
452.9
452.6
441.7
439.1
436.0
441.0
438.2
524.9
436.7
437.1
444.4
437.5
452.1
439.0
436.7
439.5
437.3
437.9
450.5
435.4
438.5
437.5
438.5
441.5
438.6
437.3
450.9
497.4
452.3
498.0
438.7
436.4
435.9
450.2
437.6
446.9
448.0
436.6
435.5
455.0
435.4
435.8
436.7
436.5
437.9
449.0
439.6
436.4
438.9
436.4
445.5
447.6
435.8
437.5
440.2
454.1
437.9
437.6
449.1
473.9
555.1
584.3
458.8
450.7
437.8
451.0
438.2
436.4
437.4
436.4
437.1
436.5
448.6
437.0
440.2
538.2
442.3
539.8
436.4
436.5
440.7
437.4
447.8
435.5
440.5
551.1
541.3
437.5
437.7
436.8
435.9
435.6
437.8
855.6
1047.7
1053.1
1066.8
1095.6
436.6
440.6
436.2
436.4
436.3
449.2
448.6
437.6
437.9
439.7
436.3
549.3
450.9
554.6
437.9
454.0
535.6
549.3
437.7
437.4
438.8
436.3
443.4
463.0
439.9
440.8
437.6
436.4
437.6
436.6
438.4
441.3
451.8
435.8
436.0
437.4
449.5
437.2
452.0
437.9
445.1
449.9
441.6
458.2
436.2
440.5
444.9
438.0
575.7
527.6
677.3
437.2
486.9
451.4
440.0
437.6
436.1
437.4
602.9
750.0
919.7
981.3
892.0
774.1
439.2
438.9
451.0
445.3
460.7
472.7
494.7
436.4
652.6
632.0
636.4
487.5
438.3
436.4
437.0
449.4
436.2
442.8
452.3
436.3
435.1
437.4
447.9
456.2
435.7
437.3
437.6
440.6
437.1
443.5
445.9
445.5
455.3
442.0
440.7
440.0
448.3
435.7
437.3
440.1
452.1
461.5
466.1
437.4
445.9
553.2
538.2
636.5
439.4
444.5
462.8
437.7
437.7
435.5
509.9
681.4
755.0
541.3
436.5
442.8
437.0
439.2
439.9
440.2
443.6
437.4
435.5
436.4
436.1
447.0
440.6
443.8
439.1
436.6
436.0
436.2
436.1
436.0
442.8
435.4
437.3
436.4
446.7
441.9
451.2
436.3
440.1
436.5
442.3
435.4
438.1
441.7
450.1
436.8
436.9
439.2
441.6
437.1
442.2
589.6
463.7
612.6
436.0
531.5
666.3
607.1
467.1
438.7
436.4
444.7
437.4
435.6
447.1
438.1
435.8
520.1
568.7
643.0
446.4
438.2
440.0
437.3
436.0
450.6
439.4
451.2
436.6
437.0
435.7
436.1
436.6
439.0
448.9
440.3
438.5
442.5
447.9
438.3
440.2
437.4
439.1
439.2
436.9
448.5
448.3
437.1
444.5
443.0
451.4
452.5
436.8
436.7
451.6
436.0
437.1
439.4
455.3
464.9
439.4
521.3
518.0
435.7
436.6
440.6
438.2
438.8
449.9
435.4
447.6
436.5
436.4
436.0
437.0
451.0
438.9
450.2
451.9
602.4
541.3
504.2
439.3
438.9
438.8
440.6
437.0
435.7
436.3
439.9
436.0
437.7
435.8
438.0
438.9
450.7
436.2
436.7
451.1
447.4
448.8
450.6
436.9
440.3
452.7
439.3
437.7
438.1
441.3
436.5
550.6
482.7
583.2
458.4
436.8
473.4
493.6
530.3
437.1
437.6
436.7
436.6
435.9
437.0
446.8
438.1
450.2
439.7
444.8
437.9
436.0
450.3
438.0
440.7
437.5
452.0
439.2
448.4
439.6
436.5
436.3
436.9
436.1
436.1
435.7
447.0
509.3
455.2
524.5
437.2
435.5
436.2
436.9
443.0
437.1
437.1
442.0
458.8
436.1
439.8
533.2
690.3
732.9
589.9
443.4
456.2
444.4
438.0
443.0
446.2
477.3
445.8
438.9
436.9
438.1
488.9
602.8
643.6
447.6
436.4
437.2
436.9
436.9
436.1
437.3
451.1
437.2
439.5
436.0
446.9
439.0
440.5
436.7
435.7
436.9
452.9
547.0
533.5
447.0
436.4
444.6
452.0
448.5
436.9
448.8
446.5
436.4
438.0
439.7
439.2
442.1
436.6
437.5
438.1
439.9
739.2
907.7
888.6
649.0
436.9
438.2
440.3
436.4
436.4
449.3
438.1
455.5
439.5
437.5
448.5
438.8
437.8
438.5
436.5
439.4
436.0
566.0
483.3
529.6
437.6
436.2
436.9
572.0
663.5
541.8
436.3
441.4
441.4
442.9
437.8
451.0
437.7
439.1
511.4
441.4
508.6
438.3
443.6
438.9
435.3
436.6
435.8
559.4
453.1
561.2
449.5
436.3
439.5
438.0
436.2
437.9
439.5
437.8
437.5
436.6
439.2
437.2
435.8
436.0
462.1
560.9
582.3
602.6
559.2
599.6
440.3
442.4
437.7
436.9
439.3
437.1
440.9
450.7
449.6
436.7
447.4
456.8
438.5
436.3
436.5
435.5
436.0
436.6
439.4
450.2
436.8
437.2
435.7
437.5
440.9
437.0
450.0
438.0
448.2
437.0
440.6
439.5
449.2
490.1
478.4
438.3
453.1
450.1
437.6
438.3
435.9
435.8
436.9
436.9
439.9
437.8
437.4
436.1
480.0
608.1
590.7
611.2
447.0
436.9
466.3
449.5
436.7
435.7
436.3
436.8
447.4
438.3
521.8
437.0
437.1
438.5
440.4
440.0
450.7
438.6
450.7
436.0
438.1
435.9
446.1
457.9
441.0
449.2
525.1
663.6
659.3
435.4
437.0
437.6
435.4
436.5
439.6
436.8
551.8
557.5
596.0
494.6
435.9
436.2
450.0
438.3
436.0
439.4
437.0
436.6
435.9
447.9
449.5
436.6
435.8
437.3
439.7
435.5
435.6
437.2
452.0
447.4
435.8
436.1
437.4
451.0
438.9
437.8
436.9
452.7
449.0
437.2
437.3
451.0
447.9
438.9
437.0
436.7
436.4
439.7
436.6
435.3
435.5
435.9
437.5
439.5
437.9
436.7
436.9
441.4
440.4
447.6
436.9
451.0
436.2
448.1
439.1
436.8
442.4
436.5
437.9
438.3
437.1
438.7
436.5
438.3
435.5
437.2
450.4
435.9
442.0
435.2
437.1
452.1
436.5
437.0
440.8
440.9
438.0
440.9
448.9
442.7
439.7
440.1
436.0
438.1
436.0
437.9
451.4
447.4
437.3
437.0
450.7
436.4
437.5
438.0
438.0
436.7
634.9
536.9
587.3
698.5
439.8
456.6
438.9
631.1
443.0
633.7
436.9
436.0
436.2
435.5
448.4
447.6
436.5
438.2
436.0
437.3
436.8
438.2
449.5
437.7
455.8
436.4
438.7
441.2
441.2
440.0
459.3
444.1
451.2
439.2
441.2
452.5
437.2
435.7
437.5
440.1
436.4
448.4
441.2
437.0
437.1
446.9
509.4
494.1
436.8
451.6
439.9
439.6
436.9
436.0
436.3
439.2
436.5
450.4
435.8
449.6
448.8
450.5
447.2
436.4
507.4
613.4
677.1
439.6
450.4
435.2
436.1
486.2
457.0
487.8
436.0
435.3
446.9
448.1
438.5
439.9
439.1
448.4
438.3
438.1
438.4
440.2
460.3
464.9
439.9
438.1
456.9
439.2
447.8
436.1
438.4
437.2
439.6
438.0
454.1
436.2
439.4
443.5
439.3
438.6
436.9
435.5
506.6
450.0
444.3
436.5
438.0
440.7
457.7
437.5
442.9
436.5
437.6
442.5
439.6
436.9
440.7
452.1
436.5
435.6
436.9
438.6
449.7
436.5
438.3
438.0
436.7
451.0
436.7
436.9
436.9
461.5
561.1
556.7
437.6
437.0
