449.4
458.0
453.4
455.4
439.8
439.5
451.9
439.5
439.2
495.5
880.9
442.7
536.1
643.4
686.5
869.9
541.7
501.1
584.7
442.2
934.0
437.5
437.9
440.9
516.8
469.0
543.9
455.8
451.5
437.7
437.9
439.3
927.3
440.2
443.4
443.7
452.3
467.7
442.5
462.2
438.7
437.8
444.4
928.6
440.1
449.6
439.3
440.8
438.5
443.5
438.7
437.6
449.8
881.4
450.0
444.1
437.7
439.4
438.8
452.8
576.7
505.0
609.1
453.3
928.6
440.9
438.1
439.1
439.4
440.8
449.3
438.6
437.1
451.7
442.2
926.4
437.6
457.9
452.6
439.9
438.0
439.0
457.8
438.9
452.2
449.6
927.1
439.1
441.1
451.8
437.8
439.7
440.2
479.6
438.2
458.7
438.9
927.8
446.8
441.6
452.3
440.2
441.2
438.4
439.2
442.7
513.8
474.4
924.4
438.6
453.4
438.3
449.2
448.3
438.6
439.3
441.1
444.8
440.9
880.5
460.6
441.9
467.8
438.5
442.8
451.8
439.1
450.2
451.8
441.3
925.8
437.9
438.9
441.2
442.2
536.0
449.5
439.2
573.4
589.0
718.3
926.5
445.1
442.4
448.9
452.2
438.7
440.1
439.9
440.8
441.4
449.6
439.0
927.0
513.2
458.7
486.4
442.1
438.0
438.6
457.4
442.2
438.9
925.9
439.6
518.3
627.1
438.1
437.4
438.5
438.2
448.9
441.9
449.7
440.6
932.1
439.2
437.8
450.2
439.6
438.4
494.4
452.9
448.6
446.6
879.4
440.9
537.4
570.3
445.3
449.7
438.2
439.8
439.0
440.4
439.0
925.0
439.2
441.9
453.2
439.4
441.6
544.4
450.0
534.7
436.9
437.8
925.8
436.4
436.8
439.4
451.7
548.0
556.0
438.1
439.2
440.0
437.7
924.4
542.9
459.7
595.0
455.9
438.3
439.9
439.9
443.6
437.0
438.9
927.3
453.1
451.9
443.9
454.2
453.7
442.3
475.4
555.7
522.2
482.2
440.8
447.7
929.6
438.1
438.7
442.5
438.2
442.2
437.7
441.0
439.9
877.4
438.0
438.1
440.1
437.3
446.4
453.1
451.8
439.0
438.2
454.3
930.3
456.1
440.1
438.6
455.3
439.8
454.8
439.7
439.0
438.8
444.3
439.2
454.5
927.7
437.6
440.1
437.3
441.7
437.7
437.3
439.4
513.4
630.6
757.5
721.2
927.9
520.4
438.3
441.7
438.0
441.4
439.1
438.6
924.4
437.9
656.2
522.6
607.2
519.4
440.5
439.5
437.5
448.6
437.0
438.5
924.1
438.4
438.0
649.2
454.7
451.3
437.9
440.4
443.9
451.5
926.3
439.1
456.1
437.9
450.4
438.9
438.2
438.0
442.0
437.9
439.1
471.2
879.8
451.7
474.6
436.7
439.5
579.7
522.4
715.1
437.6
440.3
934.3
437.3
437.7
438.9
645.2
640.5
711.8
591.4
437.8
438.8
446.1
438.6
927.7
439.0
453.4
437.9
439.4
443.3
438.6
444.1
441.8
453.8
923.1
438.0
438.6
449.8
437.6
445.1
453.8
443.3
437.2
436.9
438.5
448.9
924.0
446.9
437.9
437.8
437.6
438.5
438.1
439.1
440.9
438.2
925.8
437.7
438.3
449.2
438.0
617.7
519.3
557.7
438.8
471.5
478.6
935.1
439.0
438.5
437.9
439.7
436.9
438.0
438.4
439.1
437.6
438.2
452.4
880.9
448.3
437.6
451.6
437.7
441.8
439.8
438.2
440.8
438.0
922.9
449.8
437.6
438.7
437.9
454.1
439.1
443.0
464.1
443.3
458.7
925.1
441.0
442.7
438.2
437.6
438.9
447.7
443.8
438.7
464.2
437.7
920.5
437.9
438.9
449.0
437.8
436.7
444.8
438.8
439.3
439.1
452.3
923.2
438.9
437.5
439.4
438.8
457.7
452.8
452.5
438.4
436.6
449.4
924.3
437.5
455.9
437.4
443.1
453.1
598.9
517.7
525.0
440.1
438.7
925.0
441.0
439.3
438.1
443.0
439.4
440.3
438.1
437.9
439.4
453.8
880.0
438.4
437.9
450.8
437.9
449.8
450.9
440.0
440.3
654.1
438.3
925.1
439.1
442.1
438.2
599.5
467.5
614.8
444.2
439.1
439.6
438.1
925.6
438.4
439.1
440.0
449.5
437.5
437.6
483.2
438.5
450.9
437.9
925.0
439.1
448.9
450.4
438.9
439.5
441.3
439.1
450.1
451.0
437.4
925.5
449.5
449.7
437.9
438.8
439.0
487.3
519.2
451.6
530.0
438.0
927.6
437.6
438.2
440.6
448.9
438.3
438.2
438.4
436.8
448.3
459.1
441.3
457.6
924.7
437.8
439.2
437.7
437.8
441.1
441.0
439.1
450.6
879.2
437.0
438.2
471.0
659.9
621.8
437.8
438.1
438.0
437.2
437.6
926.2
453.4
438.9
446.4
438.7
437.5
450.6
439.5
439.8
437.7
437.5
537.6
924.5
489.7
588.9
451.4
439.1
438.4
440.7
449.6
442.3
452.6
922.7
438.4
450.1
440.2
438.0
437.7
438.9
449.3
439.5
453.4
492.9
601.8
544.4
923.8
438.7
440.9
437.8
448.4
438.0
437.8
452.5
450.4
924.6
441.4
449.9
442.4
439.6
439.0
437.7
437.7
437.8
443.6
450.6
926.0
438.0
439.0
440.2
451.2
549.4
567.1
491.4
439.1
441.5
437.6
438.6
881.4
447.6
449.5
497.5
456.9
484.5
438.4
440.3
440.8
438.1
924.3
439.9
524.9
477.8
546.3
452.4
437.7
438.1
439.6
440.4
442.1
442.7
924.9
439.6
438.8
438.3
438.8
438.0
442.3
540.4
563.9
549.1
441.3
439.6
936.9
450.6
445.0
442.2
437.7
439.4
439.0
438.0
438.6
437.8
926.9
439.8
437.0
437.7
439.3
452.0
439.1
437.7
448.5
440.6
925.1
450.4
438.5
440.5
440.6
444.9
454.0
440.9
455.3
437.9
437.6
438.6
925.4
437.7
437.8
438.9
439.8
455.0
438.4
438.2
452.2
439.2
438.6
881.0
437.9
439.2
438.8
437.7
437.7
437.7
522.8
551.7
631.9
438.8
452.8
925.7
448.9
457.6
437.6
437.6
438.0
440.6
438.1
449.2
933.4
441.8
441.6
448.7
439.2
437.3
438.7
451.0
438.6
437.7
437.6
448.9
925.1
439.1
439.6
497.3
602.0
657.7
439.4
439.7
446.2
438.3
438.7
925.1
440.5
559.5
615.2
745.5
509.4
438.3
440.9
444.7
437.3
934.8
449.4
438.9
439.3
438.9
440.0
452.0
438.2
449.1
438.9
457.1
925.1
451.5
449.2
438.8
436.5
437.9
437.7
436.2
455.0
440.7
436.8
438.3
885.8
437.5
438.1
450.7
470.6
437.9
439.4
439.8
449.4
439.0
925.3
441.5
438.0
449.0
452.1
438.4
466.0
453.8
464.2
443.2
438.3
927.9
437.9
448.8
449.9
437.3
438.7
439.6
439.6
441.5
444.0
453.0
925.3
437.8
438.1
439.5
438.1
438.2
441.4
454.6
437.6
437.8
438.1
449.7
924.3
440.7
440.2
466.5
471.2
441.3
441.0
438.4
473.9
461.8
923.5
437.8
437.7
437.6
440.5
440.0
451.7
439.4
440.4
456.3
440.0
926.0
437.2
438.2
437.7
571.8
649.3
705.7
638.1
471.9
457.2
621.6
439.7
446.2
881.3
445.3
437.4
443.4
443.4
463.2
454.8
438.2
437.8
924.3
438.8
438.6
437.6
437.8
442.0
451.4
475.9
437.6
472.4
459.2
926.2
513.9
452.6
460.5
437.8
444.2
450.8
446.6
439.0
438.3
452.4
438.8
924.0
438.4
440.1
457.7
551.2
466.9
558.1
440.3
441.2
440.5
926.8
439.9
437.9
438.6
438.0
440.0
455.6
439.6
448.9
450.1
451.3
926.3
437.6
447.5
640.2
636.2
437.9
454.5
697.7
438.5
438.6
449.6
925.3
450.0
437.4
437.5
448.7
439.0
450.8
437.6
441.0
437.6
439.4
479.1
880.5
452.3
507.2
438.5
438.2
441.2
450.5
437.6
446.1
437.3
926.1
448.9
438.6
451.6
438.0
443.5
440.2
438.8
441.4
462.7
439.5
437.8
922.3
439.9
451.0
438.3
438.2
440.1
439.7
443.4
438.5
438.3
437.7
925.9
440.5
448.6
451.7
438.8
437.7
438.1
440.1
450.9
439.5
438.9
926.3
439.0
451.2
437.9
438.9
450.6
468.1
570.6
549.5
438.1
914.1
