448.3
434.2
452.2
447.9
434.3
437.6
438.4
440.4
436.6
434.8
438.9
434.1
597.7
660.9
704.0
653.7
604.3
506.1
596.6
874.9
435.7
435.7
434.1
445.3
541.1
450.7
552.5
437.2
446.7
434.4
517.8
438.7
515.2
436.5
445.7
433.7
436.3
465.6
438.5
455.3
876.2
434.8
434.4
435.3
436.5
434.0
437.2
433.9
434.0
446.5
434.1
435.4
435.5
436.1
436.7
448.4
446.8
434.2
434.3
435.3
435.5
436.9
448.4
874.3
525.4
435.5
434.4
434.2
435.0
449.2
434.5
433.7
436.5
448.4
434.6
434.8
434.3
438.4
448.7
435.4
435.8
434.3
877.6
445.3
447.8
435.4
445.4
434.1
441.2
437.6
435.2
435.2
434.7
433.7
434.0
434.4
446.2
447.6
435.9
450.1
436.5
439.0
438.6
873.1
434.8
435.3
445.9
434.0
435.9
437.1
449.8
445.6
435.2
434.2
434.2
434.1
434.7
436.3
435.9
447.8
463.9
442.6
461.5
434.1
434.5
872.8
447.5
434.1
437.4
447.8
447.4
436.2
434.4
438.3
437.2
434.5
435.3
448.8
435.5
436.6
445.8
436.8
439.4
448.1
435.4
872.7
434.1
436.0
435.0
435.1
435.0
448.4
436.4
452.2
485.9
437.8
494.1
434.8
436.4
435.1
447.4
438.0
445.6
433.4
434.9
435.0
875.6
435.1
436.1
435.7
436.5
436.5
450.3
439.1
434.9
448.7
436.7
434.5
448.0
433.8
434.5
435.1
451.5
434.1
434.9
445.2
438.9
436.9
873.4
435.3
448.9
439.2
439.8
434.9
435.6
433.9
434.6
434.5
436.3
447.4
437.6
441.0
438.5
539.1
531.1
434.4
442.2
450.6
434.6
873.5
436.2
500.4
482.5
538.1
435.6
437.1
435.6
436.5
438.8
546.0
517.4
529.9
501.6
436.7
435.2
435.6
440.3
434.1
436.6
873.2
445.1
445.5
439.1
435.4
505.5
433.7
557.6
512.8
495.6
458.0
533.5
494.1
593.0
434.0
436.0
438.3
435.9
434.8
434.6
435.7
434.7
876.6
437.2
434.3
434.1
435.8
434.8
454.8
435.2
434.3
435.4
448.6
435.3
434.0
434.1
434.6
446.9
435.4
448.2
434.1
436.3
434.7
873.2
484.3
622.4
660.1
434.5
434.5
436.0
434.0
434.3
434.1
448.7
530.2
902.8
994.6
982.0
929.4
767.3
435.0
447.1
434.0
874.2
521.6
495.4
458.4
435.3
518.9
502.7
641.3
486.3
434.4
435.7
434.3
448.5
434.4
435.7
451.1
445.5
434.1
434.6
435.1
438.4
434.9
874.2
439.3
437.6
452.6
435.7
449.8
435.1
437.1
433.9
435.4
437.6
438.3
434.8
437.6
435.6
520.2
457.8
467.3
445.5
436.6
440.8
447.4
874.2
434.0
437.2
439.1
434.8
435.8
436.5
614.2
694.7
730.4
565.3
447.4
434.1
434.5
435.1
436.2
434.9
442.6
433.9
872.9
435.6
434.8
435.8
436.0
452.7
433.9
434.9
435.4
435.4
444.5
434.8
448.7
435.3
438.2
434.5
433.8
446.7
455.5
434.0
435.2
874.2
434.4
434.0
434.2
435.2
449.2
435.8
433.9
435.4
434.5
434.8
434.5
620.8
524.5
536.3
435.3
549.1
559.2
670.1
447.3
434.2
872.4
437.6
435.7
435.2
445.9
445.4
438.1
588.1
604.9
605.6
443.1
434.7
435.4
437.6
434.9
436.0
446.2
435.8
434.6
434.7
434.1
873.0
435.2
435.1
447.0
435.2
435.7
454.6
443.0
435.0
436.5
440.0
437.3
434.0
435.4
436.0
434.0
435.6
434.5
435.1
438.9
437.9
873.5
435.9
448.8
434.1
433.9
440.4
435.5
510.3
490.3
512.3
567.6
434.6
436.0
434.7
436.1
436.5
447.0
434.0
434.4
445.4
434.4
873.5
445.1
445.7
433.9
434.3
448.1
495.5
489.2
541.0
434.2
436.1
437.4
439.0
439.6
434.1
434.6
436.4
434.5
433.9
436.4
435.3
433.8
876.8
435.5
435.3
447.0
434.5
448.7
450.1
433.9
452.3
445.2
434.4
435.6
442.3
447.6
435.4
590.2
582.7
512.4
503.5
436.4
435.3
438.2
876.7
435.1
434.7
446.0
434.8
434.7
435.1
448.2
447.9
436.3
439.6
437.7
434.8
436.1
447.5
435.5
436.9
436.3
448.6
436.0
873.8
434.7
434.1
436.0
434.4
435.3
434.4
447.0
435.6
502.6
459.3
520.7
435.3
434.6
434.3
434.5
439.0
433.4
434.0
435.3
872.8
436.1
434.0
560.4
673.3
742.3
564.1
437.8
435.1
435.8
433.9
436.5
438.4
435.1
436.3
435.3
435.2
437.0
518.5
618.9
678.8
875.2
435.9
433.9
435.7
445.8
434.5
438.5
440.5
447.4
434.1
434.1
447.6
436.1
458.3
435.7
435.8
435.4
450.1
549.0
549.0
434.3
873.2
437.4
448.9
445.7
435.6
450.0
435.7
445.3
434.9
439.0
436.3
434.0
434.4
434.3
435.3
448.8
650.7
867.9
914.2
651.9
435.1
874.2
434.1
434.1
435.5
445.3
435.7
448.9
434.2
434.5
435.3
448.6
433.8
434.2
435.8
434.3
434.4
563.6
438.4
569.8
435.2
436.4
872.5
496.6
622.3
562.0
434.1
435.3
437.4
436.0
434.7
441.0
434.7
448.5
518.3
437.8
519.0
434.9
450.7
435.2
434.6
436.7
434.0
438.8
441.6
873.5
476.7
434.3
436.3
441.3
436.3
436.2
446.8
434.3
435.4
434.3
435.7
437.1
434.0
435.5
474.2
550.4
582.5
435.0
437.6
872.0
438.8
434.7
435.4
435.3
447.0
436.6
439.2
435.4
449.3
434.2
434.7
435.6
434.2
434.7
434.5
435.9
484.7
434.6
434.2
872.8
445.2
445.0
434.4
434.3
434.1
434.9
448.6
435.5
433.8
434.1
436.0
451.3
435.4
435.2
435.3
436.2
447.6
467.3
434.7
449.2
872.6
434.2
436.5
434.3
447.1
434.4
434.8
435.9
502.5
546.4
653.7
556.5
435.4
455.3
452.9
440.5
447.5
434.0
433.6
433.8
445.3
434.6
873.5
435.4
435.3
447.3
433.9
433.3
434.4
435.3
447.9
445.5
434.9
434.0
435.9
437.7
434.8
437.2
473.1
624.6
652.1
435.6
434.4
872.7
436.0
435.8
436.9
435.3
548.9
465.9
596.3
489.1
434.1
435.0
436.2
435.9
435.0
434.4
445.3
435.6
434.6
434.5
436.3
874.0
435.1
435.5
437.9
434.4
434.8
438.9
448.3
435.5
434.0
434.6
434.2
437.0
447.7
434.3
435.4
450.8
436.2
433.5
437.3
444.0
435.0
872.8
435.9
446.0
435.1
447.9
503.3
435.2
433.9
435.7
435.2
435.7
435.0
435.1
433.9
434.3
434.8
435.4
433.8
451.9
435.3
444.9
871.7
434.9
437.0
435.1
447.4
436.3
434.4
434.2
434.2
434.4
438.6
439.7
449.2
435.7
434.0
434.2
434.6
436.1
438.4
434.1
435.2
874.3
434.9
459.2
440.2
446.1
437.6
439.6
434.1
435.7
435.1
436.6
449.3
445.7
434.2
434.1
438.3
446.4
434.8
434.1
433.9
872.5
606.4
650.1
545.0
737.8
434.9
436.9
434.2
576.8
473.4
597.9
433.8
434.9
446.2
433.3
436.3
433.8
436.2
435.8
435.6
434.8
874.6
447.4
435.1
433.9
445.9
435.3
434.2
435.2
438.0
433.9
434.1
435.3
433.6
435.9
435.3
437.2
435.9
434.6
436.4
449.6
433.8
435.0
437.4
872.9
435.1
449.3
514.1
501.5
436.9
436.7
436.3
439.3
434.5
434.5
435.4
434.7
435.1
438.9
447.8
445.2
435.0
448.5
875.1
437.9
529.6
598.8
707.1
435.3
449.7
435.4
458.4
479.5
452.0
484.7
434.0
435.1
434.0
447.4
450.8
449.5
434.9
436.9
434.7
877.7
433.9
439.3
460.0
460.1
434.0
435.8
448.5
433.7
434.3
435.4
433.9
444.7
434.3
435.0
449.4
435.0
434.8
439.6
435.1
436.8
874.2
436.2
433.5
445.9
435.2
445.9
501.3
435.1
436.2
435.8
442.2
435.7
435.6
434.7
435.7
434.2
437.0
447.6
445.0
435.3
434.4
434.9
873.9
434.1
435.4
447.7
480.8
483.9
434.2
435.1
436.5
464.5
566.3
552.8
436.1
435.2
