447.9
447.5
459.5
449.0
436.6
437.4
454.0
439.1
436.5
438.5
440.6
439.6
626.1
657.6
617.0
723.6
663.6
522.5
558.6
438.0
436.4
437.6
436.5
436.9
449.5
464.4
875.5
437.7
440.0
437.0
489.8
463.3
504.9
439.9
456.6
450.1
444.2
508.0
510.5
493.1
437.4
442.2
443.7
441.7
437.9
488.2
438.3
435.9
436.6
441.9
875.0
447.9
436.9
437.4
443.9
458.9
461.7
456.0
445.3
454.1
562.6
529.2
667.1
542.2
440.4
436.0
438.4
437.5
437.9
438.7
436.6
436.1
437.2
449.4
445.5
440.0
888.3
437.9
439.9
439.9
437.9
435.4
437.6
441.9
449.4
438.8
448.4
444.5
442.9
438.9
440.0
435.7
438.6
437.3
443.0
438.1
437.6
452.1
441.5
451.6
438.9
437.3
877.6
437.9
437.6
437.9
440.6
437.0
437.3
437.4
448.9
436.7
442.2
438.6
435.9
436.2
437.7
453.0
437.5
450.5
461.7
440.1
464.4
437.9
438.7
444.4
436.7
439.0
437.0
874.7
449.8
436.9
437.0
441.3
439.1
436.9
440.0
437.6
453.4
463.1
455.3
450.1
448.3
440.2
445.7
449.7
447.1
451.2
446.4
441.2
437.2
450.8
443.6
458.2
453.9
450.4
876.8
436.6
436.4
442.8
441.5
446.0
441.4
441.0
439.0
437.9
450.0
439.7
437.8
439.1
448.7
435.8
441.9
452.2
436.7
449.2
441.3
449.6
449.3
440.6
888.0
447.0
463.4
438.7
437.7
441.1
544.0
482.8
570.6
459.8
452.1
438.7
446.1
437.0
437.0
437.0
439.8
492.8
441.7
453.0
441.8
444.7
449.3
549.6
546.3
437.8
437.6
877.3
436.3
437.6
437.4
521.9
589.9
509.0
439.1
438.9
441.9
436.8
447.9
555.0
443.0
581.8
473.1
439.4
439.2
440.2
439.6
436.1
437.0
436.5
436.0
499.6
882.5
454.4
457.0
438.0
567.8
455.2
538.7
439.2
628.4
512.0
576.2
439.2
439.8
440.4
436.6
512.0
436.0
442.4
454.3
441.8
445.9
443.7
459.4
437.8
442.9
443.8
878.0
449.8
440.9
456.9
437.7
435.8
23.8
448.1
450.7
437.4
439.5
436.7
438.2
436.6
438.2
452.7
615.8
605.2
437.1
436.4
438.4
435.6
439.8
438.6
449.5
494.0
638.5
783.9
693.2
877.1
560.9
439.1
450.3
437.4
438.8
558.8
520.1
463.8
435.9
657.9
524.3
627.9
506.5
435.9
438.5
436.8
451.0
438.4
457.1
456.5
436.7
447.6
875.5
439.3
439.6
447.4
439.4
438.4
440.2
447.4
438.2
451.0
437.6
439.4
435.6
441.3
449.7
438.7
439.2
436.4
449.7
453.4
466.7
466.0
451.1
451.0
439.8
441.9
876.8
436.7
438.2
448.3
435.9
436.0
438.7
488.9
701.7
769.1
536.9
436.7
437.9
440.0
479.2
451.0
439.1
441.2
436.0
437.7
442.2
438.5
438.3
437.5
448.2
436.6
876.4
437.4
444.7
448.2
438.6
452.8
442.3
435.6
436.6
440.5
447.6
442.3
435.5
439.1
439.3
493.5
436.4
437.8
443.4
445.1
438.5
437.2
436.7
436.1
436.5
454.1
437.8
451.4
875.9
439.3
515.9
607.8
693.2
447.3
438.9
437.9
439.8
452.1
440.1
440.0
436.8
436.1
466.0
651.3
651.1
437.3
442.6
458.4
439.6
441.7
438.6
435.9
436.7
879.9
437.4
443.5
447.4
439.8
436.5
438.5
438.2
450.0
457.2
452.0
439.9
449.9
440.9
440.9
435.7
437.4
447.7
437.7
436.6
435.7
435.9
438.0
452.1
438.7
436.9
873.8
439.4
478.0
437.1
440.9
437.0
441.1
519.0
525.1
437.1
437.9
436.5
437.7
444.9
462.4
436.7
451.4
437.7
436.7
454.2
443.3
452.2
437.0
441.1
445.7
441.4
441.7
877.5
438.1
439.9
453.3
446.9
459.8
439.1
460.8
443.3
436.6
436.1
438.0
439.5
438.0
447.3
436.3
437.6
441.6
436.8
450.7
447.5
437.4
438.9
436.3
436.4
875.3
445.5
454.3
438.7
580.5
468.7
584.9
450.0
449.0
462.9
542.4
522.6
437.9
436.9
437.1
436.8
437.2
436.1
450.2
449.4
437.5
441.3
443.0
439.0
437.1
875.1
437.8
455.6
442.5
439.6
436.7
453.8
436.2
437.2
435.6
435.8
437.3
437.8
437.8
451.5
460.6
524.3
540.6
440.6
441.1
441.2
442.5
457.5
439.1
448.1
436.8
876.3
437.5
437.3
647.5
672.0
763.2
554.6
437.4
452.0
437.7
437.0
437.2
440.7
436.9
451.4
438.0
438.5
436.5
620.2
588.6
649.5
440.3
441.5
448.2
438.0
436.9
929.5
436.3
450.4
436.1
439.5
436.1
449.0
438.5
439.5
438.0
449.2
439.7
443.6
539.5
541.0
436.8
435.9
447.5
437.3
436.7
436.5
450.2
440.5
447.6
438.0
442.6
875.9
438.7
481.3
437.2
441.7
443.8
805.6
884.3
845.2
688.7
454.4
456.2
446.8
437.2
437.2
512.5
437.4
450.2
441.6
440.5
450.5
456.4
438.8
439.5
440.8
460.9
883.7
444.6
508.8
507.7
438.7
438.3
457.6
510.1
624.8
607.7
480.5
476.5
470.6
463.8
449.1
457.5
453.2
450.2
507.3
476.6
523.0
454.6
472.6
453.7
458.3
453.3
882.9
559.6
462.1
562.5
452.7
455.7
446.4
454.2
438.3
441.9
440.0
462.3
456.5
451.2
464.4
471.1
481.8
492.9
551.7
565.5
633.0
666.1
519.8
672.8
454.1
451.0
891.2
452.1
459.4
497.1
497.0
493.6
499.8
500.4
465.2
458.5
453.2
465.4
450.9
458.9
457.0
462.5
446.6
447.3
453.1
435.2
439.3
437.9
436.5
477.8
454.6
444.9
437.8
875.8
444.9
450.4
436.1
439.6
436.6
437.3
455.3
435.5
442.2
446.7
438.0
436.1
452.2
445.7
440.7
442.7
437.1
437.8
440.1
579.8
549.7
670.8
439.7
438.5
442.1
447.8
879.4
445.0
442.2
437.0
435.7
440.1
449.1
437.5
438.0
452.3
435.8
449.1
436.4
448.1
451.7
436.6
445.0
449.4
437.2
439.7
437.0
439.6
439.5
437.0
876.0
437.5
439.0
454.5
444.3
462.5
455.4
441.8
511.5
552.0
584.7
526.1
458.8
437.2
440.0
443.5
436.5
447.0
436.8
449.5
441.0
436.6
450.1
438.5
436.7
437.7
879.5
435.5
435.8
437.8
441.2
437.4
436.6
437.5
435.7
452.3
466.4
436.9
438.5
441.4
438.2
435.3
441.7
449.5
438.7
463.4
442.5
437.3
438.5
439.1
436.9
437.1
874.9
440.9
438.3
439.5
436.8
438.1
449.7
445.1
453.4
444.7
447.4
453.5
454.1
436.8
439.4
437.5
444.0
437.9
449.4
446.8
436.7
436.1
444.6
436.9
437.3
435.9
438.1
874.5
449.2
440.7
437.6
457.9
440.3
442.9
450.0
445.8
436.0
439.7
444.8
437.2
439.6
438.6
438.2
438.6
437.3
442.1
458.1
439.8
439.2
437.1
438.9
439.5
874.7
435.7
443.0
438.9
547.3
683.4
547.1
749.6
438.3
451.3
437.0
626.0
631.3
615.4
437.7
437.4
436.1
437.0
449.2
436.2
437.7
444.5
438.1
440.2
439.4
447.3
893.0
438.3
461.6
442.8
438.1
437.5
441.6
436.6
437.3
439.7
447.9
435.6
437.0
439.9
436.9
438.1
442.5
442.5
440.7
463.8
459.7
459.0
446.8
438.7
511.8
501.3
436.0
874.2
436.3
440.8
435.9
438.5
451.0
435.2
449.5
449.5
436.5
447.9
437.5
451.1
447.7
438.2
513.0
603.8
664.0
448.6
451.1
435.9
436.3
479.9
450.9
486.9
874.3
436.9
447.3
449.7
438.4
443.9
440.2
437.8
437.0
440.0
495.8
452.2
484.3
470.2
451.6
438.7
439.1
448.6
436.6
436.1
437.5
437.6
447.4
438.9
449.8
436.7
436.1
874.2
437.6
451.0
438.6
438.9
435.9
438.0
439.5
438.6
441.1
438.4
439.9
439.3
449.1
443.8
437.3
438.0
442.1
450.4
449.5
452.1
436.5
437.8
436.2
437.4
876.2
435.9
443.7
452.6
456.6
456.4
436.8
436.5
437.9
547.6
532.6
595.7
451.0
435.6
