445.5
435.4
623.4
438.1
434.7
436.3
436.3
436.1
436.8
435.6
437.5
434.1
453.6
553.1
693.6
651.2
687.4
536.1
559.4
434.1
436.3
434.1
434.1
433.9
545.2
448.5
555.5
435.7
435.3
434.5
457.0
469.4
500.3
437.0
441.8
434.5
435.6
462.5
438.9
456.0
433.9
433.7
446.1
437.2
436.1
434.1
447.9
436.8
435.4
875.3
434.1
446.9
434.2
434.5
434.7
448.4
445.2
433.5
434.7
438.0
540.2
535.1
560.9
496.1
435.2
434.0
435.5
434.6
436.0
439.4
435.2
437.9
437.3
434.5
434.7
435.8
435.8
434.1
451.9
439.1
433.9
446.5
435.4
434.5
448.5
435.3
434.2
447.0
437.9
446.2
433.8
434.3
434.1
434.2
435.4
436.3
437.9
453.4
439.2
436.9
872.4
434.7
446.9
434.5
434.5
435.1
433.8
434.2
434.5
440.6
450.7
435.7
434.1
435.0
445.5
434.0
434.7
438.1
436.2
448.2
463.9
443.3
463.1
436.4
434.8
438.8
433.9
445.8
446.8
434.8
436.6
434.7
434.8
436.0
434.7
434.9
434.4
436.3
435.0
437.5
434.1
446.3
447.7
439.3
436.3
439.1
437.9
440.4
434.6
433.9
434.4
876.4
435.8
447.1
482.3
439.2
494.4
434.7
444.9
434.3
497.7
448.2
434.5
434.3
435.6
434.5
435.6
435.5
434.2
434.8
436.9
434.1
450.3
450.2
433.9
447.9
435.6
435.6
445.8
436.1
437.7
435.9
450.8
435.5
434.1
445.3
458.2
564.2
568.9
439.0
435.2
436.6
439.5
434.8
434.5
435.3
436.2
435.8
435.4
438.9
436.1
448.4
438.4
449.1
876.8
433.9
435.5
439.1
433.9
434.2
435.7
511.7
480.6
548.2
435.8
438.5
434.7
433.8
434.2
553.5
439.2
572.1
468.6
438.8
436.7
436.2
439.6
438.4
434.3
434.7
434.0
446.0
436.5
434.6
437.4
446.6
512.8
528.5
503.3
457.5
652.8
511.2
567.4
434.7
437.3
435.5
437.2
434.4
437.2
435.1
447.3
435.4
434.0
874.4
433.9
433.5
435.4
450.5
445.0
435.9
435.4
452.0
434.8
436.5
435.4
436.1
448.8
436.8
449.2
435.9
434.2
434.5
446.8
551.0
552.0
597.3
435.0
434.7
434.0
433.9
434.7
436.2
440.1
560.9
1008.7
899.7
1055.5
1038.5
739.2
435.2
451.1
435.4
438.6
439.7
527.3
518.1
434.1
544.3
593.1
654.3
472.0
437.3
434.6
435.4
874.2
445.3
451.5
444.6
434.2
435.4
436.1
440.1
457.3
776.3
484.7
435.1
439.9
433.7
439.3
463.5
443.2
437.3
434.5
434.1
435.7
438.8
433.7
434.8
441.9
456.3
479.7
444.9
438.4
447.4
599.9
541.2
620.8
434.5
435.7
437.0
435.0
446.7
434.7
660.6
713.0
720.4
581.8
450.8
434.1
435.7
435.6
436.4
438.2
440.8
434.8
872.9
435.8
435.4
445.6
437.0
448.9
434.1
435.6
434.5
435.8
433.9
447.7
447.3
437.7
435.3
434.6
445.7
437.2
442.2
434.1
436.0
436.4
434.6
435.6
433.6
436.7
449.3
434.6
433.9
436.0
434.6
437.5
438.1
603.3
476.6
592.7
610.1
503.2
639.0
677.9
450.8
434.3
436.8
434.8
437.1
435.4
434.7
434.7
434.4
450.3
447.3
873.5
435.5
437.4
436.4
434.5
435.3
445.5
436.7
436.1
434.2
434.7
434.4
435.5
434.6
437.2
436.8
445.9
440.4
448.5
446.5
437.1
436.5
435.3
437.6
434.9
435.6
436.6
433.9
436.0
434.9
434.8
435.5
438.4
436.3
435.5
435.8
436.6
436.2
450.4
435.0
436.1
448.9
520.8
514.6
434.0
436.4
433.7
435.0
435.3
447.6
445.1
872.6
434.7
435.0
433.9
435.6
435.3
435.6
549.3
836.0
836.4
841.2
998.7
611.2
434.2
436.4
437.7
436.1
435.5
435.8
437.9
434.4
435.5
514.7
436.6
436.1
439.2
445.7
440.3
438.9
437.2
450.6
449.3
445.7
437.6
447.6
435.2
436.1
446.7
436.2
434.6
606.7
518.6
570.5
482.1
434.1
453.8
505.2
527.1
436.3
435.8
436.5
875.2
447.0
434.7
445.6
451.0
442.9
436.6
438.8
435.1
436.1
447.7
434.8
436.7
444.7
436.9
447.1
448.8
434.2
447.2
454.8
435.7
434.7
445.1
434.1
433.6
443.9
527.2
519.0
434.7
434.5
436.8
440.5
439.0
433.6
434.7
435.5
486.2
434.6
433.9
671.4
667.0
763.5
571.9
449.7
445.4
435.5
434.3
436.0
440.3
434.9
435.9
874.7
434.0
435.8
531.3
617.0
660.3
433.8
435.3
434.3
434.3
446.6
435.3
435.0
436.0
435.7
434.8
434.6
444.4
436.6
437.3
433.9
436.2
433.9
441.2
542.8
540.4
437.7
445.1
438.1
438.5
446.8
436.1
447.8
445.7
434.2
437.6
441.6
437.9
435.8
434.3
434.3
442.2
616.4
804.5
814.6
857.5
705.5
435.1
437.2
435.8
437.3
874.6
434.2
446.5
448.8
435.1
435.7
490.5
458.9
434.3
438.5
434.7
433.9
434.3
564.6
439.2
572.1
436.7
435.4
435.9
514.8
563.4
600.2
434.1
435.9
448.9
433.8
443.2
440.0
439.7
436.3
497.5
441.3
501.2
435.8
436.1
435.9
446.8
435.0
444.6
495.8
480.4
529.2
451.2
435.2
435.1
436.3
435.6
435.3
437.1
434.3
435.9
872.6
433.9
434.1
434.5
433.9
622.3
644.8
481.4
609.6
485.2
657.1
433.9
434.5
438.2
433.9
436.3
445.6
608.0
784.8
867.2
873.2
435.0
434.1
435.1
434.0
444.9
442.1
435.2
444.3
434.0
435.9
434.6
437.0
434.4
436.1
436.0
436.0
449.4
445.6
434.2
435.8
436.5
437.5
433.9
436.3
434.9
438.7
435.5
434.4
435.6
441.2
872.9
437.0
435.6
436.5
436.0
436.0
434.6
438.1
434.5
565.6
662.4
548.0
450.4
478.3
491.7
471.1
467.8
433.9
435.8
434.5
446.4
435.8
449.8
434.3
436.8
436.8
454.6
436.1
439.8
435.2
447.7
433.8
444.4
434.3
435.6
448.5
434.9
435.2
508.0
608.3
670.4
436.1
435.3
468.7
434.5
436.6
438.6
434.5
493.5
477.1
527.2
875.3
436.1
440.5
437.5
436.0
434.4
434.3
435.3
445.5
434.2
437.5
437.6
452.2
435.3
435.3
449.1
433.9
435.7
435.1
437.3
434.6
437.2
434.4
434.1
439.0
436.6
435.4
435.5
437.0
434.0
435.4
437.6
452.7
434.6
435.7
515.2
434.0
434.9
437.1
447.2
434.5
433.9
433.5
437.1
436.6
433.7
435.6
434.5
436.0
434.7
434.9
434.5
875.5
434.3
435.8
436.5
435.5
447.7
436.0
438.4
434.5
434.2
435.7
442.4
435.3
434.5
446.2
461.5
453.3
435.8
445.3
437.0
448.4
434.4
435.2
440.6
435.1
438.2
449.1
448.2
435.3
436.2
436.7
434.1
434.5
434.9
457.5
450.4
439.0
435.9
436.6
437.9
435.6
434.4
435.1
434.8
435.5
581.4
578.5
677.3
670.3
435.5
874.8
436.6
625.7
483.5
600.3
437.8
434.0
435.3
434.2
447.4
436.7
434.3
436.3
435.3
448.9
437.2
434.5
437.0
434.5
449.5
434.6
437.1
434.9
438.5
434.5
437.4
450.3
441.6
434.5
438.2
448.2
434.8
434.8
435.6
438.2
434.3
448.2
435.9
434.6
435.5
439.4
500.9
502.7
435.0
436.6
442.6
437.4
436.4
434.8
438.7
434.2
433.9
872.9
436.4
445.3
447.6
439.1
445.9
435.6
460.0
624.9
651.5
446.3
447.9
445.4
434.2
476.9
452.8
484.6
445.0
435.1
436.3
445.7
437.7
442.0
435.9
436.9
464.4
446.8
434.2
436.4
456.7
469.0
433.9
436.5
438.8
435.9
435.2
434.4
435.8
445.7
508.5
436.2
447.9
434.1
435.8
449.6
435.7
438.2
434.0
434.0
435.2
434.9
874.1
435.4
434.4
466.4
436.4
435.8
448.4
434.5
434.1
436.5
437.5
446.5
447.6
452.8
434.6
434.6
445.9
439.9
437.4
434.0
439.7
436.8
435.3
437.2
434.2
436.6
435.8
448.2
564.2
551.0
434.7
434.4
