449.1
437.6
458.4
448.2
442.9
439.0
443.0
454.8
438.9
438.0
441.5
503.0
604.4
634.4
718.4
718.4
526.0
543.3
572.8
436.3
438.6
437.4
437.8
435.7
560.3
515.0
496.2
437.5
449.9
436.4
517.5
443.8
514.4
461.8
460.7
436.1
438.9
450.3
458.4
443.4
435.6
437.2
438.3
438.5
436.0
436.6
448.9
435.9
436.0
437.7
436.4
449.0
437.1
436.3
437.6
439.2
436.1
435.4
436.4
451.0
494.4
470.6
561.0
481.7
436.0
436.7
437.5
435.5
440.1
448.8
436.7
436.9
438.6
446.5
874.3
437.6
441.3
438.0
452.0
438.5
440.3
436.8
447.8
436.7
438.7
438.6
436.0
438.4
456.3
437.0
438.9
444.7
436.6
435.6
436.1
439.9
440.0
441.7
436.3
438.7
447.4
436.4
441.6
436.5
437.5
437.2
438.3
436.2
439.7
437.4
451.9
438.8
435.6
438.9
440.5
436.1
447.2
441.4
437.1
450.0
467.1
440.2
464.4
436.9
436.8
440.2
435.7
437.1
450.4
436.0
438.5
436.6
436.6
439.1
439.3
436.8
437.1
448.6
439.1
445.5
446.0
436.5
437.4
452.4
436.5
438.1
439.7
437.6
436.0
441.7
445.6
883.1
448.8
453.8
500.8
451.9
499.9
437.6
436.8
435.6
448.9
438.5
447.0
436.2
436.4
437.5
450.6
437.0
435.7
437.6
435.5
436.7
447.1
452.9
436.8
436.7
450.6
437.3
447.6
435.7
435.5
439.0
450.4
446.4
435.9
436.3
524.8
486.6
557.4
442.1
437.1
443.5
444.4
436.0
437.1
436.6
437.3
435.9
449.6
448.9
438.6
445.3
537.2
481.9
489.5
436.0
441.2
450.0
436.8
436.7
436.2
532.6
484.4
559.0
435.3
436.7
438.3
436.0
438.2
529.0
440.0
574.8
469.7
435.6
437.4
436.8
874.5
435.7
437.8
438.3
435.6
447.8
439.8
448.0
449.0
436.4
551.9
438.4
553.5
439.3
646.1
446.5
637.5
441.4
437.0
440.0
435.5
440.6
436.0
441.2
450.8
436.9
441.5
439.5
439.7
437.8
438.2
451.9
436.0
437.9
441.2
440.8
439.3
436.1
440.4
436.8
448.1
451.0
452.2
436.7
440.1
436.0
441.4
514.6
529.2
615.0
438.4
437.0
437.9
436.9
436.3
436.9
438.7
555.2
629.2
848.0
887.5
1067.8
732.4
440.4
452.0
436.9
440.2
516.1
481.0
481.8
437.5
504.5
702.2
658.1
484.3
435.6
876.4
436.9
448.4
437.0
437.3
451.1
447.6
435.4
437.7
438.1
440.0
435.3
449.1
441.5
439.5
435.4
440.2
439.4
437.8
440.3
447.0
437.9
436.5
439.2
436.6
440.5
451.8
441.7
477.0
462.6
495.4
438.4
445.3
646.2
654.4
437.4
437.8
442.8
438.0
436.0
436.6
781.7
691.6
712.0
616.2
439.4
436.3
437.7
450.1
448.9
439.2
437.8
436.1
437.6
438.0
436.8
436.9
437.3
451.2
435.4
438.7
438.4
437.8
448.0
440.1
450.7
435.3
436.5
447.3
436.0
436.9
450.5
435.0
436.0
438.4
435.7
878.0
436.2
438.5
516.3
437.3
435.9
436.4
437.9
435.8
436.8
530.6
498.4
579.7
438.1
441.0
630.6
637.7
439.7
436.6
437.4
438.1
439.9
437.9
450.3
438.5
435.0
522.0
665.5
597.6
435.4
436.5
438.0
439.6
436.6
439.6
436.4
437.1
436.0
435.5
447.0
437.6
436.0
437.0
451.3
440.8
436.4
463.1
443.5
437.9
449.7
442.4
440.2
435.6
436.9
447.9
448.9
436.0
440.5
436.0
453.2
453.3
437.3
443.1
450.1
436.2
438.3
441.9
435.5
456.1
474.2
510.6
543.6
438.4
438.2
435.9
437.2
436.7
877.4
447.7
436.0
437.0
446.8
434.9
448.5
436.0
436.8
437.5
449.7
530.8
477.3
559.2
435.3
437.9
439.0
440.0
441.8
436.8
439.6
440.5
437.2
438.0
437.5
453.8
439.5
444.3
436.5
437.5
468.7
438.8
448.9
450.9
438.6
441.2
447.2
436.6
439.6
437.9
456.2
437.0
584.3
525.1
539.7
479.4
449.3
438.2
522.0
515.3
437.6
435.4
438.0
437.2
438.0
436.1
438.5
449.0
439.5
441.0
448.9
447.1
437.7
447.9
439.9
444.5
443.9
438.3
437.3
439.4
435.5
438.3
440.3
436.0
437.9
876.4
448.4
437.1
524.3
451.7
529.9
449.1
435.8
436.5
438.0
451.6
435.9
435.7
436.7
435.9
437.6
436.3
675.7
778.7
762.3
552.6
436.4
448.9
437.3
438.1
437.6
442.2
437.2
438.5
437.5
436.8
437.1
572.0
660.1
618.1
438.4
438.9
437.1
509.7
437.7
439.2
446.9
450.5
449.3
437.7
435.7
450.2
446.8
457.6
438.0
439.2
438.5
575.2
586.7
500.7
435.8
436.5
437.6
438.4
435.8
436.4
451.8
437.9
436.9
436.7
444.4
437.8
448.0
440.4
437.5
438.2
557.9
788.0
856.2
883.0
695.6
440.9
876.5
459.1
436.8
437.4
436.5
448.5
451.5
436.7
435.4
441.4
441.7
435.5
436.8
437.8
436.5
436.9
577.9
498.8
523.1
435.5
436.6
436.9
565.8
538.7
627.9
435.3
437.9
440.0
435.8
438.6
449.0
443.4
444.8
514.2
479.5
489.0
474.4
448.5
436.7
437.8
435.5
436.2
545.1
447.3
553.0
438.8
437.9
438.6
442.7
436.9
439.6
437.0
436.0
437.8
436.0
437.7
436.9
437.3
437.9
459.0
554.5
569.4
469.8
635.7
662.6
435.6
437.9
438.0
439.5
437.8
437.0
438.6
436.9
450.5
436.5
876.1
437.0
436.9
436.1
435.8
437.0
441.2
436.4
439.7
436.6
436.5
435.7
436.4
446.8
436.2
437.6
439.8
446.4
438.3
437.2
441.4
439.2
448.1
438.7
436.8
437.8
450.9
436.2
437.5
448.0
436.9
436.6
437.6
437.0
487.0
437.2
435.5
437.2
436.8
465.5
574.7
603.6
436.0
439.4
466.0
445.6
444.3
435.5
436.7
436.6
435.9
437.0
448.8
438.4
437.5
452.4
436.0
447.5
435.9
450.0
459.1
444.3
451.1
437.3
437.5
439.7
437.9
438.6
502.0
646.2
663.4
436.5
436.9
438.5
438.5
438.6
874.6
437.1
554.5
468.4
587.5
498.2
438.7
559.2
618.4
438.8
440.3
436.6
435.6
447.3
435.5
436.4
449.2
437.8
437.5
438.5
450.2
435.8
437.4
439.1
441.3
437.0
437.5
437.2
436.2
448.9
439.0
436.9
441.0
448.5
437.0
437.2
438.9
443.1
439.8
447.7
450.8
440.8
438.6
440.0
436.2
439.7
435.5
437.9
436.7
438.4
440.0
435.7
439.4
436.5
436.9
447.5
436.4
450.0
435.6
438.2
438.0
441.9
458.6
436.9
438.5
439.2
435.5
436.0
448.5
436.4
436.3
437.1
440.5
447.5
436.0
436.0
436.5
874.7
437.9
445.0
452.3
447.0
436.7
439.7
437.0
438.0
450.1
437.3
438.2
436.0
436.5
439.9
451.6
436.0
437.2
437.0
437.5
437.8
440.0
436.8
438.0
436.1
588.7
606.0
585.4
706.3
438.0
448.7
437.5
630.4
501.4
571.6
435.8
437.8
436.5
448.6
440.5
435.8
437.6
438.0
437.3
436.5
438.5
437.4
436.9
441.0
440.9
435.9
438.4
438.1
520.7
437.9
436.8
439.6
437.8
437.6
438.1
451.7
437.0
436.3
444.0
443.6
493.8
450.6
437.0
436.5
442.2
439.5
511.4
512.5
436.9
439.9
435.9
874.3
435.2
435.8
437.1
437.8
437.5
449.8
436.1
448.2
461.0
453.5
447.3
446.7
520.1
595.6
680.9
436.2
504.8
436.3
436.8
477.5
453.2
487.5
447.9
437.3
438.2
462.6
455.9
452.2
436.9
436.4
447.4
450.3
436.4
439.2
466.5
461.1
435.9
496.0
437.9
437.0
447.3
437.4
435.6
436.0
435.5
437.7
452.1
442.3
436.6
440.3
437.9
439.7
438.5
437.5
437.3
436.7
441.7
447.7
437.8
437.5
438.8
436.0
440.5
437.0
538.4
597.5
705.0
448.0
438.8
451.7
438.0
438.7
437.6
453.5
875.2
436.7
436.9
448.9
436.7
450.0
436.5
437.4
440.5
483.5
558.0
552.1
438.1
437.8
