311.7
491.8
581.6
566.4
880.5
916.2
843.9
1126.8
921.3
1012.7
1337.3
880.9
881.8
1096.2
1238.6
1072.8
1163.6
1315.5
1458.0
879.6
861.5
1017.1
869.5
1402.6
703.0
1748.2
1065.7
1149.8
1157.3
864.9
1519.8
1300.2
870.8
1524.6
1064.2
909.6
930.7
1507.7
1163.3
1300.2
1280.4
1703.8
858.4
980.3
450.7
394.3
867.9
300.6
875.7
331.7
301.8
327.9
300.7
869.2
303.0
332.1
323.4
301.4
312.1
905.2
404.0
495.6
488.0
394.7
885.7
857.8
334.3
324.7
349.8
304.5
870.9
303.5
302.8
861.9
301.5
299.9
307.5
303.8
323.6
872.4
328.3
905.0
307.4
306.8
497.9
629.4
890.7
603.3
707.8
858.4
674.9
525.4
327.6
303.0
868.7
597.0
605.2
918.7
595.1
658.3
870.7
633.0
585.9
612.1
432.3
863.4
646.1
517.1
389.3
397.4
871.1
494.5
436.9
404.5
860.5
314.6
374.3
428.3
422.7
871.1
526.2
576.4
478.6
905.5
299.4
329.4
520.8
867.6
859.3
561.9
674.7
588.8
484.4
875.3
302.3
863.1
308.6
299.0
302.0
396.1
394.7
408.8
303.0
869.7
552.9
386.5
444.5
905.6
358.2
347.7
418.4
393.1
872.0
867.2
345.9
318.1
354.6
867.8
353.9
862.7
539.9
520.8
426.3
430.2
365.2
303.1
358.2
869.2
915.0
301.8
306.2
300.0
303.4
391.5
376.8
362.0
870.4
857.6
302.7
305.6
347.1
301.7
416.4
874.4
300.9
908.7
469.9
558.0
642.7
531.2
550.7
869.3
873.9
361.8
462.9
378.0
307.0
325.7
869.6
373.9
551.3
507.6
863.1
547.1
440.3
870.6
532.1
457.3
521.3
423.0
903.9
502.3
747.8
759.2
868.2
866.5
742.3
905.0
857.5
892.5
862.7
1013.5
1032.6
1113.9
1259.9
945.0
645.1
979.5
385.9
868.7
511.4
545.7
473.6
861.2
650.8
572.0
799.8
759.8
869.6
903.4
797.0
812.7
767.1
924.4
816.9
870.8
858.6
848.3
835.1
624.5
729.2
758.8
497.3
870.1
413.7
930.5
318.1
385.9
302.9
300.0
304.1
400.5
869.2
907.3
428.3
721.3
638.8
436.7
491.9
312.5
364.8
873.3
866.8
425.2
631.6
635.5
467.3
869.0
571.5
631.9
602.1
860.3
582.9
664.6
786.5
886.1
879.7
904.6
907.7
783.9
1004.8
880.2
859.4
1107.5
667.9
915.0
1003.2
813.8
847.5
837.8
539.0
870.9
783.8
864.8
303.7
300.6
372.8
424.9
344.9
874.2
425.2
475.4
905.7
512.8
485.9
299.2
301.0
872.9
542.7
632.5
859.0
735.7
644.5
847.5
657.5
483.1
869.0
869.3
398.3
713.3
681.2
707.5
780.9
870.6
804.7
870.0
903.9
791.5
591.0
693.1
300.6
868.1
860.2
613.7
610.4
913.9
832.2
997.5
870.4
830.1
768.1
858.5
715.5
753.3
557.7
510.8
623.3
868.5
504.9
548.0
645.2
549.4
916.2
383.2
378.5
328.0
870.0
406.7
301.8
859.8
346.9
384.0
548.2
463.5
441.3
425.0
870.0
456.6
904.0
458.5
346.5
299.9
869.3
302.3
303.2
858.3
305.8
302.5
300.6
414.0
870.3
859.2
571.4
780.5
814.1
841.5
597.6
413.0
880.3
300.7
907.4
303.8
299.9
301.6
393.3
426.9
419.3
530.0
459.7
870.0
858.9
303.4
303.6
302.6
304.5
872.1
319.0
334.2
914.5
309.5
359.1
578.6
868.7
585.5
796.5
857.9
857.3
753.0
598.3
868.4
302.6
390.2
383.4
872.2
303.4
301.4
356.7
412.6
468.1
872.5
620.6
909.5
673.6
544.6
877.8
923.6
784.8
864.3
796.8
846.7
705.8
607.0
301.2
892.9
303.9
342.4
301.0
858.0
302.4
303.5
302.8
872.5
319.8
905.9
728.4
848.3
868.6
950.7
918.5
839.5
877.6
1002.7
697.1
983.3
997.7
863.9
876.0
833.1
859.4
634.1
671.8
468.5
573.5
468.8
301.0
870.0
305.8
305.8
916.5
312.4
385.2
406.4
330.1
307.8
871.4
513.2
430.3
860.0
651.5
797.2
851.1
518.2
870.0
703.6
470.0
921.7
495.1
427.6
300.6
869.3
301.8
859.4
628.5
622.1
405.4
497.7
868.9
465.7
509.7
528.6
506.0
583.0
907.7
471.5
302.6
868.9
301.5
858.2
343.9
302.7
304.8
302.7
306.6
401.8
464.3
870.8
861.1
484.4
586.9
539.8
494.4
904.3
301.3
302.2
904.0
363.6
352.2
799.8
810.9
727.1
869.3
737.2
859.0
717.8
885.7
490.1
754.0
660.9
880.7
865.6
555.1
870.6
817.9
731.0
722.0
882.4
300.9
395.8
555.7
905.9
455.5
590.7
527.6
868.4
866.5
301.0
302.7
386.7
424.3
334.9
419.8
472.9
545.6
871.8
538.2
376.2
904.0
314.9
868.2
371.1
301.2
407.9
393.7
371.8
862.8
389.5
304.7
879.8
497.1
858.0
667.6
836.3
875.5
856.0
867.8
838.3
614.8
709.1
387.7
906.2
357.2
301.7
301.4
874.5
517.3
860.4
616.1
585.8
664.7
644.6
485.5
871.1
638.8
919.0
693.2
671.9
609.1
538.4
319.9
557.1
600.0
448.8
486.6
872.5
865.0
304.3
305.7
469.9
870.8
606.5
597.3
572.4
861.6
461.8
404.8
868.2
300.7
901.9
334.1
676.0
677.3
750.9
870.2
823.0
858.9
923.9
775.2
959.7
869.6
1079.8
936.9
1086.7
873.4
788.1
778.4
1179.0
873.0
1015.7
868.8
1109.4
881.1
995.0
1153.3
955.1
1025.5
839.2
886.3
745.4
904.6
700.5
791.7
790.6
545.8
584.8
405.1
302.8
868.3
303.1
859.3
304.4
306.4
303.5
303.6
300.0
873.5
301.4
917.9
514.0
553.8
568.6
668.3
622.3
505.9
869.5
535.6
858.4
463.3
346.3
535.0
459.9
406.7
874.4
860.9
489.3
446.6
441.9
400.1
304.7
870.5
368.8
903.7
584.3
868.9
1032.7
864.9
624.6
1152.8
1173.8
1031.4
1102.1
1040.7
541.1
303.0
301.1
871.3
858.3
300.9
358.1
365.3
333.3
870.5
303.1
336.4
334.4
385.4
904.3
500.3
476.0
645.4
883.2
774.5
866.0
830.2
1028.2
633.7
955.6
872.8
860.2
963.1
727.4
1037.2
890.8
877.1
957.1
879.3
724.4
862.3
901.4
494.3
339.2
302.0
300.5
305.0
595.9
611.9
487.7
881.4
573.3
903.8
420.8
303.2
359.0
871.1
303.9
861.6
487.2
357.7
420.6
372.0
300.0
870.4
303.8
303.5
858.3
359.4
400.3
408.3
869.0
392.7
908.9
340.2
439.4
418.9
331.5
341.6
418.2
331.5
423.9
868.4
858.2
302.2
302.9
302.2
301.9
868.6
302.8
384.4
907.5
501.6
521.6
312.7
455.4
326.1
880.1
312.0
862.2
305.9
301.5
375.5
340.3
408.9
872.8
301.7
858.7
331.4
329.2
437.2
380.1
869.3
464.6
605.0
487.1
906.0
396.2
397.1
869.2
301.8
303.5
860.3
322.7
430.1
410.2
442.7
475.6
867.5
555.3
860.7
736.5
715.6
929.3
871.8
871.9
899.3
913.9
860.7
913.0
857.0
673.4
647.5
869.2
329.5
870.0
386.2
540.0
486.8
502.6
365.3
302.7
879.5
308.1
859.7
400.6
320.1
391.2
310.6
345.8
874.5
454.3
500.8
338.3
382.3
905.8
306.2
326.9
325.0
869.2
320.4
397.5
388.7
873.6
308.2
299.3
880.2
430.4
904.1
493.9
668.1
700.9
517.2
400.0
340.2
873.3
330.7
915.6
304.8
338.5
303.2
868.0
858.9
301.3
384.9
380.7
451.5
303.0
314.8
438.6
437.5
301.3
871.1
905.9
304.9
303.2
306.2
868.1
322.3
306.1
312.5
860.1
302.5
382.4
408.9
411.1
883.6
499.0
906.3
565.5
632.1
610.3
432.9
886.0
302.4
866.9
320.4
303.7
327.1
300.7
301.2
517.0
499.2
869.8
564.5
859.4
593.5
703.6
436.8
880.3
693.5
632.9
905.3
761.9
563.1
712.9
535.4
644.5
872.7
471.3
868.2
476.3
603.8
300.1
299.3
302.3
871.0
495.8
862.4
440.7
484.8
431.5
302.0
304.5
302.0
870.4
915.4
446.4
702.4
709.5
734.4
735.1
861.5
884.0
