311.6
314.9
318.8
346.7
522.1
528.6
930.7
566.3
1021.7
908.4
630.4
885.7
833.4
936.0
952.7
1063.1
965.7
945.3
952.1
563.9
347.1
453.0
868.6
352.3
538.8
515.3
859.1
511.4
868.8
411.7
865.4
452.9
388.8
871.4
487.5
605.3
903.9
591.4
587.6
477.7
874.2
304.1
866.9
305.1
303.4
305.3
873.9
303.8
862.7
308.3
309.0
871.6
299.6
859.0
313.9
334.5
329.6
313.3
882.1
340.5
915.2
524.7
514.4
344.1
879.8
358.4
864.1
311.6
361.8
868.2
302.8
305.7
302.1
860.2
301.0
884.1
405.8
366.8
468.6
858.4
301.1
868.8
312.8
301.2
302.5
910.7
314.5
489.6
424.5
479.1
868.6
864.1
302.1
397.5
870.9
388.8
453.2
443.1
860.3
355.5
428.0
870.5
394.8
906.9
330.5
299.7
868.6
300.3
871.3
302.0
306.4
312.1
302.1
870.0
367.1
870.8
301.9
481.9
374.7
345.4
461.7
881.4
879.9
869.5
308.4
303.5
322.0
305.3
906.0
301.8
433.6
423.6
869.3
871.7
300.1
868.9
303.4
857.8
306.8
390.8
385.7
413.5
314.1
873.6
390.7
383.8
906.8
403.1
393.5
868.0
435.1
434.9
876.4
319.1
868.3
361.3
367.0
864.7
304.0
303.0
876.0
311.4
305.6
858.4
369.9
306.1
873.3
367.1
905.3
301.8
300.5
869.1
394.6
660.2
499.4
440.2
857.6
881.0
300.6
301.3
301.5
860.2
311.1
388.6
882.9
545.6
539.3
916.7
588.9
453.2
512.9
882.4
858.9
303.1
302.5
300.3
872.9
302.4
310.3
858.3
302.0
387.2
379.5
868.7
365.7
376.2
893.0
356.9
345.3
884.7
1001.7
615.4
633.5
496.1
664.2
877.1
865.1
515.6
624.8
641.1
877.0
709.6
869.9
720.5
666.5
406.3
871.1
865.0
371.1
306.9
393.8
302.7
551.4
402.5
871.9
912.0
511.0
449.1
404.3
873.2
861.0
485.9
583.5
579.4
603.4
880.1
410.9
879.5
301.8
302.0
300.7
300.9
893.3
860.2
301.8
873.6
300.4
301.7
300.4
903.7
302.9
299.9
871.2
860.5
354.7
329.4
341.8
316.2
300.4
869.2
311.7
863.6
474.9
491.0
517.3
899.5
417.2
860.3
479.0
355.1
395.7
870.0
310.6
914.5
477.4
709.9
672.8
474.6
863.3
875.5
473.8
443.1
880.2
546.8
553.4
872.8
459.1
580.6
893.7
452.8
593.2
438.0
862.8
893.0
431.5
345.1
415.0
903.9
337.1
869.6
302.0
420.8
410.1
866.6
311.3
870.0
302.7
473.1
869.4
563.4
762.2
533.3
871.9
695.3
653.4
866.4
477.7
870.0
337.4
440.3
589.0
904.5
636.2
487.8
606.0
503.2
870.2
441.9
865.0
883.6
303.7
310.1
876.4
378.7
490.2
410.0
568.4
431.9
869.9
858.5
364.4
333.4
304.8
873.5
300.0
874.1
411.8
483.1
407.6
880.6
491.8
304.9
905.4
871.2
864.8
383.4
392.3
483.8
299.7
869.7
412.7
382.3
476.0
398.0
906.2
310.9
422.2
871.4
406.1
876.6
301.9
300.2
870.8
300.4
304.2
875.0
299.6
870.1
304.5
411.4
448.4
858.1
572.4
523.7
541.7
445.3
869.0
864.2
327.5
869.2
908.0
300.5
301.5
300.0
393.9
323.7
408.0
384.5
869.7
859.9
330.4
890.1
301.0
416.0
396.1
903.9
312.5
302.6
869.9
495.9
870.1
662.5
709.6
792.3
648.4
710.3
880.0
866.7
632.0
882.7
306.2
375.0
375.8
857.7
302.3
870.5
484.4
479.3
389.9
385.4
914.0
369.1
885.5
603.8
876.5
631.4
588.1
537.5
725.2
872.0
521.5
861.5
299.5
870.8
300.9
299.4
303.2
860.3
303.2
870.7
300.4
301.5
905.7
302.1
362.5
585.0
591.7
879.3
627.5
863.2
640.3
892.9
668.6
570.9
504.7
881.1
421.7
873.5
310.6
312.2
304.3
889.0
302.4
875.2
301.3
299.8
906.9
303.2
355.5
870.5
317.3
407.5
378.3
300.8
876.5
877.1
499.6
489.3
642.8
668.2
863.3
487.0
478.6
878.9
362.5
300.6
865.9
303.5
868.3
300.1
906.7
303.4
303.1
372.1
302.9
868.8
858.4
301.6
378.7
382.1
405.5
393.1
869.5
866.1
298.8
870.0
300.5
903.0
300.9
300.0
300.9
883.6
383.6
472.6
443.9
394.2
871.3
459.0
482.8
875.6
504.7
863.3
305.5
868.1
393.8
906.5
329.2
620.6
684.3
619.1
869.9
544.7
875.5
823.9
505.8
455.0
883.8
601.8
517.2
859.6
515.9
555.0
481.7
585.4
869.3
869.6
338.2
397.9
390.0
870.2
425.5
400.4
904.9
868.6
874.6
304.9
306.0
300.7
317.0
881.8
461.4
562.9
556.2
860.2
463.2
869.8
300.9
307.5
902.5
303.5
303.2
398.4
327.4
869.8
415.7
860.9
300.0
869.0
421.0
860.8
459.9
605.6
680.3
726.2
870.2
877.7
506.2
479.9
351.5
881.1
311.6
904.9
305.8
311.1
394.5
388.7
869.0
448.2
525.7
362.5
865.2
303.1
890.3
467.7
540.7
859.2
393.2
867.7
322.1
486.9
525.8
363.9
913.7
870.4
865.5
302.7
470.1
440.5
335.3
470.7
509.3
307.3
353.9
874.3
861.1
870.0
301.4
865.6
385.2
487.2
530.0
547.2
617.2
907.8
976.7
768.9
725.2
666.4
729.1
679.3
865.7
509.0
1077.4
910.5
379.7
301.9
861.1
538.8
555.0
557.1
870.6
606.9
696.6
387.0
869.3
908.7
332.3
302.4
912.0
349.9
332.3
347.5
304.7
868.9
905.5
563.6
301.1
870.3
299.1
299.9
859.9
305.1
303.7
300.8
870.8
301.2
905.0
408.8
370.8
439.5
358.1
459.8
868.4
321.7
864.7
880.6
325.9
430.3
489.5
413.9
859.6
327.1
387.1
872.0
408.9
863.4
318.9
300.6
868.8
323.7
858.3
755.3
761.1
869.4
741.7
820.6
746.9
671.9
922.7
884.8
339.1
858.9
302.6
302.7
303.0
868.8
335.7
305.9
323.6
861.3
880.6
410.0
406.8
404.2
402.8
904.2
439.6
409.4
868.2
529.6
717.3
730.4
864.3
871.7
520.2
426.4
741.0
858.4
729.7
876.6
625.9
644.6
531.1
734.0
863.7
507.6
871.8
302.8
858.9
306.5
869.5
389.3
519.6
531.9
509.9
437.7
910.2
303.7
868.8
303.1
865.2
304.2
301.3
302.8
871.0
375.0
353.2
312.3
858.8
300.1
868.4
300.9
306.4
903.8
366.5
341.6
399.2
870.3
302.8
864.4
303.6
307.4
303.8
880.1
859.1
374.6
329.1
337.9
870.0
301.8
867.0
302.1
304.2
300.4
870.6
301.8
305.4
907.0
869.4
878.5
883.7
953.5
947.8
983.3
1029.8
1043.5
1164.3
1045.2
1013.0
806.0
868.4
861.1
946.6
439.5
671.1
445.7
315.7
453.8
879.6
407.2
439.2
303.1
905.4
304.4
886.4
302.5
863.3
304.3
322.2
390.4
870.1
372.5
312.2
302.5
860.2
306.0
311.9
869.8
399.7
863.5
592.3
580.5
542.4
586.3
884.3
859.5
442.4
441.6
868.5
440.4
905.7
300.5
303.3
320.4
301.3
314.7
871.2
858.0
300.9
869.0
428.7
369.3
367.4
859.8
301.6
372.5
870.3
439.2
409.9
300.7
904.2
311.7
340.2
350.4
868.5
875.6
312.1
303.9
868.5
301.5
859.5
313.2
310.9
335.6
870.5
517.3
530.5
374.4
321.6
860.7
300.7
870.3
903.5
303.1
308.2
377.4
375.3
870.8
861.3
306.1
301.7
302.6
870.4
314.7
1073.2
376.3
391.7
301.5
870.0
305.0
916.7
303.1
303.1
870.4
324.1
312.6
304.9
861.2
354.7
360.5
375.7
489.2
870.5
341.4
858.4
466.3
345.9
363.1
872.3
921.7
300.0
878.9
300.4
308.9
317.1
858.8
303.8
454.2
439.5
466.2
870.7
863.6
475.3
490.3
892.6
519.0
468.6
860.6
456.3
870.8
461.5
434.5
467.4
424.8
906.1
322.9
313.0
875.6
867.1
317.1
311.5
302.3
869.9
386.9
336.1
859.9
381.3
885.5
353.6
379.8
414.2
905.1
483.7
898.0
719.8
726.4
743.1
621.1
870.4
894.6
