310.6
353.1
428.6
533.7
880.9
722.2
772.9
746.5
970.1
1150.3
882.8
967.9
950.5
844.7
889.7
991.3
1004.0
1058.2
998.6
654.3
646.7
670.6
736.1
879.6
752.3
796.3
768.3
874.5
755.4
881.9
768.3
749.2
904.8
798.5
886.0
547.9
869.2
934.9
858.6
863.6
760.8
931.8
361.5
868.7
308.8
404.1
394.3
860.4
299.0
302.1
870.8
301.2
860.1
299.8
302.8
301.1
303.4
300.8
870.9
905.0
449.2
433.1
435.9
377.8
868.1
874.9
305.6
373.4
366.3
868.9
301.5
304.2
301.6
860.2
300.0
869.0
459.7
427.5
497.0
909.6
382.8
299.7
870.6
300.2
299.4
303.2
859.8
303.6
366.0
370.2
870.6
863.8
357.4
306.3
319.4
307.3
411.1
412.1
882.1
326.9
916.7
334.7
909.5
487.7
375.7
497.2
877.0
300.9
926.7
308.5
383.5
373.9
301.6
860.8
870.8
465.4
499.1
626.7
605.7
877.0
416.7
416.8
869.7
912.0
302.0
305.6
339.8
537.7
367.5
878.8
592.3
443.4
862.4
300.1
885.5
314.4
304.6
859.2
369.7
303.1
302.3
396.0
875.1
417.4
907.8
554.2
382.1
315.3
392.1
456.1
883.8
394.4
870.8
348.6
364.2
878.8
360.1
306.9
874.6
329.7
309.7
307.8
881.9
304.5
893.5
323.5
308.9
869.6
303.1
913.0
315.7
304.8
302.6
376.8
473.9
423.1
868.2
866.1
302.0
871.3
371.7
445.8
455.5
355.1
915.7
335.9
452.6
373.5
871.9
636.0
633.1
864.7
869.6
302.8
412.5
423.0
321.6
870.3
299.2
301.4
402.1
396.7
869.6
859.0
392.1
371.1
880.4
426.6
493.9
346.6
921.7
435.2
614.5
497.2
604.8
859.5
896.8
505.2
871.9
773.7
779.6
713.9
864.3
785.6
689.1
902.3
428.4
340.0
863.6
302.1
300.0
380.1
522.5
870.2
488.2
907.3
576.1
676.4
869.8
862.7
636.6
744.5
765.4
727.2
879.2
721.0
859.5
654.7
694.8
534.4
474.9
384.6
332.8
870.5
859.1
301.1
511.6
870.5
436.0
371.5
477.8
906.3
321.4
389.3
877.1
377.9
372.0
471.0
300.1
858.0
300.8
868.1
390.9
495.2
876.1
604.0
485.4
411.9
484.6
870.1
456.3
904.9
889.9
699.4
817.6
798.6
849.2
864.0
871.7
744.7
875.1
777.7
589.8
874.8
751.7
891.2
782.3
772.1
769.4
729.5
681.5
863.6
519.9
882.1
342.2
402.5
422.3
906.0
355.7
872.3
421.0
872.0
551.3
487.0
508.2
301.7
378.7
454.9
874.8
862.7
772.2
746.3
885.4
715.5
716.6
645.1
878.0
556.1
316.1
324.4
329.7
456.4
869.7
407.0
360.8
910.3
373.8
460.5
887.8
887.0
363.0
870.8
756.9
938.9
1004.4
1117.3
1160.2
1490.9
1459.3
1083.1
1685.3
1068.8
1493.7
1852.5
1958.3
2026.0
2101.3
1607.6
2231.6
2232.9
2311.3
1925.8
1862.6
1218.1
870.8
1707.9
932.1
840.7
1027.8
860.5
301.0
394.2
372.3
459.4
424.0
387.1
869.9
401.4
408.6
903.8
318.4
304.2
871.3
299.7
299.6
860.3
303.5
869.2
307.2
419.7
575.7
859.9
564.3
595.0
551.5
517.1
883.1
353.5
916.4
301.6
871.6
303.3
302.4
880.1
304.0
495.6
461.1
366.1
465.3
869.0
299.7
860.3
302.2
301.6
300.4
871.2
329.7
312.2
914.2
382.8
481.5
534.0
868.8
586.7
862.0
790.1
881.0
627.7
655.0
873.7
327.1
319.4
303.0
868.4
300.4
858.3
302.2
394.2
508.8
360.8
371.9
897.1
397.1
905.9
573.9
574.7
593.0
635.2
883.1
565.4
865.9
377.3
869.7
304.9
371.8
358.4
865.1
301.7
300.9
871.3
311.5
302.3
904.3
305.6
428.1
501.4
530.6
642.7
870.4
862.5
679.1
567.2
897.5
450.1
589.1
598.7
866.0
344.1
346.3
896.3
306.3
409.4
395.6
976.8
304.3
893.0
304.4
870.9
303.2
301.0
306.6
301.7
880.2
299.8
301.5
860.1
413.6
321.1
416.1
566.8
365.4
402.6
872.2
916.2
300.1
302.1
881.8
302.0
932.7
310.7
301.5
328.0
873.8
306.6
337.0
858.9
868.2
502.7
401.5
471.8
698.2
601.4
907.1
422.9
873.6
300.7
858.6
302.3
313.4
300.6
868.5
376.9
539.9
861.1
561.5
645.7
677.8
869.9
542.6
614.1
594.5
914.2
299.3
874.2
367.0
858.9
498.6
617.5
700.4
768.8
869.9
811.3
872.6
734.7
694.5
499.7
510.7
644.8
882.0
913.7
584.0
674.4
566.6
514.5
862.7
877.8
299.9
301.6
372.3
490.1
495.6
482.7
871.5
432.0
870.2
301.8
391.6
870.2
309.5
416.9
330.9
911.0
411.6
409.9
313.3
867.9
864.5
300.5
873.2
373.5
318.1
351.9
301.2
303.8
858.5
877.4
309.2
392.4
402.8
907.6
518.6
631.0
674.5
757.1
480.5
868.8
914.6
421.5
298.9
912.8
880.7
323.0
301.3
316.6
463.4
871.8
434.8
460.5
555.4
331.8
904.4
871.6
448.4
549.0
536.9
865.9
502.7
870.1
560.5
515.6
494.3
610.0
417.7
859.7
873.8
302.0
302.2
303.7
394.3
875.5
399.3
346.2
403.3
868.5
444.8
905.3
299.2
882.6
541.1
580.6
719.8
858.5
786.6
707.5
870.1
876.9
780.5
862.7
858.3
869.9
868.9
859.6
857.2
778.7
547.9
545.2
723.4
657.1
877.4
903.9
758.2
771.1
750.4
489.9
870.7
518.2
865.2
309.9
302.9
300.8
309.5
329.5
327.2
871.4
859.6
301.2
301.9
896.3
301.1
860.3
301.1
302.2
300.1
302.5
870.6
301.5
347.2
904.9
381.3
414.3
472.4
581.7
869.1
484.4
873.1
306.2
303.8
428.4
908.8
416.2
312.1
873.8
431.5
869.5
466.9
430.8
465.1
884.6
301.3
880.4
614.1
717.9
918.7
815.8
884.8
874.2
959.8
602.9
920.7
857.8
972.5
324.1
300.5
868.4
302.6
859.1
300.7
300.3
887.6
322.7
903.6
400.5
409.2
453.5
342.8
309.4
875.5
517.8
727.3
860.1
573.8
758.4
874.9
872.1
575.3
734.4
713.3
575.8
871.4
865.6
577.5
788.1
811.0
837.9
886.3
721.9
622.8
907.7
388.0
303.8
340.6
870.7
349.5
561.8
334.2
570.2
859.7
301.5
352.1
929.0
916.8
322.4
327.2
427.4
886.5
404.5
457.7
496.0
989.2
301.1
896.8
308.3
358.3
898.4
433.7
450.5
445.8
872.5
384.7
859.5
308.7
381.0
302.8
873.0
480.9
467.2
475.5
465.2
906.9
300.7
868.8
301.2
303.5
301.7
858.0
301.6
305.2
870.3
425.4
468.9
357.8
860.7
391.3
301.6
875.9
298.8
864.4
300.5
443.0
361.7
379.9
873.1
313.1
921.2
302.4
312.6
331.4
357.5
889.3
377.0
302.9
858.7
304.8
300.4
878.5
301.8
870.2
307.5
315.3
391.3
868.1
376.9
302.2
301.5
863.4
315.1
349.1
869.6
474.3
907.9
574.3
506.6
741.2
868.9
662.6
793.8
1062.8
489.0
401.0
882.0
876.0
301.3
307.4
404.8
382.6
306.8
913.3
328.5
859.8
308.7
304.6
339.5
331.7
871.3
382.6
307.9
906.2
374.9
341.1
432.6
884.0
386.8
864.4
303.9
302.7
881.5
479.6
397.2
382.4
859.7
304.3
302.7
337.6
872.6
448.3
908.7
509.3
316.4
356.4
429.7
871.2
356.4
862.3
300.6
302.7
422.9
403.8
870.5
859.3
301.8
302.6
868.5
301.9
905.8
301.6
387.7
376.8
300.9
871.2
300.7
857.9
302.4
304.5
878.9
308.4
312.7
301.7
860.9
317.2
303.7
351.6
413.7
334.4
868.4
358.0
904.6
327.8
375.7
367.3
882.8
876.1
299.2
302.0
301.9
868.6
402.1
497.6
859.0
460.9
748.2
880.6
642.3
776.9
918.2
753.7
670.8
557.8
545.1
873.1
873.8
444.8
371.1
431.6
583.2
359.4
407.3
882.5
863.0
304.0
884.3
326.6
303.4
328.1
862.1
301.0
302.6
868.9
915.8
352.7
377.1
414.3
329.8
872.1
488.9
499.8
674.2
631.4
862.9
869.9
863.9
