312.8
349.5
462.4
563.1
650.7
962.7
900.4
833.6
989.4
915.6
1048.3
960.4
1070.4
1234.9
1042.1
1280.6
1324.3
1331.8
888.6
708.6
1393.3
673.9
900.9
870.7
930.5
875.4
1019.3
928.6
1208.3
977.3
881.6
1163.8
1166.9
1233.5
1196.7
906.1
1015.4
955.6
903.4
1172.1
1094.3
941.8
544.1
310.6
884.8
305.2
501.7
493.7
344.2
309.5
322.5
870.9
300.9
871.4
309.7
316.3
312.3
304.0
905.8
871.2
485.2
668.6
631.8
655.8
547.1
1011.8
488.8
342.5
374.7
881.1
301.6
313.4
860.9
303.6
301.8
874.8
304.3
299.5
304.3
330.2
305.4
870.0
316.1
303.3
870.5
425.1
540.0
431.8
903.8
609.0
591.0
868.0
301.6
303.6
362.5
397.5
885.0
390.9
427.0
306.7
351.2
888.4
875.6
349.3
419.3
323.6
433.5
871.4
356.6
448.7
880.4
569.0
413.8
363.6
301.1
897.2
377.8
369.7
418.3
904.7
463.5
466.3
879.2
870.0
388.2
495.6
498.6
390.3
457.6
437.7
367.2
869.2
859.7
304.0
887.4
301.3
301.2
316.3
303.5
425.2
414.4
300.2
870.6
300.8
302.9
346.2
873.3
342.6
915.4
372.4
493.1
428.6
880.8
319.6
869.7
451.1
423.8
306.9
867.9
301.3
304.1
299.0
298.9
858.4
874.5
378.5
360.9
424.5
317.2
868.9
301.0
299.4
302.2
320.2
360.9
332.0
888.3
904.2
302.4
388.3
303.3
880.0
404.3
320.3
452.5
373.5
881.4
650.3
635.2
460.5
511.8
869.1
915.2
377.5
444.5
447.2
365.3
872.8
359.8
351.1
464.0
918.9
579.7
558.9
923.6
351.9
533.5
551.4
862.6
449.1
885.4
519.8
823.3
720.8
798.0
971.8
879.6
904.8
927.3
937.0
1126.8
1004.4
1133.1
968.0
1001.0
876.7
923.0
641.7
334.0
869.3
351.1
401.5
392.0
466.8
870.2
516.6
605.7
546.0
863.9
874.2
723.7
826.7
861.5
667.8
881.2
754.6
803.5
570.6
467.1
869.7
518.9
420.7
358.0
916.2
870.3
392.4
302.9
390.0
431.5
318.5
442.0
868.1
316.3
870.6
350.2
306.1
373.5
326.2
343.2
915.3
343.6
880.2
309.9
389.4
443.7
373.6
332.4
869.8
462.8
299.6
456.6
869.0
860.2
437.7
661.9
814.8
821.8
963.7
598.0
1056.6
878.4
851.2
686.6
954.4
797.5
715.3
906.1
528.0
840.1
819.4
810.3
733.0
897.5
889.4
301.6
308.3
412.8
355.8
368.5
868.0
341.6
870.7
545.0
455.4
320.1
892.5
349.4
458.6
530.9
683.8
774.0
868.6
590.4
869.6
778.3
602.0
496.1
916.0
413.9
472.7
688.0
687.8
1029.3
16.6
593.3
649.1
732.3
921.3
537.9
521.3
1125.2
300.5
307.2
527.4
547.5
527.8
723.2
1011.1
640.1
529.6
584.1
950.3
472.5
369.5
301.0
938.5
326.3
915.4
494.7
681.9
671.7
577.7
871.7
299.4
874.1
400.1
397.8
332.0
301.2
870.9
379.0
419.5
487.9
870.9
556.8
599.7
425.6
873.3
539.5
371.5
361.1
869.7
299.9
300.8
868.1
307.0
305.4
905.1
313.8
373.8
529.6
702.3
685.8
1079.8
666.0
680.7
913.2
354.4
429.4
1101.6
870.1
301.2
303.7
869.5
579.8
755.5
662.8
758.5
529.0
663.8
868.1
339.3
339.9
332.8
306.4
869.8
301.8
904.0
301.4
933.9
780.7
857.3
756.5
1024.5
593.6
992.6
1035.5
810.7
936.6
1041.8
344.6
389.5
863.4
300.9
301.7
869.6
394.8
352.4
347.1
535.1
437.8
868.3
364.8
541.4
870.8
762.5
907.4
732.9
767.7
659.0
871.4
594.0
474.7
302.8
366.9
358.0
872.2
300.4
870.7
299.1
300.9
300.9
915.7
474.7
553.3
918.6
817.6
886.3
884.9
946.5
854.4
948.4
625.7
818.7
679.9
947.4
524.9
858.1
375.7
395.7
334.8
871.8
366.5
307.7
303.6
868.8
310.5
303.8
334.8
882.1
302.7
324.5
306.5
304.4
905.5
870.3
471.3
525.8
703.0
653.6
740.8
871.1
474.0
580.0
330.0
309.9
868.8
1052.3
429.0
880.1
308.4
299.5
300.9
421.8
332.6
468.6
869.8
337.4
303.2
353.9
417.3
868.9
357.7
910.8
300.4
870.1
300.0
299.5
299.8
302.5
302.2
868.6
350.0
380.8
394.5
408.5
897.8
870.3
475.0
468.8
517.3
873.1
300.4
301.0
868.0
458.4
505.4
583.0
634.1
621.0
681.5
898.2
914.9
600.4
870.3
553.9
522.4
703.7
683.1
880.1
609.6
717.7
589.3
595.9
870.7
863.9
320.5
305.6
427.6
662.1
560.9
874.9
573.4
467.9
892.3
322.3
308.0
301.9
302.6
404.1
870.9
422.6
522.4
904.5
523.5
369.9
877.4
306.5
880.9
304.8
430.7
430.7
308.2
307.0
869.9
300.1
872.1
303.2
493.2
870.2
696.2
735.3
755.5
866.3
869.0
978.6
647.7
571.4
385.2
870.7
299.2
904.7
300.5
299.7
870.0
479.2
390.9
484.5
653.8
445.4
545.4
894.7
390.1
487.6
462.1
870.6
382.8
877.2
462.2
495.5
581.9
595.3
484.3
869.7
887.3
303.6
303.0
357.3
451.0
553.8
873.5
633.0
455.5
411.6
904.9
407.7
888.8
302.2
426.6
609.5
628.0
949.9
664.5
912.6
732.6
883.9
675.4
808.7
765.0
949.0
887.3
947.9
819.6
870.3
704.9
753.1
830.5
873.2
954.7
821.2
857.8
791.0
918.1
894.5
687.0
938.6
721.1
415.6
500.0
521.2
474.1
868.5
371.7
302.5
302.7
879.7
303.3
859.5
302.5
302.5
870.8
308.2
301.2
301.4
304.0
870.4
388.4
402.8
517.3
384.0
393.0
881.0
367.3
309.5
915.4
300.5
870.1
354.0
406.1
380.1
451.6
897.0
313.8
338.5
334.7
893.6
859.0
916.1
1122.3
1268.1
1301.7
1345.2
1412.9
1474.9
1544.5
1650.6
1657.0
1703.3
1850.4
1955.4
1966.3
1442.1
1242.5
996.3
1055.9
978.8
607.8
679.0
430.5
302.1
869.7
421.2
343.8
367.2
869.1
387.5
550.1
917.3
575.2
837.7
951.3
838.9
927.6
925.8
896.6
925.5
877.9
906.9
860.8
1168.0
868.7
1103.7
970.4
1024.4
985.8
842.0
944.8
854.7
341.1
300.4
868.6
319.3
369.4
430.2
425.0
389.8
880.8
299.8
904.4
302.1
879.6
325.2
316.5
313.0
303.0
315.3
325.6
884.3
316.3
302.8
879.6
299.5
857.9
307.4
434.9
499.7
470.8
872.5
383.5
302.0
878.2
384.9
302.0
358.9
880.6
315.7
408.0
340.4
915.6
313.6
880.8
305.8
315.2
302.2
302.9
301.8
871.0
303.6
311.8
308.9
304.0
869.9
301.2
858.4
303.4
916.8
408.5
428.7
389.0
402.4
489.1
871.6
326.5
302.7
327.2
891.6
503.4
917.3
457.4
468.3
497.9
440.9
871.7
383.7
373.6
302.5
894.5
306.2
333.5
394.6
868.0
356.7
305.4
859.9
372.6
488.3
491.3
942.3
554.6
1022.7
769.8
828.9
684.9
908.9
1026.9
793.9
904.2
581.4
650.6
548.1
902.6
302.7
302.5
337.1
357.4
324.6
869.7
299.3
304.9
879.0
333.7
317.7
350.0
919.4
303.0
342.3
869.1
413.8
370.9
300.2
308.3
871.5
301.8
302.4
299.7
880.1
301.3
301.6
858.2
349.4
868.8
366.3
395.9
440.5
491.0
530.2
896.1
467.6
505.5
870.5
423.1
335.3
904.0
361.0
301.8
417.9
406.5
868.5
882.2
301.4
302.9
300.9
301.5
868.9
324.1
369.2
391.0
299.4
904.3
303.5
874.0
319.3
305.4
869.2
302.7
300.6
301.6
869.4
311.4
459.0
387.0
412.7
328.7
907.8
515.6
648.6
880.4
669.8
496.1
475.8
880.1
300.2
299.1
302.7
870.6
301.8
387.9
487.9
870.2
508.8
869.8
705.1
834.4
722.5
872.1
700.0
790.6
679.4
709.4
900.7
576.8
498.7
749.5
915.9
713.1
427.5
869.8
495.6
310.6
868.3
306.0
315.8
314.0
373.7
304.2
870.3
368.5
860.9
437.5
374.6
473.1
474.6
1076.2
539.8
613.9
575.9
683.4
544.0
937.1
1016.1
