312.9
314.3
324.4
312.6
415.6
449.8
952.1
553.8
882.2
1105.1
884.4
776.9
781.4
760.7
718.0
746.1
432.9
1054.1
1088.6
1007.6
300.7
302.3
303.2
866.7
424.0
501.1
510.8
870.5
320.1
872.2
316.3
347.8
869.6
872.7
468.5
410.7
458.2
423.6
876.2
910.6
303.2
877.7
302.4
863.0
303.6
303.4
300.3
872.1
861.2
302.5
312.9
885.9
299.2
858.3
300.6
304.5
304.9
302.0
869.1
904.7
442.7
518.5
340.1
511.3
870.2
862.9
307.1
301.6
300.1
868.8
857.7
301.7
301.0
877.5
300.5
863.2
301.4
300.6
305.0
301.7
869.1
903.3
300.4
303.8
874.9
862.6
396.1
485.2
416.8
420.8
890.3
876.2
300.7
392.6
869.5
370.4
484.9
506.3
905.4
305.0
371.3
895.6
874.7
363.1
301.9
300.1
871.0
312.4
864.1
374.6
315.9
381.6
872.2
870.9
311.4
391.6
449.4
889.8
388.9
354.5
458.7
915.3
891.9
859.6
300.0
382.1
458.4
872.4
562.7
462.7
326.2
1074.0
871.4
298.7
862.0
303.8
868.6
336.4
387.8
415.5
905.2
314.3
349.6
869.5
370.5
307.2
865.6
306.1
305.1
312.1
882.5
861.6
870.4
335.7
863.3
425.1
455.4
877.6
417.7
369.6
871.4
369.0
321.7
870.2
304.1
356.8
348.0
904.1
897.9
301.2
304.7
860.1
303.8
376.5
335.0
386.3
869.8
863.2
303.8
873.1
303.3
332.6
324.8
905.2
896.2
434.6
550.2
552.3
404.5
866.8
454.6
858.5
874.2
302.9
310.2
302.1
920.2
321.1
874.4
383.2
449.5
411.7
872.1
416.6
301.9
922.0
369.6
303.6
944.5
962.6
520.9
478.6
446.2
384.9
900.6
929.4
569.5
963.0
583.2
636.1
755.5
952.1
671.8
542.9
883.6
951.9
308.0
913.9
300.9
865.0
342.6
303.3
376.9
380.1
318.6
882.5
439.9
904.8
304.0
386.8
894.4
874.8
353.6
554.2
461.6
870.6
319.1
859.1
302.8
316.9
868.5
303.8
865.5
870.6
406.4
859.0
303.6
398.2
315.2
302.0
867.7
304.8
904.5
388.5
871.1
308.5
422.5
408.8
861.3
302.0
304.6
871.0
319.2
328.6
864.5
335.2
304.6
310.2
872.7
304.5
860.9
877.5
873.7
377.1
641.3
582.1
594.5
489.1
873.0
916.2
554.2
391.9
478.0
907.9
382.9
862.6
331.2
912.7
475.2
436.7
348.2
872.2
871.0
871.7
300.5
301.9
299.4
303.3
303.7
872.0
905.9
302.2
309.2
869.6
872.2
307.5
300.8
404.7
538.2
414.3
911.8
664.8
859.6
424.2
548.0
885.5
864.7
313.7
930.3
474.1
624.5
513.2
908.9
436.9
511.3
455.0
870.8
389.1
877.4
869.4
300.9
302.0
859.2
378.6
469.9
463.1
377.7
865.3
893.1
434.5
339.4
394.5
874.1
864.6
304.9
373.9
342.7
870.6
382.0
324.1
929.9
409.9
1017.0
977.8
304.5
301.2
302.1
300.4
868.4
871.0
370.7
302.1
387.3
323.8
886.3
300.4
904.6
301.9
880.4
301.0
874.2
299.4
300.3
868.4
301.2
860.4
299.8
300.8
871.3
303.5
474.5
491.4
859.6
484.6
468.5
879.1
863.9
299.3
875.7
305.3
918.5
300.4
302.7
882.8
302.4
340.6
352.9
307.1
862.3
868.6
302.3
302.6
865.9
339.5
300.0
301.4
873.5
906.5
299.7
869.6
549.6
528.6
478.0
656.6
862.9
568.7
521.2
901.5
864.6
890.0
305.5
389.8
386.7
878.7
299.6
871.8
301.5
326.1
321.3
300.1
907.1
307.0
868.4
406.3
876.1
460.5
594.9
570.8
352.2
877.8
880.1
886.2
301.3
863.3
302.9
300.3
872.1
301.2
860.2
299.8
299.5
878.6
430.6
473.0
905.2
603.8
507.1
440.7
624.7
875.0
879.0
460.2
509.3
879.9
490.2
510.3
861.0
298.9
303.9
868.6
302.6
863.3
301.5
866.9
303.4
299.6
859.7
300.3
869.0
367.2
309.7
357.6
907.8
301.5
870.3
457.0
356.0
865.3
531.7
498.5
376.9
409.3
873.0
878.0
302.5
302.4
869.0
301.3
863.2
868.7
861.6
398.1
471.8
522.7
332.2
879.2
301.7
404.4
904.0
337.9
520.6
405.3
364.6
901.1
1273.6
944.6
369.1
375.7
412.1
299.4
939.3
333.3
887.9
366.0
404.4
301.2
865.7
411.2
389.7
879.6
858.9
870.5
310.0
302.3
865.5
335.0
461.7
451.0
587.1
641.1
890.1
413.3
921.1
878.5
359.1
404.0
865.0
381.9
315.9
867.6
871.7
535.0
442.9
366.9
872.9
865.3
299.5
371.2
424.2
422.1
384.3
881.6
859.4
870.3
863.7
302.2
305.9
300.6
301.2
343.9
422.9
869.5
447.7
904.2
300.4
892.6
326.9
337.4
863.6
304.5
304.9
367.2
306.2
869.9
859.1
885.8
301.2
301.2
858.4
387.4
595.6
545.5
642.8
879.9
332.7
928.9
348.2
879.8
311.9
860.4
299.8
874.4
337.4
303.0
904.5
303.2
439.0
448.2
375.4
870.1
868.7
425.8
509.5
899.0
489.8
908.8
409.2
880.1
353.0
407.2
427.7
358.4
868.9
869.8
876.0
302.3
300.5
320.8
398.2
401.6
364.9
1080.6
301.8
858.8
880.3
346.9
917.8
464.0
343.7
879.9
622.2
621.6
440.8
977.6
543.1
897.5
922.1
851.5
720.1
816.8
622.9
884.0
959.8
879.6
533.1
623.0
716.7
896.4
783.2
796.9
726.7
690.1
414.7
895.1
880.3
870.3
301.4
302.1
916.6
300.1
302.1
321.0
318.2
868.4
863.1
300.0
299.5
871.3
863.5
300.8
873.8
300.7
300.7
303.0
906.9
378.8
338.4
872.1
480.6
367.8
377.2
864.8
343.3
329.3
869.9
858.7
307.3
401.5
399.7
868.0
316.8
884.9
302.7
419.7
869.8
413.4
911.5
300.3
880.2
316.4
867.1
744.5
757.6
667.4
880.3
656.1
786.5
871.4
518.2
868.0
864.9
302.0
302.7
299.4
872.5
878.9
310.8
303.0
303.3
869.2
904.2
332.6
348.2
366.4
375.3
869.8
516.7
858.7
724.9
642.8
696.9
603.4
868.9
865.1
597.3
399.0
399.7
872.0
379.3
918.6
602.1
485.9
635.3
905.0
430.4
865.0
301.3
869.0
920.8
308.0
329.9
870.4
358.1
413.2
432.9
371.5
910.1
309.6
880.1
303.5
865.7
334.4
409.4
872.6
865.7
423.3
311.5
305.8
874.7
300.1
1072.5
298.9
869.5
302.0
411.1
406.5
905.7
387.7
881.6
885.6
304.4
380.0
302.1
360.2
869.4
327.7
369.9
870.3
301.6
872.6
865.2
307.3
301.5
299.0
300.7
870.6
304.1
301.9
903.6
307.2
301.1
869.7
301.5
866.1
870.1
302.8
873.1
300.7
303.9
301.7
302.9
421.5
941.0
914.0
322.8
304.5
375.5
351.6
868.6
906.5
425.5
300.9
880.2
415.7
878.2
300.3
301.3
870.9
858.6
301.1
338.1
323.5
349.7
873.9
369.1
864.7
301.9
883.6
409.6
470.9
904.7
637.9
513.9
550.4
875.2
875.0
385.3
477.6
406.6
869.0
860.3
364.0
329.3
359.6
879.5
319.5
858.8
299.8
303.4
871.7
304.0
863.2
304.2
384.0
302.1
868.2
378.5
904.9
458.2
403.3
870.3
349.7
865.7
301.3
308.8
308.8
869.2
305.1
860.3
304.0
869.3
301.9
860.7
348.4
513.6
512.6
881.7
359.0
318.9
916.3
304.5
882.4
860.5
299.7
312.4
380.4
368.3
868.5
860.0
301.7
301.6
869.2
302.7
904.6
358.7
371.3
377.9
301.7
868.0
871.5
300.4
310.2
874.0
869.0
301.2
302.1
883.4
859.1
330.7
403.9
502.8
381.5
364.9
871.7
471.8
458.2
909.5
335.4
870.6
859.9
299.3
319.8
309.4
321.9
300.2
870.9
871.4
387.6
423.6
450.8
434.1
871.3
879.3
372.4
409.3
342.7
875.1
917.7
894.2
389.4
476.2
866.4
483.2
408.8
324.2
308.7
871.7
860.1
299.8
868.5
299.9
303.9
350.8
859.8
314.1
357.0
870.9
903.3
300.4
301.0
327.6
385.4
858.7
382.7
1022.7
528.2
523.6
872.9
864.5
1025.9
