310.2
397.7
602.0
543.8
628.1
545.6
575.4
544.2
916.2
751.8
875.2
795.3
847.8
857.2
897.0
1021.7
863.2
874.7
899.6
385.5
298.8
298.4
297.2
861.8
441.3
582.1
464.7
591.9
457.2
864.3
347.7
327.8
297.7
300.1
874.9
413.0
354.5
597.2
557.6
509.8
476.1
862.4
297.6
864.1
327.3
298.7
377.2
339.9
297.7
299.9
297.9
298.1
862.6
299.5
356.5
298.7
298.1
861.7
299.3
298.2
300.7
496.7
481.7
483.6
864.2
298.3
299.3
876.8
334.9
349.6
298.4
304.7
298.0
864.9
296.8
298.4
352.3
456.7
430.3
312.8
1071.9
297.0
298.4
300.9
872.7
299.5
370.0
496.0
522.2
483.5
462.9
863.6
299.7
298.5
299.5
862.3
432.1
481.2
473.5
402.1
882.2
300.3
373.2
369.4
298.1
300.9
298.7
862.3
302.5
305.3
318.2
322.7
304.2
862.9
296.6
372.8
396.4
392.0
380.2
864.2
378.7
419.0
330.8
877.6
299.9
300.1
334.5
445.9
862.8
500.1
457.1
328.0
300.5
865.9
298.3
300.4
298.3
862.3
462.4
436.4
466.4
433.3
325.3
298.8
324.1
862.5
305.5
302.0
299.8
316.0
372.4
361.7
869.4
863.7
299.4
436.6
512.8
399.4
297.6
298.9
300.7
298.7
298.0
863.4
318.8
352.2
876.6
404.9
337.6
298.5
325.0
863.9
360.6
361.0
385.4
323.5
319.7
872.5
301.4
308.6
297.9
297.1
297.3
297.9
861.2
298.2
754.7
924.9
1051.1
1120.3
1053.7
1316.0
1334.9
1202.2
1443.4
935.8
1519.2
742.0
1389.0
1055.8
711.2
787.0
703.6
824.3
875.1
385.9
483.0
526.6
393.6
874.6
413.1
567.2
614.0
601.7
564.7
533.5
422.8
861.8
356.1
752.0
768.3
865.3
629.3
799.0
779.2
469.2
297.6
884.2
298.1
299.0
299.6
362.3
347.8
397.0
930.0
401.0
371.0
506.5
503.7
867.4
298.1
364.4
520.5
403.0
443.0
478.2
943.6
876.4
759.7
863.5
875.6
1011.7
1026.4
1040.4
1129.4
802.7
586.8
655.9
407.8
305.3
862.7
404.4
298.8
862.3
332.9
431.8
331.0
543.0
479.5
298.2
299.1
874.5
301.2
325.3
360.3
349.6
319.9
296.9
861.4
309.5
298.0
304.1
867.3
619.3
630.3
750.9
765.7
766.4
862.9
512.6
646.4
516.1
404.0
500.7
466.9
862.7
357.8
879.6
636.2
674.5
641.5
570.1
397.4
883.3
298.1
296.4
305.4
299.2
298.7
299.7
861.8
301.1
366.5
369.9
873.0
299.0
335.3
330.4
317.0
596.0
642.9
590.4
862.2
512.7
381.8
619.4
381.3
876.7
513.3
424.9
431.0
418.2
861.8
452.0
351.0
454.5
381.4
334.0
328.2
876.6
303.9
864.3
299.0
409.5
616.4
617.8
514.6
470.4
362.0
861.8
356.9
300.1
326.5
865.7
298.9
299.5
297.3
436.8
531.0
413.3
494.6
861.7
298.9
866.7
296.8
437.8
368.7
391.9
297.7
861.3
298.7
300.6
352.8
310.3
399.9
326.3
862.4
301.9
299.5
303.4
300.0
873.9
298.2
298.3
296.9
297.4
861.8
298.4
313.2
304.4
495.6
863.9
503.4
589.6
620.6
519.4
442.6
876.8
298.2
300.6
298.4
299.0
299.1
862.5
306.3
406.0
630.2
352.5
541.6
863.0
689.6
419.6
390.1
471.8
483.0
863.0
373.8
300.4
315.0
877.6
322.2
624.9
713.6
666.8
863.2
561.0
784.4
689.4
517.6
876.2
297.4
305.2
336.6
326.5
297.8
862.1
388.3
341.1
419.9
333.0
339.2
364.6
863.4
334.8
301.0
413.0
543.4
534.5
523.9
866.9
332.2
298.0
865.2
394.5
300.4
392.0
297.1
862.2
297.0
300.7
297.3
298.7
862.0
297.8
341.0
404.4
477.5
541.8
612.8
513.5
483.6
871.1
445.4
370.2
342.4
447.6
877.6
296.8
298.0
299.2
873.3
303.2
299.2
863.6
302.5
305.2
297.0
306.0
301.6
300.4
323.3
355.0
317.9
871.6
297.5
429.4
862.1
433.8
446.1
475.0
625.1
405.6
866.9
470.8
421.0
298.6
304.7
862.0
297.3
300.4
300.4
301.1
299.7
298.6
298.8
861.8
913.2
377.2
342.2
398.4
468.6
407.9
298.0
343.4
862.4
296.9
298.5
298.6
298.8
861.7
297.9
309.4
372.5
327.5
403.1
367.1
297.9
874.9
319.1
433.1
419.2
866.3
297.0
298.4
863.4
298.3
315.5
620.3
666.2
737.7
639.4
862.8
719.7
552.7
464.3
305.7
408.3
447.8
343.1
864.7
370.5
584.8
615.3
876.9
619.1
529.5
297.9
300.8
306.4
863.8
311.4
324.8
323.6
298.2
876.6
299.2
298.2
296.7
872.5
865.4
884.6
876.5
1097.2
1135.3
1177.8
1192.8
1059.7
1221.2
1224.8
656.8
524.2
570.5
525.8
309.7
302.6
863.0
316.8
300.5
313.2
508.7
560.9
536.2
862.5
593.3
669.1
865.1
333.9
364.3
362.0
297.8
861.9
300.5
300.2
299.1
298.0
300.0
520.6
471.1
862.1
496.3
353.6
297.5
876.3
399.8
369.4
473.7
307.2
874.7
493.1
520.4
686.5
672.1
464.5
440.0
862.0
298.9
299.3
409.8
863.7
488.3
514.4
536.2
601.8
313.9
298.7
297.0
863.9
298.1
460.5
655.7
862.9
638.4
521.0
738.3
563.3
876.9
578.6
494.0
683.3
686.1
657.1
557.8
863.0
404.8
298.3
379.1
515.8
877.0
559.8
562.6
606.8
605.0
545.1
867.0
644.7
409.0
298.7
865.2
300.2
323.7
314.7
298.3
300.4
861.8
302.9
300.1
300.5
297.9
874.4
300.0
299.4
301.9
299.7
300.1
861.5
298.0
299.6
305.4
306.1
304.0
326.1
314.1
865.6
302.8
298.2
875.5
298.5
309.2
312.0
299.8
378.5
372.4
862.2
299.8
306.4
364.4
353.8
866.8
298.3
298.1
460.5
664.2
872.6
800.2
866.5
821.2
791.9
959.0
788.0
940.1
621.2
298.1
864.9
323.6
299.2
304.7
296.8
298.5
299.6
862.2
299.8
332.5
300.9
338.9
315.5
861.7
297.8
532.6
865.2
673.6
645.5
646.1
678.4
430.4
445.7
874.6
359.7
328.5
298.1
867.9
547.7
658.6
715.5
703.6
548.7
556.7
500.2
862.1
299.0
299.5
861.5
298.6
337.3
409.2
543.7
410.2
426.6
414.6
863.6
309.9
312.6
509.5
863.8
325.7
299.9
297.1
324.1
307.3
306.9
864.0
297.1
865.5
298.7
300.7
374.7
452.5
451.8
403.7
864.0
297.1
301.0
311.6
298.1
299.2
861.3
307.2
367.7
405.7
341.5
864.0
302.6
299.1
303.4
297.6
299.5
861.3
360.6
343.1
346.3
298.2
431.3
335.9
424.4
868.4
297.4
865.4
298.2
297.2
299.8
376.0
299.0
376.3
861.5
297.8
301.7
302.7
862.9
415.1
473.3
452.6
399.1
299.9
862.0
371.3
361.1
383.2
314.4
299.7
873.5
381.1
400.0
396.1
398.3
868.4
485.0
476.3
395.4
301.6
452.6
874.6
696.0
662.9
719.3
563.1
577.4
864.4
533.1
382.6
448.4
350.7
863.4
296.3
300.3
299.2
299.6
299.2
298.7
864.1
299.0
299.4
361.5
862.8
381.8
346.5
387.2
436.2
476.3
515.2
383.2
874.8
299.5
301.8
297.6
866.2
298.3
303.3
416.7
349.5
353.2
862.1
296.4
301.5
300.0
864.3
396.8
411.0
373.5
331.9
326.4
866.2
322.9
317.0
298.6
862.8
299.8
402.1
329.2
429.3
862.3
299.2
313.3
413.3
400.2
861.1
507.7
570.4
591.5
540.8
531.7
298.4
866.0
399.7
417.1
416.8
325.4
303.3
299.1
878.1
300.5
342.1
380.7
329.7
367.3
863.3
443.2
408.2
409.7
404.7
332.0
877.0
371.6
305.6
862.1
298.2
301.7
298.7
334.5
357.7
380.4
862.4
446.1
495.6
428.7
369.6
351.4
298.3
875.4
362.4
321.9
863.8
452.0
391.2
490.8
422.0
407.9
297.1
877.0
298.2
865.7
298.5
321.2
331.4
348.2
299.4
310.9
369.5
352.3
862.6
354.8
328.2
374.0
301.4
863.7
412.7
639.8
561.9
654.1
610.8
521.7
863.5
