310.5
484.1
493.6
628.4
630.3
592.7
640.9
875.0
807.4
777.4
914.7
878.2
755.3
1200.7
1078.6
1177.1
1160.7
1108.6
1169.6
614.0
380.1
369.7
326.7
863.4
720.2
669.3
755.9
668.8
707.9
354.7
648.6
545.4
305.1
370.3
872.3
352.1
381.1
588.9
554.3
515.0
474.4
863.1
297.9
298.5
297.0
300.9
302.6
297.0
864.3
297.4
304.2
299.5
297.7
299.5
308.9
298.1
300.7
864.1
304.7
298.6
585.9
413.6
613.5
577.7
469.7
866.2
303.3
304.2
340.2
349.9
299.0
299.8
875.1
309.0
309.9
305.7
303.2
301.0
298.9
297.3
862.6
301.7
297.4
299.9
298.6
296.8
494.3
497.4
502.3
641.0
866.9
529.9
298.6
305.8
305.6
388.4
873.7
600.1
513.0
592.2
562.4
316.6
328.9
310.7
308.8
864.6
298.4
298.9
297.4
300.1
306.4
313.6
305.1
875.2
298.5
379.7
478.1
479.8
373.0
369.9
862.4
376.8
529.0
550.7
304.0
313.9
472.9
864.4
575.3
477.8
596.5
619.0
432.8
488.1
863.1
297.7
299.9
298.6
391.6
482.0
472.6
406.0
339.6
301.4
329.7
866.1
308.8
338.8
318.0
314.8
298.8
345.4
342.0
862.7
312.8
432.2
460.5
316.1
862.5
439.6
366.3
382.0
310.2
298.6
296.7
299.5
308.8
297.4
873.5
298.2
298.7
336.1
301.4
359.4
363.8
297.8
343.1
863.2
302.8
299.7
298.0
298.1
298.9
298.0
861.5
406.4
417.6
539.0
675.9
576.9
446.4
446.2
874.5
362.8
378.9
357.8
381.7
296.8
297.8
863.3
476.3
543.3
496.0
572.2
630.5
367.3
387.4
357.2
384.1
873.7
378.3
458.3
555.3
575.1
547.1
519.6
382.7
863.6
540.4
703.1
826.8
848.3
782.5
861.4
746.2
605.9
637.6
328.1
297.9
298.1
300.8
388.6
399.9
360.0
873.8
335.5
558.0
389.9
534.9
875.1
484.8
665.7
603.3
765.0
510.0
582.4
351.1
297.6
862.0
352.6
364.2
417.1
297.7
299.4
874.3
319.2
299.9
312.4
303.2
402.6
307.2
398.1
299.6
863.1
341.8
404.1
398.2
540.3
646.3
464.3
301.5
305.4
881.2
420.9
503.9
468.9
621.6
469.0
364.3
375.5
403.1
387.5
862.0
621.5
704.7
721.0
723.2
841.7
863.5
709.7
685.0
579.8
691.1
600.9
541.9
386.9
861.8
462.8
575.0
704.8
666.2
596.8
385.9
874.5
300.0
388.2
487.3
505.0
426.0
354.4
863.9
380.2
512.3
412.4
498.8
299.8
334.8
326.6
507.2
407.0
644.1
865.2
668.2
527.3
724.6
617.5
382.3
876.3
511.9
550.2
545.5
630.2
618.3
773.1
464.9
568.1
625.5
425.5
865.5
468.0
323.1
297.8
874.5
478.8
610.0
800.6
746.4
668.1
657.6
631.8
476.9
452.6
430.5
862.1
862.5
1005.1
1189.4
1227.1
1274.7
937.2
1289.4
1324.6
1328.3
1342.1
748.8
304.6
321.5
332.5
873.3
299.2
299.1
301.7
361.3
425.6
358.9
320.2
297.8
874.0
313.0
309.6
297.2
300.3
297.0
298.1
863.8
297.9
297.6
297.5
322.1
299.2
469.7
872.2
631.9
653.0
742.9
850.7
668.4
578.9
297.6
297.1
861.8
300.6
299.3
299.9
309.7
377.3
501.2
452.0
438.2
861.6
417.7
340.3
299.5
302.0
414.0
355.3
873.5
298.7
381.1
319.9
467.9
423.1
863.7
737.7
862.5
815.6
651.1
824.2
890.1
632.1
368.4
297.3
356.2
872.9
298.2
302.5
310.7
298.8
341.0
301.9
389.0
352.4
862.1
298.4
604.7
634.0
490.0
681.9
726.4
498.5
862.7
458.7
314.4
299.4
298.7
297.2
863.0
299.5
296.9
298.7
298.1
298.5
320.4
14.9
298.7
335.8
862.6
416.2
479.4
474.6
342.4
301.6
371.4
876.0
321.6
469.6
500.2
308.9
298.5
298.5
864.1
300.2
334.4
323.5
304.4
306.4
862.3
299.6
298.6
301.8
358.8
309.4
458.1
411.6
296.2
331.4
874.2
391.6
749.5
771.7
741.1
701.0
468.0
428.9
326.9
873.5
300.8
315.5
296.7
298.2
863.1
398.5
394.1
406.4
460.6
377.8
492.8
381.0
315.0
501.0
374.7
419.4
871.1
384.0
343.1
298.3
297.9
872.8
298.5
298.6
297.5
298.3
348.4
409.3
373.9
384.0
394.6
861.0
430.4
458.2
460.7
532.8
298.8
298.1
862.0
304.6
410.4
679.7
706.5
777.5
647.7
862.4
791.7
510.0
535.9
298.2
414.6
398.6
333.9
361.6
879.1
368.0
432.1
638.9
624.8
661.5
298.4
300.5
863.8
393.5
459.2
429.2
529.7
460.3
861.5
299.5
299.2
298.7
349.9
375.0
392.8
425.1
553.7
424.0
560.8
312.6
864.5
299.2
296.7
302.2
309.2
297.2
386.9
862.7
301.2
376.8
301.0
299.2
322.9
874.5
581.3
813.0
869.8
835.2
792.2
862.4
430.4
347.5
297.8
873.1
298.6
297.7
298.5
299.1
862.8
430.5
491.0
533.4
643.3
678.0
360.6
551.9
381.5
873.7
639.4
642.9
502.4
413.4
316.1
472.1
500.2
609.3
402.4
451.8
870.4
299.1
363.2
364.8
413.0
413.7
433.3
516.4
863.1
404.9
326.4
441.9
865.5
298.6
429.6
498.1
664.7
645.9
812.1
635.1
780.0
532.3
862.1
562.5
891.3
825.4
771.7
746.5
449.8
914.7
319.6
301.1
311.6
429.8
552.7
506.5
672.8
712.2
862.6
684.9
679.4
432.6
422.5
296.5
300.5
399.0
409.4
876.0
311.3
299.3
300.5
298.9
296.5
298.0
863.7
297.3
300.1
297.8
298.4
298.2
298.6
873.3
342.3
417.3
469.9
596.6
449.9
472.3
425.8
337.7
310.2
877.2
300.2
361.3
447.8
435.7
374.2
309.7
862.0
358.0
327.0
378.7
434.1
385.7
297.0
862.7
590.2
791.1
1013.2
878.0
870.4
879.8
1209.5
1054.5
815.8
666.8
1100.8
352.0
298.1
297.4
297.5
876.1
306.2
303.6
302.2
300.5
298.4
335.9
300.1
339.2
303.2
865.1
378.1
488.8
460.0
690.8
717.0
724.9
581.6
873.4
566.9
557.8
469.1
354.3
315.6
433.9
863.2
673.8
677.8
796.1
663.3
595.5
485.5
861.8
298.2
296.5
298.6
303.6
329.4
328.8
510.7
483.0
433.3
427.3
862.6
298.1
299.3
297.9
296.7
299.3
873.3
298.9
378.4
421.9
406.5
360.3
297.0
877.8
299.4
300.0
407.7
487.5
403.9
478.1
861.7
297.9
300.2
325.3
318.4
298.2
298.7
299.6
300.7
330.4
328.4
873.8
298.4
337.9
298.7
322.1
297.8
350.7
861.8
300.2
403.5
328.7
373.4
299.5
298.6
298.6
862.0
302.1
296.8
298.1
310.7
374.3
301.4
370.3
873.3
297.2
329.3
392.9
423.7
324.8
329.7
335.9
366.2
863.2
333.7
300.4
387.8
348.4
298.0
299.6
861.9
324.4
448.1
452.4
356.8
341.7
300.2
340.5
300.9
299.8
863.4
371.2
619.9
614.3
788.0
562.0
583.7
874.1
528.2
351.0
453.3
451.6
863.1
299.7
298.0
379.9
459.8
374.0
313.4
297.1
296.7
298.5
862.0
342.9
382.6
347.0
385.7
298.8
300.9
361.2
353.7
861.9
404.7
387.1
322.7
306.2
299.9
301.6
417.3
300.0
863.6
405.4
298.3
299.4
311.6
871.8
329.1
463.9
620.0
733.8
447.5
442.6
376.5
298.6
889.7
512.1
636.6
729.0
772.6
793.0
863.4
330.8
299.8
410.9
409.9
296.8
322.4
436.3
360.6
421.3
873.3
296.6
302.5
416.3
404.6
417.2
298.2
296.9
298.9
872.4
459.2
524.3
375.1
499.6
362.6
301.5
874.5
551.1
622.5
403.3
658.1
406.7
863.4
301.3
297.0
301.4
300.7
297.6
325.0
321.7
306.6
458.3
863.9
530.5
511.7
503.6
599.4
450.3
450.1
383.8
438.3
861.3
397.0
494.5
520.8
439.4
450.1
298.2
866.3
363.3
368.6
296.8
299.4
298.1
298.2
863.8
429.5
437.4
427.1
398.6
302.4
371.6
366.6
298.7
874.2
381.3
716.8
693.2
498.8
683.3
764.9
861.7
