487.2
1165.1
876.4
1347.0
1371.4
1384.6
883.1
1667.6
1786.7
1537.2
2095.5
1946.8
865.6
1786.5
1577.3
1785.8
2344.2
2672.9
863.6
867.6
2645.2
882.7
2924.8
4473.6
2870.5
3973.3
3187.1
3780.0
3073.6
3877.0
5603.5
3240.1
3920.0
865.6
3685.6
3373.4
5610.5
3408.3
3742.6
4000.3
3233.5
4291.8
4981.7
4738.4
2797.4
3670.4
865.4
2678.0
3630.1
2456.6
3719.5
2882.9
2163.1
3085.4
1988.9
871.7
2312.8
3522.6
2274.6
1762.5
2805.4
2525.3
881.6
2073.7
1995.2
1885.5
2656.4
1978.6
1810.1
1375.9
2450.8
1776.3
1218.0
1435.6
1127.8
864.4
782.8
966.9
904.0
977.0
762.4
575.1
452.1
450.1
863.9
615.7
669.0
931.7
867.2
812.8
1022.7
823.4
452.3
614.6
538.5
567.9
864.4
792.8
936.6
1192.0
1317.8
864.4
1238.9
979.9
1249.7
1128.8
1070.4
1106.3
703.2
729.7
668.1
871.9
729.5
838.6
800.9
870.5
1009.6
1205.1
1231.7
1294.6
1287.8
1316.5
1403.9
1190.9
864.8
1017.8
1504.1
882.2
1359.1
1306.8
1438.1
1448.0
1192.6
1248.8
1013.0
554.3
514.2
476.2
773.2
700.5
624.1
864.7
727.7
727.1
706.4
867.3
1087.8
1093.3
1214.5
863.7
1296.9
1168.7
1153.3
1473.7
1073.7
1111.2
1106.4
1002.7
802.3
498.0
882.7
731.8
713.7
635.1
590.3
582.5
450.9
566.6
868.0
450.1
450.1
479.0
528.4
867.1
851.7
607.9
887.0
848.3
445.4
453.5
561.0
871.2
729.5
591.2
928.8
867.2
1152.1
1333.4
1388.1
1215.7
1500.3
1530.5
1587.1
863.9
903.7
1292.9
1088.7
1111.2
1207.4
864.2
1227.4
1381.0
1394.5
1480.6
1609.9
865.2
1732.3
1688.2
1871.3
872.3
1958.2
879.4
2485.2
2397.0
2515.2
2700.0
2645.1
2905.3
898.5
2726.4
2968.1
3421.1
3204.6
2947.4
3378.4
3045.9
3469.8
863.4
3288.7
2894.9
870.8
3611.2
2663.2
3099.0
863.8
3779.9
3493.8
4188.4
4120.2
3470.6
869.2
3768.8
5036.4
4342.7
4480.9
4078.3
4013.5
3988.1
4159.4
3827.9
3740.6
3874.4
4231.0
3570.3
3762.4
3720.8
3137.1
864.4
3059.9
2802.4
3590.0
865.4
3223.8
3240.4
3098.9
3195.6
866.5
2924.4
3408.8
3162.8
3461.8
865.0
3501.5
880.6
3279.8
3720.9
4585.9
3162.0
3565.8
3317.8
868.1
3581.6
4291.6
5156.1
4337.1
4535.9
3529.0
4264.4
4448.3
4765.6
866.6
4287.6
4902.9
3954.6
3182.7
5431.2
4559.1
4434.7
4043.2
865.4
5553.6
4286.3
5282.2
4718.0
5352.5
866.1
3360.9
3679.6
5156.1
2749.8
4414.9
876.7
4514.8
4687.3
4101.0
3999.7
863.5
2932.9
2670.5
3039.5
3686.0
5569.6
3181.5
4815.7
867.3
4643.9
4650.2
5596.6
5211.4
3742.9
862.9
4237.8
4291.5
3788.5
5731.5
4461.7
864.7
4020.5
4297.8
5585.0
4771.1
863.7
5668.2
5685.4
5189.5
4889.5
4763.6
4869.2
4948.4
4486.0
4930.8
4116.5
3239.8
5357.2
865.3
4784.8
4769.8
3098.6
3877.5
3758.3
5347.3
4746.2
4418.4
862.7
5656.0
3338.1
3437.2
3582.2
5362.3
4381.6
4108.6
865.7
3264.3
3469.3
3104.7
2436.7
3977.3
3376.3
3874.1
3133.2
863.6
4037.8
3363.6
2684.8
867.8
1759.8
3947.9
3347.7
2901.1
3289.4
2134.5
3682.9
2532.3
2728.3
3192.9
2855.5
2767.8
2272.2
2061.4
2454.8
3166.2
1248.3
918.2
1005.8
867.7
1066.2
1147.3
1017.2
995.8
959.8
1089.4
864.9
838.6
928.3
1067.2
1034.3
802.3
1008.8
865.7
1267.4
882.9
1807.3
1785.7
1886.1
1911.5
1941.7
1913.7
866.3
1837.2
2091.3
2031.3
1275.0
1612.9
1607.4
976.7
1557.9
864.7
1082.2
1586.0
1895.6
1391.9
865.1
1700.6
1808.1
1625.8
1755.3
1610.7
2056.4
2208.9
2217.1
2510.1
2527.9
864.1
1837.6
1190.9
1270.2
1147.9
916.2
649.0
476.1
446.5
870.9
444.0
451.2
1103.7
869.2
1165.9
1348.9
1427.4
865.3
1518.9
1789.0
1490.4
2252.8
1754.9
1802.3
1534.2
2305.1
863.7
1582.3
1653.3
1599.2
1303.8
1163.3
774.6
948.7
665.0
443.9
864.1
620.1
755.3
743.6
852.7
835.7
511.0
864.3
989.4
1030.8
868.1
1399.1
1359.6
1458.6
1543.2
1426.3
1409.0
1121.8
1309.6
1128.0
809.7
864.0
471.3
666.7
826.2
853.2
648.5
738.6
863.7
925.2
1027.2
813.8
1181.5
1202.8
869.3
1129.4
938.9
483.5
444.2
442.7
446.0
452.5
444.9
865.1
624.6
1000.4
1047.8
1270.4
865.5
1314.8
1272.5
1170.8
1199.9
1179.9
611.6
510.6
864.8
617.2
853.7
867.6
1302.0
1539.7
1682.4
1821.4
1862.9
867.7
1667.0
2234.6
1840.1
872.5
1776.8
2233.5
2149.8
1986.6
1776.9
2035.4
1990.6
2341.3
865.6
1993.0
1576.8
1948.0
1520.2
1930.9
1653.5
1938.2
1612.8
813.8
1141.8
904.6
1054.4
865.2
1085.3
1116.0
1209.9
1378.4
862.8
1370.4
1211.0
744.1
822.6
795.2
695.1
748.6
925.0
561.5
598.5
870.8
610.5
592.1
490.5
782.4
797.8
863.1
1184.1
1240.0
1324.8
1433.6
867.3
1151.9
990.3
789.2
579.0
510.4
451.4
491.7
863.2
809.3
1061.3
1087.3
1208.4
863.6
1352.4
1434.4
1285.2
1385.8
1402.2
1798.7
1293.4
865.1
1849.9
1297.0
1495.6
1690.3
1686.1
1337.9
1365.1
866.3
1133.9
1148.1
880.3
1158.3
1456.1
1411.5
1570.8
1410.0
1301.6
1441.9
1199.9
1225.2
866.2
1241.7
866.8
1614.0
1751.8
1717.0
2027.9
865.2
2292.1
2286.4
2290.6
874.4
2515.7
2946.0
3187.7
3015.7
2514.6
3573.5
864.7
2755.0
2961.2
2935.0
3000.4
863.8
3182.1
3207.7
3489.1
2971.8
4176.1
3539.8
3949.5
2692.1
2207.1
3304.4
3120.4
2706.8
3387.8
2258.8
3138.9
2224.2
1953.4
1628.5
1332.5
863.2
462.5
447.1
483.3
453.0
449.4
656.1
872.3
1018.9
1090.6
1240.9
986.7
1294.4
876.2
1105.9
1299.9
24.9
1268.1
862.6
1532.7
1527.7
1550.2
1536.6
1271.5
1359.9
1158.2
1381.5
980.5
864.8
877.3
1497.1
1652.7
1400.3
1843.3
1945.3
2198.5
2178.1
2210.9
2233.6
1869.0
1216.2
1554.4
864.2
906.7
804.0
597.9
686.0
535.0
640.9
864.8
665.9
773.2
1058.8
1106.3
1162.6
862.6
878.0
1991.7
2141.0
2070.4
2204.8
2357.9
863.3
2607.8
2601.8
2582.6
871.9
2811.4
2810.7
3385.2
2498.1
1994.8
2355.0
2773.0
2572.0
2388.4
3228.6
2740.5
1623.8
866.6
1982.1
1456.9
1681.2
1310.3
1883.5
1952.8
1958.3
1834.6
863.6
2095.1
1225.7
1694.6
1992.2
1367.3
1515.5
865.6
1375.8
1511.3
1527.1
1098.7
1162.3
919.6
1041.3
863.5
1010.5
1189.9
1107.3
1198.0
867.3
846.7
925.3
779.6
863.2
987.1
845.7
1014.5
1063.4
865.1
1033.2
865.4
461.2
573.0
615.9
579.0
511.3
657.0
476.4
866.1
753.5
920.1
936.7
919.1
858.7
596.6
875.7
452.4
453.4
450.4
508.8
589.5
527.6
866.6
549.6
551.6
735.6
678.5
659.5
865.8
857.2
712.7
950.9
856.6
781.6
770.2
863.7
672.2
526.8
545.5
445.7
627.2
626.0
863.5
820.8
972.8
1080.2
1381.9
865.2
1540.3
886.8
1668.0
1748.8
2144.6
1854.5
1771.3
1905.8
2413.2
1651.2
1987.2
864.6
2027.8
2431.9
1737.0
1609.1
1589.2
1765.2
863.7
1742.8
1343.1
1700.3
1180.8
1328.9
1244.9
1568.5
1472.5
865.3
1356.1
1510.7
1648.6
1537.7
865.8
1645.6
1589.4
1725.2
1603.1
1634.1
1584.5
1349.6
1421.7
1517.6
864.7
1224.4
1351.0
1459.4
1101.2
865.1
1467.7
1515.1
1601.6
1524.3
1532.0
1601.3
1502.5
1279.1
926.2
1194.1
983.2
996.2
1032.6
446.5
451.9
446.0
867.4
442.3
833.7
1015.1
1032.7
873.7
948.7
864.7
675.8
579.8
660.7
701.0
450.4
449.7
443.9
864.2
720.3
810.3
1076.1
863.8
1087.7
1358.6
865.3
1375.0
1571.8
1534.1
1240.3
1513.8
1160.9
553.8
507.8
464.4
577.6
612.2
867.1
1056.4
987.3
955.2
877.6
1293.9
1841.4
1773.7
1766.1
865.1
1908.2
2045.4
2071.4
2151.0
2139.5
866.1
1763.6
1700.7
1958.9
2317.6
1769.1
1839.6
2433.0
1559.8
1469.2
1482.4
1296.9
1250.4
864.6
1121.5
992.9
1011.7
1038.3
1001.4
864.9
1228.9
1281.2
1065.7
866.5
1371.4
1318.1
1469.8
1322.5
1253.6
