606.9
755.1
889.8
1385.2
1423.4
880.2
888.6
1517.2
1916.6
1988.1
1796.3
866.7
1925.0
2467.7
1996.3
2256.9
2192.6
868.2
2892.0
884.3
2150.6
1928.2
3480.6
867.4
2638.5
864.4
4013.2
3307.8
4283.4
864.7
5761.8
4190.6
4350.4
4002.2
865.0
4045.7
4678.6
5712.3
6809.7
4583.7
4905.1
5221.4
865.1
4328.7
5170.1
5166.7
4136.5
6793.1
877.9
4251.3
4901.7
3251.8
864.2
4519.8
3635.4
3419.8
4945.8
6108.0
5487.2
865.2
3436.4
3676.7
6355.2
4246.3
4331.9
3640.5
5267.7
863.1
3908.3
4088.4
5978.1
5115.6
4560.0
4085.9
867.0
3601.3
2448.1
4514.8
4401.0
3682.4
864.6
4260.1
873.5
4274.3
3224.8
880.8
4963.0
4059.4
3305.1
4041.0
4092.0
3238.0
868.0
1925.1
4175.9
4653.2
865.6
4283.7
5146.7
867.9
4380.4
4198.5
3974.1
868.7
4372.0
5130.7
5351.2
876.2
5323.4
5411.0
6353.9
4545.5
3673.6
864.7
4881.0
6335.5
866.2
4404.5
7090.8
5926.9
5433.4
4842.6
6377.5
5137.5
866.0
3717.4
6643.8
869.2
6132.3
6166.7
4624.6
864.2
5820.7
5709.3
6976.0
6184.0
5149.3
4277.8
4179.9
6258.3
866.6
4048.9
6869.9
5167.1
865.0
4145.8
7522.8
5008.3
4593.9
5601.3
5593.2
6359.1
865.7
7520.3
5587.0
4044.7
6889.4
6362.3
5756.8
5449.2
866.2
4094.4
5151.2
6105.4
6864.9
863.7
6893.4
3221.5
6226.0
880.1
6180.4
5391.2
5196.8
4706.5
6126.7
6116.7
865.5
7114.8
4925.8
5306.0
5572.2
3803.9
863.2
6257.2
3283.3
875.6
4325.9
4489.4
887.1
4597.6
868.7
878.8
6019.9
5527.6
5414.5
865.3
7503.8
6374.8
880.7
868.0
7467.5
7479.6
6993.3
5892.2
868.7
6552.1
7591.7
6514.8
6681.3
7428.8
870.3
6396.6
7086.8
6272.6
8238.4
866.8
7744.9
8034.2
9767.5
867.7
7907.9
7126.3
8060.6
8194.9
9026.7
867.3
7967.2
8959.8
6739.0
866.7
9699.9
9133.5
865.2
8127.3
9746.4
7981.1
9175.3
7837.1
870.1
8062.3
10008.3
10479.8
10149.0
881.6
8861.4
871.6
9520.5
878.8
9043.6
9156.1
9035.9
8903.0
10901.4
10524.1
865.1
9900.1
10860.6
878.1
10730.3
864.4
10522.6
869.6
10565.5
10656.7
9790.1
875.1
869.1
887.3
10835.3
9885.7
10440.2
10100.8
865.2
868.0
10989.8
864.7
879.6
865.4
864.9
879.7
865.2
879.1
877.6
864.8
865.6
876.0
867.1
878.2
866.2
868.2
864.2
866.7
877.0
875.2
864.8
864.5
877.5
868.4
876.8
871.0
866.6
866.3
868.4
874.8
864.9
874.1
865.6
863.7
879.1
880.6
879.1
868.4
876.3
867.8
880.1
867.9
865.7
869.1
874.1
865.2
868.1
865.8
874.7
876.6
867.2
863.7
865.2
9998.8
10869.0
878.7
942.1
864.4
878.1
876.8
864.3
877.6
876.1
869.5
864.5
876.2
866.6
875.9
871.7
878.3
871.5
869.2
863.6
878.7
865.2
881.0
875.3
868.3
878.2
867.3
878.6
865.2
874.5
874.7
879.6
864.4
876.2
864.0
867.7
863.8
871.5
864.7
868.4
865.1
878.6
883.6
877.1
876.8
875.5
875.9
884.2
869.7
869.9
879.4
864.5
877.3
875.7
863.7
866.2
868.8
864.6
878.7
876.8
868.4
872.0
870.2
877.0
864.8
865.9
876.8
865.7
