634.3
983.8
985.7
1065.8
1421.5
1135.8
1049.9
2033.8
2052.7
1821.3
2124.9
2359.2
1981.5
879.7
2051.4
2463.0
866.2
1511.2
3007.7
870.3
876.3
2651.2
870.2
2750.2
866.3
5189.0
3153.5
5579.4
4192.8
4148.0
875.2
868.2
4759.0
4566.0
7134.2
866.5
5515.5
6174.9
7053.1
874.6
6281.4
7272.2
7903.9
874.2
4269.8
5255.7
6825.5
6781.8
3995.7
7229.1
6251.3
863.6
4958.3
7352.3
6419.5
864.0
7576.3
5481.4
869.9
10081.5
9812.3
6201.2
875.7
6917.3
8758.3
6169.0
8019.2
867.9
6089.6
878.9
9503.4
870.2
7822.1
6680.1
6896.5
8165.7
896.6
8290.2
8646.3
8053.1
7970.8
879.6
867.2
6539.7
8077.1
7955.5
7707.1
866.2
8095.4
870.0
7958.2
8525.3
7453.6
8218.2
864.3
867.6
8227.5
8345.9
10142.7
868.2
8980.2
878.1
7669.9
8198.7
869.3
8176.3
7740.3
8995.0
10847.4
867.2
9280.8
9649.4
10583.8
10103.0
869.3
866.7
10681.4
10545.1
9789.1
880.2
10037.0
9967.2
9330.5
10593.3
10120.3
10437.2
876.3
9447.7
10792.7
887.8
870.5
10742.6
868.2
10166.1
9167.8
885.7
882.5
10122.4
940.3
10446.2
944.1
1032.8
958.3
870.2
10172.2
1057.6
984.3
946.7
881.7
891.7
867.5
878.1
886.1
872.7
864.7
921.7
943.3
948.1
913.7
890.9
880.2
1011.0
885.9
1005.1
868.9
869.9
869.9
866.7
878.8
870.7
880.2
887.6
864.7
873.5
866.7
871.2
880.7
892.5
869.1
916.2
872.1
871.6
878.3
877.7
880.1
867.7
879.1
961.3
1840.1
2548.9
2780.2
2918.6
3288.7
3098.5
3241.8
3227.8
3506.9
4528.9
4552.4
4531.8
4365.0
4249.7
3847.1
3855.6
3048.1
3347.3
3053.5
2550.9
3103.6
2869.1
2912.9
4314.3
4059.8
4459.4
4641.1
5403.4
4671.7
4815.4
3966.4
4558.9
4826.3
3983.0
4320.9
4311.9
4442.9
4529.3
5653.6
7033.7
6928.9
7216.0
7925.6
8256.5
8671.4
9697.4
9970.1
10499.4
9974.6
9413.4
9732.9
9862.8
9855.9
8747.4
9256.6
10020.3
10511.8
10200.3
9683.1
9421.6
9654.8
9679.8
10911.7
10941.5
10742.5
10631.8
10373.4
10396.7
10215.0
10419.3
