456.7
650.9
1081.8
1105.5
1180.7
876.3
1665.0
1711.5
1984.1
879.6
1625.2
2233.1
2317.2
1954.2
2097.8
2146.7
2128.0
2466.0
2522.4
1813.6
865.9
2404.9
2170.3
1554.6
2292.2
2758.7
2560.1
2634.4
2778.6
864.8
2536.5
3098.7
2827.2
2057.4
1996.0
2599.3
2747.0
3240.2
2101.6
2035.6
2548.9
2488.7
1895.3
2024.3
1364.8
1129.3
1176.9
1032.5
863.4
474.4
446.5
448.9
446.0
463.4
450.7
532.4
515.4
472.5
441.9
880.3
1005.7
1064.0
1051.4
1133.1
1179.5
1067.7
717.0
715.7
588.1
865.8
447.7
443.5
445.8
450.0
444.0
445.8
453.2
451.0
447.4
445.4
863.6
446.1
478.9
447.0
470.3
447.0
628.7
821.1
693.6
866.3
836.9
766.1
451.4
454.1
456.2
461.7
737.1
805.8
677.0
807.6
874.3
621.3
729.6
758.2
944.7
814.1
750.8
642.4
866.8
611.6
750.3
804.9
765.1
757.1
625.1
785.5
761.7
931.8
813.2
863.7
692.1
996.9
959.0
960.0
474.2
668.7
721.0
718.6
863.6
927.3
742.2
642.6
873.0
819.7
447.4
446.0
445.6
444.9
671.8
608.6
524.5
864.7
559.3
616.0
586.0
749.2
489.8
655.2
504.5
865.3
784.4
846.2
724.4
731.1
674.6
768.6
721.6
631.6
883.4
446.7
626.0
660.8
614.6
535.9
483.4
673.0
468.7
643.2
863.7
443.9
445.8
574.5
690.0
973.8
988.2
1005.9
853.6
879.6
446.9
862.8
518.0
451.0
613.4
635.5
573.5
636.7
967.0
863.6
1005.0
1079.3
1091.4
854.7
834.7
601.2
571.2
661.4
663.8
497.5
444.7
866.1
818.1
879.4
945.2
1022.3
985.2
908.0
811.9
822.4
704.7
864.1
498.8
1043.6
1441.1
1517.6
1421.2
1494.6
877.2
1395.5
1685.2
2133.6
1888.9
1415.2
2031.6
1494.8
2098.4
2009.4
863.0
2103.8
1258.4
575.7
627.2
782.9
1051.5
1112.3
1111.9
868.9
1354.5
1288.7
1406.5
1475.6
1703.7
1812.2
1517.2
1509.9
867.2
1845.4
2073.2
1733.3
1638.7
1066.2
1300.8
1513.2
1152.6
1005.7
1127.6
766.7
446.8
645.6
866.1
644.7
449.7
683.0
448.7
479.9
633.5
631.5
703.3
872.9
561.5
864.7
534.4
452.9
484.8
784.3
953.3
931.5
968.4
787.6
865.3
783.8
791.8
740.7
752.6
865.2
1217.2
1180.1
1215.3
1373.8
1518.4
1039.3
1357.9
1815.2
1598.5
875.7
1519.1
1937.9
2359.6
2224.3
1485.8
1378.5
1544.6
1638.9
1140.1
1322.9
444.7
531.0
547.7
559.0
478.3
868.9
452.9
667.6
782.2
739.3
688.6
577.1
546.9
480.5
553.5
864.0
885.6
1189.8
1290.0
1096.3
1327.0
846.6
1312.0
1204.9
737.6
874.8
760.6
865.2
1221.0
1299.0
1100.9
1180.1
1223.1
1096.8
862.7
909.8
642.2
449.1
445.5
916.3
1012.2
1092.5
1078.3
1044.4
863.6
1185.3
1019.3
1166.0
1044.4
1167.4
756.8
626.1
884.3
722.8
876.4
868.2
842.6
911.7
757.7
454.1
444.5
531.6
693.5
595.5
864.2
445.2
508.6
597.8
841.9
979.3
927.3
1114.5
969.0
824.0
874.8
773.2
585.0
608.4
534.6
446.0
444.5
445.1
448.9
444.9
445.0
533.0
864.7
884.5
1092.0
1145.4
1216.5
1138.4
1310.4
1110.1
651.4
876.9
482.9
445.8
446.0
445.4
735.2
974.5
999.3
885.8
863.8
795.2
703.8
493.5
504.5
526.6
783.4
674.6
554.3
469.5
553.1
862.6
850.6
1063.1
1386.5
874.7
1446.8
1687.3
1392.5
1704.1
1208.5
1612.8
995.6
836.7
817.4
649.9
464.0
447.0
525.0
469.3
553.4
866.7
584.8
676.1
835.1
704.4
1198.7
867.2
1305.7
1306.0
1321.9
1351.6
1221.1
987.2
769.5
642.1
548.9
634.4
542.7
445.3
895.3
445.5
446.6
444.3
445.4
447.2
727.3
1018.8
854.8
875.2
1523.7
1407.0
1208.5
1356.8
1292.8
1397.0
1403.0
1308.1
1310.4
1109.6
868.6
531.5
589.9
614.6
658.1
536.9
450.1
445.7
444.0
443.8
864.0
489.4
622.0
692.9
603.7
683.0
451.8
485.5
590.1
865.1
875.6
910.1
860.9
1115.7
860.6
1040.8
1104.8
743.9
715.7
582.5
445.1
865.6
444.0
524.8
555.5
889.2
675.8
778.1
704.6
636.3
679.0
868.6
782.7
830.3
881.5
731.8
679.5
442.8
443.4
449.5
456.3
875.6
445.8
445.7
791.7
693.4
1172.1
1156.8
1148.5
861.4
865.8
766.9
975.9
944.8
445.8
445.9
446.4
446.4
548.5
876.0
925.4
1125.3
1261.3
1312.5
1375.5
1179.4
1311.1
866.4
1166.1
1197.3
1059.3
1341.6
1351.7
1507.1
1246.6
1276.3
1318.1
1251.8
485.0
448.4
497.9
865.4
617.5
787.2
946.2
853.2
630.1
444.2
446.3
511.5
451.5
511.9
875.7
898.2
898.7
988.3
894.7
1100.0
684.0
475.9
864.3
673.2
638.0
785.0
723.2
552.5
613.7
590.9
447.9
461.8
862.8
598.1
1148.5
1289.9
1266.5
1483.6
1352.0
1466.5
898.5
1052.7
864.6
593.4
444.4
447.5
448.9
451.1
442.4
657.3
552.1
717.7
875.3
872.7
745.6
641.9
747.6
911.2
875.1
979.8
810.6
785.1
890.3
779.7
1052.6
1043.9
928.2
816.6
800.1
449.2
655.7
646.7
585.0
873.3
775.6
838.3
971.1
903.3
851.1
815.7
672.9
442.1
862.7
983.7
978.0
1152.9
1389.1
874.3
1565.6
1947.1
1724.7
1777.2
1439.4
1580.2
1773.2
1852.4
1780.1
1888.7
863.9
1415.0
2122.0
2111.5
1800.2
2244.2
2013.6
2078.1
1919.7
1898.9
1987.4
1824.7
864.3
1831.4
1302.5
1286.1
1274.7
1367.3
1300.5
1156.4
1054.2
991.2
781.2
658.6
865.2
445.3
442.9
452.0
449.7
443.4
447.0
443.3
509.5
446.8
586.0
874.3
990.3
797.1
1133.3
715.3
1068.8
780.1
516.5
563.7
614.1
874.5
707.5
824.1
598.4
615.3
745.1
673.1
838.4
709.9
447.0
866.9
1024.7
1233.4
864.7
1550.6
1714.6
1631.8
1654.4
1450.8
1668.6
1794.8
1315.0
882.6
590.7
448.6
534.9
521.4
450.0
443.5
444.4
866.5
446.8
750.6
724.1
746.0
633.5
878.2
792.0
863.5
1052.7
1154.7
1242.3
1520.2
1299.5
1596.7
1152.0
878.9
1648.1
1745.7
1803.8
1724.3
1849.1
2004.3
1619.1
2105.0
1614.4
1825.1
2105.6
1553.7
865.9
619.2
488.9
445.5
683.6
1172.2
866.4
1199.7
1150.6
1284.6
1087.9
838.2
689.4
541.1
566.8
445.5
470.3
482.3
446.9
452.3
443.2
868.6
448.4
444.4
443.7
445.5
667.7
739.6
721.6
691.1
865.3
532.9
549.6
582.9
527.2
445.6
448.6
757.0
658.8
703.2
589.5
863.2
446.5
530.9
443.9
530.3
451.4
444.8
445.5
450.7
473.4
533.4
862.8
478.0
664.0
591.6
509.1
449.0
445.9
449.1
877.1
660.5
737.5
728.0
654.9
463.2
447.0
612.6
592.0
542.5
649.9
863.2
626.0
643.3
737.4
588.8
697.5
632.1
443.6
446.8
864.1
477.6
654.4
782.5
627.7
685.9
830.2
856.6
752.2
798.2
863.8
1012.0
1114.8
1287.5
1370.1
1409.9
864.4
1616.1
1465.0
1768.3
1015.8
1166.1
1039.1
445.3
484.0
858.7
669.6
797.3
611.4
558.9
446.3
863.0
446.8
582.4
536.5
653.6
596.6
473.9
571.2
562.4
521.5
862.7
526.1
590.9
609.8
566.7
700.1
679.8
846.4
580.8
493.0
864.8
467.5
642.8
585.1
687.9
680.4
831.6
1006.8
1020.7
839.6
876.3
707.0
715.0
570.1
447.1
444.5
524.0
684.3
592.1
867.7
444.8
469.5
609.1
628.5
443.4
652.3
808.3
830.8
683.0
875.7
447.4
442.8
533.8
640.9
670.0
446.5
449.0
446.5
445.5
561.0
699.6
875.2
811.1
761.0
1027.2
1061.9
1163.9
1025.9
1145.0
902.2
681.9
812.0
446.5
448.4
445.6
449.4
534.8
468.0
679.5
865.2
725.7
752.2
1102.5
1229.9
1289.5
1211.6
914.8
866.0
1251.4
1144.7
990.3
990.8
1331.6
1400.9
1196.8
1343.9
1347.0
870.5
910.9
875.6
449.4
518.0
573.9
545.8
486.4
682.7
605.6
669.0
603.2
675.3
544.6
645.6
864.3
644.0
897.6
863.7
1201.9
1167.0
1178.3
900.2
1143.8
