732.7
1119.1
1117.6
1236.1
1761.6
1888.4
1452.1
2099.8
1617.5
1921.4
2417.7
2345.1
1273.1
2399.4
1747.4
2350.4
2522.6
2733.2
1435.2
2092.5
1727.3
1783.5
2179.4
1759.4
1694.0
3940.2
1318.3
1002.6
4073.3
4742.7
3908.9
862.7
4966.4
867.6
866.7
4740.3
865.3
6128.1
5477.9
868.0
6313.0
895.3
3819.0
879.3
7500.3
6141.1
868.1
8477.5
879.1
9444.8
9656.0
881.6
8574.7
883.9
7475.1
8169.1
6741.9
9393.2
4709.4
7693.8
932.7
8225.8
904.5
4988.2
912.5
9707.0
10590.5
10763.9
937.0
10324.7
6401.8
7736.5
7157.6
10205.1
926.4
920.5
8214.7
8429.4
867.6
8455.1
864.0
10078.8
8735.3
10827.9
7995.9
863.3
10355.0
870.3
885.3
862.6
888.1
889.1
10128.6
896.8
9394.9
866.1
10798.5
10895.5
876.1
879.9
1110.5
10830.8
1095.6
975.0
1012.4
867.4
1000.8
995.3
927.4
1392.7
1208.2
1206.7
936.4
1018.6
1064.5
1157.0
1117.2
1065.0
950.5
878.8
867.9
862.9
1973.6
1997.4
2462.9
2511.8
2385.0
2252.6
2303.6
1590.3
1391.2
1183.0
1606.3
1394.8
1340.6
1499.9
1223.5
1050.9
1016.2
1006.2
895.1
939.7
1475.4
2912.3
2392.9
2603.4
3377.4
4926.9
5268.4
6594.7
6237.4
6295.2
6510.1
6243.6
6508.5
7257.8
8063.9
7748.6
7414.7
7690.0
7730.4
8361.4
8961.7
8431.5
8151.7
8278.5
8782.2
8532.0
9451.2
9353.3
8640.6
8649.6
8686.7
8684.4
8392.7
7971.4
7796.0
7841.6
7250.3
6983.5
7309.4
7737.0
7468.9
8147.8
8529.2
8524.2
8704.4
8611.1
9190.1
10049.3
