370.5
397.3
583.7
717.7
875.1
772.0
1207.4
1246.1
1164.9
981.4
1138.9
1009.2
1346.8
1072.9
1184.3
829.3
926.2
650.8
474.5
1748.2
1718.8
1822.3
1926.3
782.4
1466.5
1842.5
1034.5
784.2
1006.6
898.3
1969.5
2067.9
1838.1
1940.0
1258.1
1839.6
2056.0
848.3
1745.1
1644.5
2573.4
2279.2
1072.5
2010.5
1272.6
1562.0
706.2
1733.5
955.4
807.5
1142.8
1476.4
468.0
600.3
509.0
369.6
937.2
1274.3
446.7
954.0
868.1
647.0
623.0
539.4
494.9
375.0
892.6
923.2
329.4
311.1
881.4
873.2
323.6
304.5
873.7
310.5
911.6
326.0
318.3
306.8
871.7
866.8
303.3
303.0
403.5
862.4
461.3
567.0
967.9
498.3
873.5
864.9
303.7
526.2
882.8
556.1
601.1
1077.5
590.4
946.3
688.1
600.9
516.2
506.9
1215.5
952.9
1036.8
302.2
425.9
513.1
1059.5
887.7
387.9
596.1
596.3
965.5
532.4
1109.6
535.2
501.8
887.5
901.1
426.0
977.5
625.5
1072.5
721.9
698.5
678.1
579.4
377.5
924.1
942.5
301.6
301.9
963.4
944.3
304.3
431.9
430.0
872.6
330.1
435.1
972.3
421.9
909.6
510.0
420.8
446.4
1031.3
905.3
359.9
412.4
1070.9
477.5
992.1
1077.9
304.8
435.7
897.0
429.1
928.7
374.9
320.2
363.2
873.0
916.0
308.2
305.3
872.7
867.1
362.1
398.8
459.5
413.8
862.3
871.8
875.5
366.3
316.9
359.1
862.9
395.5
481.4
909.3
516.8
621.4
632.2
1136.8
655.2
861.6
937.7
355.8
469.8
464.0
1093.7
331.7
877.4
417.0
570.1
985.0
638.2
1145.3
918.1
586.0
522.2
806.6
1119.7
1036.4
1389.1
1038.5
1511.2
1112.6
1239.4
1343.3
945.5
1252.1
943.8
985.9
1702.6
1332.4
1323.7
1380.2
1534.7
1735.4
1328.1
1579.8
1140.8
1105.2
1808.3
1775.3
1272.5
1522.8
1297.1
1490.8
1421.2
1817.9
1383.9
1272.9
1998.9
1512.8
1821.2
1452.1
1932.0
1488.3
1668.6
1226.8
1825.3
1401.1
1391.2
846.3
1832.7
1015.3
1383.6
1872.9
706.0
623.9
1602.5
1757.3
832.0
1517.5
520.3
575.1
631.1
1579.4
1211.3
1196.2
725.7
656.4
640.6
529.7
1237.0
1287.1
876.5
1007.0
1358.8
851.0
1296.5
957.6
1204.2
778.9
1334.7
1154.5
1777.0
1517.4
997.9
1367.7
1636.5
1442.0
1888.0
1236.1
1901.0
1462.6
1441.3
1780.7
1012.1
1115.2
1151.3
1713.2
698.8
1943.6
629.3
1735.7
651.8
1766.1
1601.7
637.9
1585.5
395.6
736.1
614.4
1160.2
1241.1
408.6
474.6
1044.7
1177.0
690.8
743.8
765.8
722.3
810.2
810.7
1229.3
1068.2
1550.8
1454.2
754.2
754.7
794.3
1456.0
852.5
855.2
929.4
1291.3
721.0
1092.1
647.6
1104.2
1485.1
1199.5
764.4
565.7
681.5
776.4
601.5
1175.0
751.7
1138.3
836.7
1259.2
1361.4
835.3
714.7
797.4
648.6
701.7
686.0
1454.2
368.0
1550.4
307.3
305.6
1239.2
1413.0
1153.2
1088.9
304.3
942.8
1005.6
403.1
394.8
432.9
560.6
579.1
429.8
869.6
983.2
430.7
432.2
870.0
867.2
394.3
369.5
333.8
981.0
874.1
473.4
484.0
873.5
597.3
726.0
906.0
673.7
696.9
504.3
361.5
976.6
1004.2
961.6
301.4
985.0
348.9
900.5
876.3
511.6
782.2
813.3
651.7
872.8
862.3
496.3
437.5
546.7
464.9
948.8
862.3
685.5
927.8
803.2
842.1
949.4
950.1
906.3
800.8
1449.5
611.0
1201.0
1051.5
1273.6
566.1
448.6
356.9
1259.9
379.1
1053.7
449.4
391.5
1229.5
731.5
1095.0
1108.4
792.9
801.1
888.2
717.7
808.2
699.1
675.6
1423.7
1096.3
303.1
406.9
371.8
1354.0
1152.1
906.4
301.4
895.8
303.9
865.5
306.4
318.4
632.6
987.3
865.1
1108.6
818.2
932.6
874.2
949.9
1092.5
775.2
792.9
933.5
1155.5
521.7
1186.4
633.6
533.6
1147.1
1049.3
346.4
397.4
336.3
1038.6
1049.6
379.8
387.8
878.2
880.6
459.6
324.2
558.0
873.8
891.7
575.1
630.4
677.3
873.5
874.2
807.2
603.9
543.8
479.8
899.1
997.7
343.8
303.4
961.8
913.8
358.7
439.8
387.4
485.3
871.3
863.6
305.4
470.0
390.4
371.9
896.9
876.4
303.9
894.6
303.4
865.5
370.9
329.2
355.0
873.4
862.3
315.4
430.5
607.5
883.5
460.7
524.4
566.8
928.2
874.0
869.6
302.2
872.7
374.4
873.5
378.1
546.5
571.7
867.6
873.5
1037.9
1139.8
945.3
753.1
1120.7
898.4
893.2
829.4
784.8
1169.0
915.9
1311.7
898.2
976.1
1019.7
719.1
577.2
678.5
599.1
480.4
1035.7
962.9
305.1
312.0
876.9
925.7
306.8
402.0
475.5
918.0
499.6
934.4
587.6
417.7
879.5
900.3
403.2
511.2
457.6
933.1
953.9
376.4
364.7
870.4
301.5
863.1
565.7
871.4
946.6
716.7
754.8
771.2
779.3
563.5
953.3
955.8
466.7
358.8
936.0
302.7
961.4
302.3
392.9
863.1
873.4
515.8
526.0
466.3
866.0
697.0
1026.3
511.7
566.5
588.0
938.6
499.5
1046.9
548.4
566.3
468.6
1079.9
907.3
310.3
301.3
940.5
990.6
495.9
510.6
570.1
887.7
436.7
871.2
531.7
454.9
883.6
866.8
407.9
956.2
707.9
897.3
936.4
888.9
878.9
1219.2
939.7
1296.9
981.5
1200.6
911.0
1332.0
1580.5
1455.1
1689.3
1413.2
1322.3
1070.2
1259.0
1319.4
1605.5
1136.3
1306.8
1478.0
1494.4
1792.0
1296.7
1776.7
1130.1
1268.8
1198.0
1249.8
1541.4
948.6
1039.3
1222.8
829.9
541.6
1313.8
443.0
1194.4
1030.8
302.7
302.4
305.8
341.9
871.5
341.9
1021.5
488.9
535.4
470.1
870.0
893.2
549.5
654.1
1101.7
460.4
1188.7
649.6
593.9
917.5
473.9
951.3
458.1
514.1
366.4
1160.5
1067.9
549.6
1268.2
1180.2
880.7
781.1
958.3
939.3
1035.8
806.3
1080.0
683.0
377.7
1386.7
1272.9
1428.7
378.6
304.5
1068.8
304.9
988.2
302.8
874.3
860.6
387.0
306.6
428.4
552.2
476.0
1043.0
1173.0
775.5
964.3
1124.5
1202.5
927.8
1042.4
1155.8
1612.8
1111.2
1088.4
1073.4
1023.2
1811.2
1015.5
1050.1
1473.4
450.7
1355.3
1641.8
1359.3
667.8
434.0
1414.6
1191.5
447.1
583.0
570.5
395.2
421.0
1003.3
362.3
1022.6
1007.4
995.0
312.5
381.3
371.9
305.6
993.4
922.4
331.9
339.4
866.2
881.1
302.8
421.1
419.7
883.6
861.1
381.4
335.3
415.1
866.1
904.0
382.0
409.9
447.9
873.2
399.1
872.3
310.0
304.8
873.8
875.0
303.3
353.9
351.1
873.1
940.9
358.2
502.6
390.6
887.1
386.2
528.1
1108.3
872.5
306.5
884.1
351.9
405.7
445.4
873.8
907.1
365.6
415.6
878.0
488.1
860.8
381.0
422.1
528.5
359.3
460.1
877.0
977.3
345.6
950.5
880.3
435.3
476.2
416.2
927.7
1031.5
531.0
510.9
943.8
766.0
1024.4
810.0
873.6
891.9
1089.0
1261.0
918.3
909.2
999.1
1276.1
1338.6
1032.7
1019.0
1115.3
712.5
1273.5
559.6
744.4
983.8
724.2
413.0
1027.3
496.9
385.0
1026.2
383.0
951.6
370.2
439.5
875.0
433.4
915.1
355.1
392.4
907.2
927.7
394.4
505.7
483.6
899.4
401.0
882.5
302.5
301.9
868.0
971.7
395.6
568.3
888.7
864.9
658.6
462.8
540.0
656.5
962.4
866.7
315.5
365.7
357.3
905.3
912.8
882.3
869.7
302.7
302.9
305.3
871.6
413.6
419.3
548.6
860.9
342.9
322.2
314.1
873.7
876.3
304.8
373.9
861.8
884.6
364.3
319.6
440.0
925.1
466.7
539.0
630.7
875.5
669.8
1109.5
484.0
976.7
599.8
904.6
340.0
1094.8
314.8
465.1
536.5
882.6
1005.4
640.7
958.3
645.5
897.2
1009.4
882.2
927.2
1032.9
1007.9
1415.7
1496.8
870.8
937.3
1341.1
1343.6
888.3
956.9
761.7
508.5
1333.3
487.9
1399.8
557.5
1160.6
1261.1
397.6
504.0
486.6
1007.9
1007.0
482.1
418.3
1009.8
537.5
493.6
569.0
491.7
634.2
1109.3
879.7
966.7
956.5
1106.8
