397.2
414.2
716.2
923.7
1147.4
993.6
1280.7
1042.8
1274.2
1215.3
943.4
1152.7
1152.5
1356.0
1261.7
1223.0
1252.3
1544.6
954.9
1715.3
1408.8
1318.1
1101.0
1174.3
1522.8
1444.3
1093.5
1504.6
1321.0
1302.1
972.8
1133.5
975.1
1308.0
996.0
2417.5
1288.0
2101.1
908.2
908.7
1109.5
2142.6
1318.6
871.6
1223.4
2409.6
873.4
3163.4
2467.5
1424.5
877.8
859.1
1806.9
1540.0
1474.6
3137.2
868.9
863.7
1644.6
3299.0
1571.9
1347.9
1419.0
884.0
1753.1
1464.5
1654.9
860.2
1284.6
1214.0
1523.3
1208.3
996.9
870.8
1353.0
904.4
1035.4
934.1
646.2
962.7
1000.8
867.5
557.6
646.5
861.2
603.8
657.9
790.8
878.7
705.9
848.1
876.3
416.0
562.6
870.5
871.4
667.7
830.2
867.8
929.5
864.3
926.1
915.1
880.1
933.0
838.9
816.9
907.8
854.4
799.7
885.8
909.0
872.1
742.6
975.6
1122.3
871.4
1013.0
883.8
910.0
1352.7
1226.0
1311.4
861.0
1304.4
873.2
872.4
1169.6
945.9
1057.9
1401.6
1082.7
981.8
1050.5
883.4
610.5
861.4
905.6
511.3
870.3
998.6
963.9
757.3
894.8
917.1
829.6
880.1
1109.4
861.3
878.7
943.6
1069.1
1199.3
1153.8
864.3
954.4
1029.5
924.8
526.8
869.5
859.8
722.5
904.3
733.9
607.5
539.9
869.6
540.8
386.6
916.7
303.2
521.6
889.8
521.5
501.2
484.4
859.3
880.0
301.8
303.7
332.7
326.9
859.4
892.1
584.4
865.2
689.9
795.4
667.2
882.6
719.9
872.0
906.1
615.8
867.2
814.8
866.4
712.8
897.6
637.9
932.3
869.6
870.3
1253.4
869.9
921.2
1009.8
1415.5
875.7
996.6
1326.6
1591.6
983.2
1106.9
1496.5
1526.4
1082.7
963.0
1809.5
1234.0
1517.0
1682.7
2090.7
989.6
1069.2
1893.7
2256.5
2249.5
935.7
2355.5
1035.8
944.4
1178.7
2268.1
2326.2
869.4
1022.3
2712.4
1945.0
2426.4
2044.2
966.4
1886.8
865.6
2755.8
2820.1
3093.6
2451.4
2696.9
870.8
913.5
2344.0
3174.0
2406.8
2879.2
2402.0
868.1
3325.4
869.2
2410.0
2307.2
869.9
3235.9
2481.0
940.9
2347.8
957.6
908.8
2633.6
2656.8
879.4
1004.3
2106.6
1043.0
917.3
2935.1
2884.2
1030.3
3159.6
951.4
2615.4
966.5
3331.9
3472.1
866.8
2441.2
2271.8
3455.6
3626.8
872.8
3317.2
862.5
3281.9
3265.3
2850.9
870.1
3366.9
3379.3
2636.7
3919.2
4401.8
3947.3
3434.9
2727.7
866.2
869.7
3556.6
860.9
2322.8
885.0
3488.6
2977.3
1016.6
882.5
2624.7
966.9
871.8
910.8
4500.8
4828.4
2718.4
2796.6
872.4
863.6
3387.0
4379.6
909.4
2588.2
3266.6
4189.0
875.3
3451.3
4559.3
3697.9
4336.1
3596.1
870.9
3672.1
3607.5
863.9
3045.3
877.4
3421.6
3186.1
913.3
3590.7
2472.7
4176.1
871.1
4471.7
4393.8
3731.1
3349.6
3552.0
859.6
2554.5
3356.1
914.2
3162.1
862.7
4421.6
3175.7
4256.0
874.5
879.7
4179.4
3639.9
3196.8
869.6
2165.8
3993.7
866.9
2121.1
5467.2
878.4
931.4
3492.6
5167.4
870.6
3072.9
4113.8
879.9
2684.0
4233.6
3429.5
4505.3
3558.0
2059.3
3094.3
3095.6
3760.8
4171.3
2616.7
2768.7
860.8
886.7
3350.7
2543.4
879.1
3119.0
2521.4
3520.9
864.1
3082.3
1018.7
873.6
873.5
927.1
3100.6
2470.7
4323.7
1016.1
2590.6
863.4
2658.3
3067.2
871.2
3714.2
3790.9
2091.1
2692.2
2794.5
864.4
2404.4
970.5
1506.2
963.0
4140.1
3458.4
2754.9
2763.7
937.3
962.1
3277.7
875.8
2595.2
3264.4
3689.5
3392.7
2198.3
916.5
1966.6
2269.1
2312.3
869.5
3707.4
1439.6
858.7
3273.5
5156.6
3630.5
3059.5
4495.2
3165.4
874.0
1023.0
3169.6
934.9
3982.1
894.0
2887.1
3006.6
1449.1
3815.6
1066.7
2240.0
893.8
2793.1
1649.1
868.6
3578.5
2526.9
2274.2
2341.3
2800.9
905.2
2551.6
2399.8
2216.5
2275.1
873.8
2436.0
1994.4
1962.6
883.9
1798.5
2606.7
970.9
2715.3
870.4
865.3
1868.2
869.2
2653.1
874.8
1968.0
871.9
2113.9
1520.7
1369.7
866.7
1702.5
2029.7
1465.1
2438.7
2069.9
1574.7
2023.6
1582.9
870.6
1544.5
1376.1
905.1
1239.8
1091.6
869.4
1352.4
864.5
1698.5
1088.1
867.7
1243.7
1072.2
1023.0
1151.4
903.6
870.7
478.8
665.1
473.4
503.2
347.4
868.9
859.4
882.9
948.3
868.6
754.2
751.7
736.2
768.7
925.9
353.1
879.8
463.8
439.2
861.1
900.1
864.7
922.5
961.1
916.9
900.1
861.0
1535.3
1490.6
891.7
875.5
1205.2
1395.3
1381.5
999.2
1369.9
1344.5
882.3
1393.7
906.7
1764.6
895.7
1023.3
1312.5
864.1
1008.9
1216.0
1242.2
772.1
1103.2
807.9
870.8
861.3
1033.6
864.6
868.1
966.8
1021.3
1000.4
874.1
843.3
898.9
782.5
802.2
496.5
869.9
663.1
859.6
640.1
336.8
869.7
555.9
918.6
734.2
736.5
816.1
869.3
871.5
872.2
669.8
718.2
562.8
870.7
300.4
352.1
346.5
863.9
346.3
513.9
868.5
860.5
808.8
778.6
623.3
868.8
875.1
796.8
827.0
809.1
898.6
847.5
735.4
764.9
842.6
904.9
882.7
775.6
877.0
786.7
863.9
895.6
880.1
860.9
942.3
1039.7
1024.5
826.8
824.0
881.0
874.1
895.0
859.7
940.4
1309.0
1179.4
864.5
1341.8
1044.1
1094.6
1399.8
1422.1
1107.8
1045.4
1981.7
1622.5
874.2
1045.8
1763.1
1941.3
1638.6
1349.4
1048.0
994.2
894.9
863.8
2142.0
1798.7
1615.6
2196.5
869.6
2375.8
2743.4
859.6
1765.8
1537.5
2511.5
2655.0
1856.2
1326.2
1593.7
1806.4
2320.3
1082.6
1320.2
1035.6
870.7
750.8
904.4
780.2
869.1
1109.0
875.3
1006.8
819.2
1112.9
869.1
896.7
878.1
1289.5
1409.1
895.1
866.7
1043.4
1258.3
977.9
1510.6
1678.8
922.5
1534.0
871.3
864.9
1668.4
1635.2
1584.5
958.6
982.3
1659.8
1705.4
1727.3
1553.6
1867.5
875.0
1879.0
1898.4
1882.1
1425.9
1009.4
1305.7
860.7
1602.5
801.1
941.0
885.6
387.0
868.8
626.5
510.8
686.9
903.1
809.1
870.7
868.1
997.9
1236.6
1296.9
1390.2
1209.4
1465.6
1069.3
1167.9
980.8
1114.3
1542.6
955.7
1451.4
1246.4
1304.8
1694.5
1483.0
1499.6
868.1
619.5
1795.9
1522.2
756.3
872.4
925.2
878.0
866.4
1733.3
1126.6
1480.9
882.0
1166.5
1378.1
876.9
1368.6
868.2
932.5
1254.2
1137.3
1022.0
928.5
1583.5
1157.0
843.3
879.3
1046.5
865.1
988.7
1031.5
886.9
1415.1
875.6
1043.1
1191.2
893.3
1064.5
885.0
869.3
863.7
991.5
1107.1
665.6
925.4
734.5
867.6
823.2
860.8
702.3
872.4
1032.7
1000.6
915.1
808.5
795.1
907.3
670.3
869.6
526.8
541.8
859.0
433.3
510.2
466.4
362.1
878.0
864.9
452.7
450.9
447.7
878.2
678.1
671.8
860.0
481.1
652.5
871.4
373.7
490.0
867.1
482.7
544.1
870.7
486.5
342.8
993.6
896.1
703.7
877.1
1018.6
1091.1
981.3
975.1
1102.5
1128.9
993.4
1075.0
1309.9
895.7
1246.6
1275.1
1294.2
1413.3
874.7
867.5
1163.9
735.5
944.0
1199.2
1168.3
869.3
865.3
887.1
1050.9
1021.6
1391.9
1190.9
997.4
905.2
868.8
1159.4
864.5
934.3
1265.7
1424.9
868.6
927.5
869.1
1356.4
1299.7
1250.0
889.7
1423.2
1128.4
876.1
1142.1
1337.9
898.6
872.0
1454.3
1442.0
1491.4
1266.5
868.3
1482.9
1313.2
1121.3
904.2
959.3
888.9
956.0
477.2
299.9
311.3
870.9
858.4
441.0
459.0
462.7
484.0
373.5
880.0
863.8
399.8
377.7
867.2
406.3
303.0
395.4
861.2
469.9
472.3
590.4
907.0
1012.9
820.6
573.7
806.4
775.4
588.5
869.5
986.7
382.0
949.2
305.3
502.0
412.2
866.6
748.1
909.9
839.1
991.2
792.5
910.7
912.4
897.6
1055.1
1372.7
1057.9
923.2
899.8
1244.1
1451.1
909.5
1121.4
865.8
1680.9
1227.1
1510.3
876.7
1128.6
869.5
1537.1
855.2
1647.6
766.6
692.3
1264.4
881.0
1185.9
864.4
991.8
968.7
999.1
870.5
869.2
952.4
869.0
927.4
977.1
980.8
913.1
