382.8
314.7
392.5
712.5
873.8
1115.7
906.2
781.5
1389.8
865.2
1052.4
1389.5
1022.8
1130.9
1473.9
824.7
631.6
698.5
445.3
1681.3
1885.9
1868.9
754.8
2478.3
938.7
1654.0
872.0
951.1
1720.3
908.9
2412.0
2238.0
858.7
2184.2
911.9
828.4
2242.1
2688.8
548.7
568.1
2741.5
2850.7
2442.3
307.6
2693.6
302.7
2329.4
2754.3
299.7
2269.3
312.8
306.0
2895.3
2640.9
359.6
406.6
350.3
2489.5
2289.5
1890.2
305.6
300.7
1645.1
303.3
306.8
2694.8
303.2
2276.7
1727.7
307.1
301.5
2140.6
2054.1
1810.4
1439.5
301.7
301.9
2158.9
1580.1
300.6
1370.9
1197.1
1331.0
418.9
306.1
426.9
390.3
901.0
1341.4
315.1
876.4
303.0
423.1
1234.4
303.5
479.2
1479.8
406.1
1093.5
441.5
423.4
979.0
362.2
324.7
1433.3
302.7
1000.4
1642.5
1307.2
424.4
468.1
1331.7
480.7
493.6
622.4
467.7
481.1
1298.0
1420.0
379.8
351.6
1197.3
343.7
482.1
1711.8
1258.2
405.4
300.9
1651.3
1928.8
300.1
301.4
1595.0
1448.8
1285.4
308.0
1367.0
300.2
321.2
1990.6
309.0
350.0
343.7
1097.0
1658.0
496.3
388.7
1045.3
435.7
1445.7
302.8
302.7
1423.1
1287.6
299.3
301.1
1421.5
1499.6
300.7
299.5
1265.1
1419.0
302.8
299.9
1051.2
1381.3
897.4
304.3
309.9
1451.3
340.1
1097.3
873.8
392.1
356.5
861.7
993.2
924.9
302.0
302.2
300.6
300.9
888.1
430.3
358.6
420.3
915.2
385.5
1177.6
301.8
299.6
1014.4
299.9
1152.2
308.8
333.7
1528.1
1440.3
452.0
1034.5
482.2
1433.9
478.7
418.5
551.6
496.3
1370.6
678.2
753.5
1941.3
836.4
1622.3
583.6
995.0
878.7
2102.5
926.0
929.5
728.9
409.6
2150.6
1904.7
2167.6
582.8
428.9
522.1
2565.4
731.6
2503.4
876.0
893.5
705.8
2542.2
2547.1
920.1
1078.9
2837.2
900.8
844.2
702.7
615.3
2594.0
616.7
3015.2
388.0
396.9
302.8
333.3
2540.7
325.9
2500.8
3106.9
3184.7
3096.7
301.3
380.6
370.4
357.8
3036.9
408.3
3256.4
3492.7
3055.9
498.7
498.2
3286.9
406.2
438.2
2903.9
3261.1
615.8
710.4
682.7
742.6
3343.5
945.2
907.2
3343.1
2853.3
937.9
2691.9
985.7
3431.6
939.8
792.9
869.0
675.5
785.3
3603.7
333.9
439.0
3050.2
454.5
3433.8
355.5
300.4
301.1
3743.6
3571.5
356.0
3507.2
310.1
3695.4
456.6
3635.1
609.7
488.8
612.6
3964.9
516.1
3784.0
380.0
521.6
3971.9
4063.5
432.5
684.5
4609.4
539.5
647.9
508.3
4088.8
302.8
302.2
3634.0
4184.7
4449.9
359.7
407.9
3629.0
519.6
4160.0
514.4
508.7
438.7
384.3
335.1
4166.7
325.1
4337.1
392.5
374.7
300.8
4047.8
4584.8
3944.7
300.9
306.7
4577.2
4303.9
301.3
4270.5
5267.7
438.3
4628.0
481.2
438.7
4180.2
4122.1
337.8
4512.6
364.5
3655.6
4788.4
3668.6
409.1
378.5
326.7
301.0
301.9
4613.9
4150.3
382.4
4993.1
410.1
4526.6
480.2
508.2
634.6
4280.5
403.7
310.8
4657.9
4353.0
4846.5
3971.7
3116.0
299.2
4195.4
3603.3
3935.8
409.6
510.6
453.6
639.6
565.5
3610.8
306.3
3528.6
342.6
362.4
3790.1
305.0
4900.0
3364.1
4774.7
562.1
433.8
690.1
668.7
653.9
4146.5
607.5
3663.2
366.0
356.8
4210.5
4039.6
4506.1
302.4
383.0
343.9
3602.1
3204.3
385.2
508.1
4010.4
3023.3
3579.3
551.0
744.6
627.3
760.5
594.9
3270.0
543.7
3600.5
305.5
315.6
3171.7
3369.7
4335.3
3789.0
382.0
3313.4
301.8
301.2
4280.4
3694.6
3357.4
302.6
418.3
4520.5
2992.2
3534.1
3205.9
527.3
704.5
720.1
3870.1
617.2
413.9
835.0
666.1
4175.5
413.5
4006.9
394.1
404.3
3804.3
3412.0
3039.3
301.4
3577.8
301.2
299.1
2840.3
2509.1
300.9
2826.1
3606.9
311.3
2622.1
301.4
301.3
3321.5
2470.7
3697.2
530.3
501.1
565.3
3434.3
428.2
3216.5
538.7
2566.3
328.2
302.3
3165.8
301.1
1883.6
2165.6
300.6
362.1
2971.6
352.8
2792.5
2226.5
304.3
387.1
2535.6
2334.7
414.5
466.4
417.3
3033.2
2386.7
2750.4
300.4
1948.3
2317.0
302.2
1954.6
1632.3
300.7
2251.3
301.4
1965.7
1391.8
301.8
418.6
2097.8
535.0
364.2
423.7
1530.8
301.0
1750.6
1192.8
302.2
1106.7
1621.1
408.6
1626.8
505.8
1109.7
598.9
574.1
1804.4
656.7
765.8
589.6
772.8
596.3
1370.7
539.7
551.0
1559.1
1826.0
343.5
303.1
1853.2
427.2
364.0
426.1
1772.1
2066.0
1804.3
300.5
2044.8
303.9
1805.9
302.0
2078.5
304.1
1494.5
346.8
503.3
1548.6
462.6
1920.1
309.2
1967.8
302.0
1436.8
306.3
1365.9
307.3
1798.9
305.1
1203.3
1655.5
301.1
1660.6
305.3
1132.9
433.7
1507.1
864.6
588.6
579.7
647.6
409.8
478.5
1632.2
983.6
1035.8
300.3
1507.6
303.0
1577.3
964.8
301.9
1291.9
305.4
385.7
1063.0
375.9
388.2
400.2
1066.2
446.6
906.7
397.3
1038.3
390.3
1182.2
525.3
506.5
397.4
1335.8
1197.5
314.5
1012.9
1136.0
341.4
479.0
492.4
411.1
411.5
1640.9
1222.8
325.8
382.6
1319.7
1608.5
1432.4
584.0
593.9
661.6
1485.8
1559.7
731.9
705.1
899.8
1010.5
781.3
974.5
1817.0
763.8
1866.3
950.2
2121.0
2134.2
1003.5
993.8
870.0
912.2
491.4
2198.1
2297.7
891.8
812.1
624.1
420.1
2409.5
658.3
356.6
2483.1
302.6
2697.5
2578.3
2585.6
2328.1
2618.4
2029.9
303.2
2023.5
301.5
2294.3
1739.9
319.8
2200.6
301.2
1602.3
415.0
493.1
417.7
1524.3
466.3
320.2
363.2
1529.8
1264.3
424.7
414.9
1497.7
342.1
527.0
425.2
1872.2
336.0
1549.4
1892.6
456.7
1799.9
758.7
755.9
758.0
761.9
725.6
2108.0
422.8
1960.2
2188.9
302.0
299.4
1964.4
2279.6
303.2
303.2
1873.5
2113.0
2058.4
2259.0
300.9
1652.7
2103.2
1146.2
301.4
302.9
1347.2
1948.1
301.6
565.9
580.9
1148.0
1230.5
891.1
904.1
782.6
804.4
1679.2
1517.1
971.3
1614.7
745.1
861.4
1046.3
1110.7
850.7
1807.2
467.8
421.8
1856.5
1869.5
384.5
1790.8
506.6
2137.7
412.8
570.9
2125.7
413.0
2035.7
299.8
1819.1
303.5
362.8
1452.2
341.6
360.1
1509.9
1715.7
300.4
2025.4
1609.1
324.3
1674.1
318.8
441.5
1380.4
431.6
1893.4
302.2
328.8
1422.9
1689.9
320.5
322.0
407.6
1581.4
383.0
1572.9
301.9
1661.1
1419.9
301.7
1294.7
301.3
1621.7
301.0
1250.3
1309.9
1176.8
1075.1
764.2
1191.9
1236.1
1263.3
1517.2
1487.1
1577.7
1577.9
1448.5
1860.0
1588.8
1305.1
1944.8
1945.1
953.2
1273.6
1036.6
2174.0
2229.2
2141.7
968.0
1189.6
2312.8
1415.4
1023.8
1146.3
926.3
930.6
1767.6
772.1
2633.7
941.7
2931.4
2730.9
894.6
1190.3
2804.6
2583.2
1164.1
925.8
1201.3
1205.8
933.9
1040.7
2913.4
729.8
832.0
747.8
570.6
2744.5
540.5
307.5
2776.4
399.5
369.1
2533.0
2945.4
3303.9
301.9
300.1
2878.0
327.5
331.0
374.9
2870.9
3296.0
3246.4
380.9
378.9
372.2
3176.2
302.0
301.6
2452.5
3347.1
361.2
378.2
3258.4
369.9
468.6
409.0
3771.1
2846.8
3099.4
302.8
379.5
353.6
348.0
3048.5
3998.5
2788.6
3451.9
3142.0
2749.0
2992.9
302.9
307.3
2606.2
2438.1
302.2
302.1
2793.2
3208.4
302.4
2125.3
300.8
2708.0
2914.5
311.6
305.9
1588.0
2759.0
2235.8
301.5
303.1
1632.9
1306.1
2175.2
1067.6
384.4
2100.8
480.3
513.0
1821.4
680.9
675.0
1076.3
663.6
1493.9
456.0
573.2
1187.4
1090.1
311.3
314.5
1448.5
1722.6
517.0
507.3
484.6
1243.0
591.9
1587.7
680.3
1005.1
689.6
707.4
690.3
701.6
796.4
725.6
538.7
518.3
2123.2
1886.8
305.3
362.7
2157.9
1417.5
1771.4
1902.8
443.0
326.9
361.1
2479.9
1781.2
1374.2
2105.3
342.9
303.4
2096.5
394.1
556.4
1480.4
555.6
541.1
550.9
2113.5
1398.9
1840.0
1196.4
1594.8
1371.6
1405.9
