390.4
371.8
555.7
1030.2
1173.3
1018.6
1098.7
828.7
1141.7
1046.5
1191.7
1226.9
1260.6
1402.5
1385.3
1370.4
1629.3
1606.9
1447.1
1860.5
1285.0
1667.8
1349.0
1428.1
1765.5
1217.7
1720.3
1398.2
1725.9
1554.9
1900.5
1426.6
1622.9
1647.2
1400.4
1496.0
1513.8
1672.0
2370.3
1587.7
1639.3
2628.9
752.9
1494.4
1093.3
1136.2
890.0
1369.9
1941.8
893.3
1806.9
1353.9
1182.0
1003.7
873.5
869.5
1109.8
1047.3
967.0
798.0
866.3
889.4
836.0
1190.3
896.5
687.1
1095.3
884.5
768.1
564.4
912.9
440.5
330.4
871.0
301.5
301.4
864.0
301.5
304.9
306.0
871.1
866.5
302.3
302.9
873.0
862.3
614.9
564.9
611.6
576.5
394.7
865.4
870.5
496.1
437.3
566.1
888.0
612.0
1048.3
874.5
943.0
780.1
672.4
843.3
592.3
715.7
953.1
980.6
665.5
505.3
529.0
519.5
865.1
920.8
577.0
964.5
742.6
587.9
746.5
958.5
761.7
725.6
997.4
896.4
566.7
908.8
945.5
755.2
596.7
901.0
911.0
744.9
927.1
542.5
922.8
313.2
304.0
872.4
429.2
865.2
578.1
614.2
536.1
901.9
541.5
662.8
1025.3
639.0
540.5
883.4
877.8
660.3
481.6
468.4
927.3
552.9
1026.0
302.6
875.8
450.6
497.3
397.9
910.1
358.4
417.4
870.0
350.9
864.0
303.1
872.5
301.7
335.2
865.0
382.1
510.5
464.3
870.1
861.1
302.8
309.4
370.1
897.1
385.7
540.1
886.5
1165.7
765.9
760.8
919.8
688.1
711.2
869.4
582.4
527.9
1104.2
446.2
872.8
572.4
918.2
555.2
914.0
850.5
906.0
877.3
927.3
714.0
866.4
1126.7
1017.4
1077.3
1110.9
1197.3
1242.5
1171.1
1386.7
1327.0
1170.8
1282.7
1231.8
1360.0
1453.9
1388.0
1717.1
1525.4
1322.9
1556.9
1238.5
1525.7
1994.0
1177.5
1435.6
1330.6
1490.5
1289.4
1570.0
2112.3
1601.6
1596.1
1788.2
1550.3
1268.2
1498.6
2068.1
1691.6
1306.0
1291.5
1026.1
1907.1
1989.8
1206.3
1513.7
2188.5
1397.4
2077.5
1875.4
919.1
930.7
1551.9
1551.9
871.6
1228.6
1636.1
1144.4
1347.6
909.4
887.1
1385.0
1249.7
1041.1
1470.1
925.2
1621.5
1405.8
1157.0
1459.7
988.2
1560.9
1184.9
1243.1
1741.0
1688.6
1293.3
1351.4
1879.9
1875.1
1439.0
1267.6
1243.0
1536.4
1929.9
1976.0
1859.3
2118.2
1087.4
1317.2
1225.6
2222.1
1663.9
1512.4
1582.2
2161.9
2006.5
1736.4
874.1
1729.6
938.4
1439.8
873.1
866.8
1577.9
1005.2
1534.2
1538.9
1606.0
862.7
966.7
1560.4
907.4
1205.7
1388.7
1241.0
1618.5
1535.2
935.5
2130.2
1126.6
1889.1
901.2
1027.1
2282.6
2101.2
1934.2
1004.4
1617.4
970.4
863.7
888.2
1922.0
2290.5
2476.3
2106.1
957.9
2207.5
866.8
1866.6
2323.9
1197.5
990.1
884.3
1970.3
1778.3
912.3
932.1
2147.9
2316.0
1220.5
1899.6
2325.7
1708.2
1518.3
2166.3
871.6
862.0
1948.5
1793.6
1558.5
1846.7
1391.6
1126.5
1464.0
887.6
863.4
934.2
1070.6
909.6
865.9
832.2
1229.5
962.5
1197.9
918.5
919.6
764.9
945.1
740.0
861.1
935.7
841.6
608.4
920.0
900.2
872.0
1088.6
998.6
912.7
968.5
1056.9
926.6
689.4
582.8
311.4
998.2
304.4
307.5
385.4
872.7
415.0
391.2
306.8
357.8
891.0
968.3
878.7
336.3
341.5
369.9
413.3
1051.7
1241.9
964.3
762.6
739.0
689.9
818.6
848.4
771.8
1152.9
1127.1
1232.4
500.0
637.9
715.6
1143.9
389.8
1043.9
391.3
907.5
518.1
588.0
684.4
1050.9
1005.5
989.1
868.5
860.9
905.7
793.1
876.9
857.5
720.4
1086.7
1051.6
498.3
381.9
400.0
1012.7
307.9
880.7
304.4
861.0
302.9
896.0
507.5
540.6
1010.3
842.4
645.8
873.3
926.3
970.3
984.3
983.4
1042.6
965.4
951.9
1138.0
1076.4
688.3
1011.0
978.0
874.3
670.8
819.3
879.6
498.0
410.4
863.3
302.4
307.5
420.5
876.3
413.7
302.2
919.1
313.9
870.7
557.0
866.2
729.6
683.8
561.2
891.4
680.4
922.6
900.4
570.5
390.2
653.8
929.8
881.3
416.9
861.5
544.7
538.4
408.8
403.1
883.5
492.8
874.8
592.2
527.1
544.0
521.6
900.3
868.1
309.3
872.6
308.4
303.7
868.4
305.7
383.0
873.9
510.7
517.5
917.3
510.4
581.4
528.8
920.8
875.2
303.0
304.0
923.2
863.2
466.5
610.8
705.6
898.1
1026.4
886.5
998.4
930.2
948.5
1035.3
827.2
864.0
1087.4
725.5
1078.2
1062.9
949.9
1096.7
949.4
1022.0
1130.9
528.0
837.5
674.7
874.6
640.4
713.7
908.2
362.1
883.0
342.5
866.2
315.5
346.5
385.5
543.7
872.8
536.2
864.7
371.9
538.8
905.9
495.4
872.2
381.3
348.5
378.0
339.5
870.8
860.9
311.8
309.3
870.9
923.0
603.2
689.3
691.6
872.6
776.6
472.3
896.6
621.5
995.6
478.8
1006.1
307.4
316.8
870.7
305.2
871.8
503.9
475.7
544.4
461.6
868.9
1019.9
576.0
668.8
669.4
909.6
1094.0
760.3
430.2
1058.3
458.3
683.1
695.2
873.9
911.7
326.1
351.8
861.8
514.2
657.6
874.1
637.8
878.8
423.2
623.6
593.0
875.3
861.5
544.8
568.2
879.6
778.0
768.5
870.2
1022.8
1203.4
1162.8
1177.6
1211.9
1347.9
1312.6
1220.9
1381.9
1243.4
1487.7
1108.3
1409.0
1081.1
1343.9
1571.6
1299.4
1243.4
1591.4
1553.9
1382.4
978.8
1582.7
1417.6
1002.0
1624.1
1232.9
1216.9
1374.4
1012.9
1190.4
827.9
938.0
749.0
1387.3
1246.9
735.6
306.6
882.8
311.0
312.8
949.4
362.8
575.3
544.3
876.3
696.3
921.9
688.4
871.8
802.5
696.1
920.8
729.1
867.6
915.7
889.2
1129.0
874.8
1001.3
650.6
1000.6
978.8
925.5
1170.7
1026.8
973.4
965.1
1112.5
1068.6
1093.0
1017.1
1113.8
1086.7
1225.9
1151.0
1219.0
816.1
1094.7
814.4
645.9
393.0
874.9
475.7
970.9
347.0
871.1
336.0
381.4
870.1
464.9
984.2
906.8
721.5
929.8
993.5
953.2
923.6
1115.1
1189.6
1204.0
1197.0
1183.0
1016.1
1232.9
1268.7
1180.0
1210.7
1231.6
1498.3
1150.1
1149.0
1347.9
1305.7
1159.5
868.8
1090.0
998.7
821.6
868.9
825.7
903.6
873.1
981.7
901.7
934.1
770.8
676.1
871.4
955.2
790.1
735.2
698.0
625.3
568.6
422.8
875.3
870.9
444.0
881.4
367.2
445.4
529.4
874.8
450.3
348.4
893.9
888.5
452.5
330.4
343.7
455.8
882.6
418.6
317.4
906.0
883.2
357.0
349.4
883.4
312.8
318.8
363.2
887.6
922.5
505.2
385.1
461.7
373.4
922.0
893.4
895.2
378.5
327.5
885.2
464.3
351.9
367.6
311.1
307.6
902.1
936.1
318.2
499.5
881.6
887.1
615.5
491.1
476.2
508.3
932.1
866.1
331.8
323.1
894.0
308.2
316.3
928.0
328.0
455.8
426.3
903.4
885.7
546.1
547.1
1011.3
1093.5
944.2
984.6
1011.1
910.2
1074.3
1131.6
1053.2
906.3
967.1
930.4
1041.8
539.2
938.7
875.5
883.9
721.3
900.0
470.9
883.9
593.4
910.0
592.5
524.2
875.5
605.2
579.0
868.8
674.5
873.6
591.5
878.0
809.2
858.3
599.9
654.3
873.0
864.6
613.5
697.6
410.0
884.1
538.7
542.1
929.4
628.3
875.7
573.7
794.7
902.3
450.7
618.4
873.8
519.5
1001.9
496.8
481.5
447.9
874.7
864.5
306.1
310.7
881.9
304.9
312.5
863.5
444.8
479.8
372.9
872.4
879.4
308.2
310.8
904.8
302.5
865.4
304.0
885.7
382.9
908.3
614.5
598.8
885.3
862.9
859.5
774.6
742.9
839.0
633.2
871.5
644.5
870.2
306.0
303.3
873.7
467.3
527.0
1090.4
776.7
581.9
925.7
1116.5
931.0
1001.5
968.0
812.6
975.2
1042.3
1409.0
1198.7
1139.6
1094.9
1157.4
1092.0
1264.7
1133.5
1146.6
937.4
1012.3
1035.3
703.1
736.5
694.0
861.2
583.4
623.8
894.9
320.0
708.7
877.2
476.2
573.0
872.7
928.9
700.3
590.7
670.1
687.9
868.0
1005.4
1072.1
