334.6
351.4
688.5
613.0
753.0
1032.4
1259.0
1298.7
951.2
1310.1
902.7
1320.4
1097.2
1098.1
664.8
1205.7
825.6
718.0
1915.7
1120.8
1852.3
1939.9
1987.6
1199.6
850.4
951.6
1783.9
929.9
2076.8
1265.5
1040.2
1898.2
1199.3
844.0
2301.5
2320.8
1257.6
2496.4
1833.2
2401.5
1117.0
577.1
2475.6
425.4
891.8
1119.2
2166.8
2250.1
2206.2
409.2
315.2
350.8
1827.4
334.8
1878.1
1306.0
1787.3
415.5
406.5
429.8
302.1
1419.2
383.0
1564.2
368.4
1054.3
1515.2
303.7
1127.7
302.9
1582.2
1010.6
319.3
1310.1
307.1
934.4
313.9
868.9
307.0
303.6
860.8
898.4
302.1
304.6
871.4
426.1
866.4
486.9
576.3
500.9
874.6
871.9
304.2
400.0
460.8
921.3
866.7
504.9
755.2
606.3
594.9
500.4
1003.0
1195.1
484.8
1164.9
1065.8
304.0
305.4
1281.0
426.4
431.6
997.9
329.9
938.5
575.1
599.8
1046.2
568.7
627.1
995.9
518.0
590.0
1049.4
1358.6
459.0
1331.0
658.3
538.1
574.1
449.6
1174.1
1062.2
1203.3
1077.4
302.0
306.3
313.3
963.0
990.0
302.4
442.1
887.5
458.2
864.7
462.9
491.9
937.8
413.4
549.7
539.5
1001.1
368.9
976.9
325.6
944.5
883.9
930.5
374.3
377.4
305.4
939.1
305.8
904.5
302.3
304.1
894.2
861.2
303.7
870.9
305.4
363.9
866.5
379.4
380.4
896.3
870.0
872.2
302.7
304.2
338.4
329.8
912.8
301.3
547.1
537.2
921.2
588.4
1099.4
586.7
870.2
327.9
977.8
370.0
332.3
1169.7
404.3
919.5
352.7
413.8
1066.0
614.8
364.1
1070.8
1013.0
546.1
1042.2
647.6
592.2
756.6
712.2
1274.7
825.9
1064.7
1697.5
974.7
943.0
948.7
1126.0
1812.3
862.2
1824.9
1776.8
713.7
975.9
1801.4
718.7
2166.6
1027.4
2232.3
2042.8
2066.9
1036.0
1002.4
1087.6
995.4
1194.2
1368.0
939.8
2032.1
1224.7
2225.7
1004.6
2169.7
861.1
884.6
1453.4
524.6
665.2
2333.6
412.4
2400.9
2020.9
449.2
368.2
2401.7
1878.8
2633.2
2170.1
305.8
499.5
417.6
1837.9
2281.6
376.8
314.3
397.4
500.6
499.5
501.7
2085.0
2368.9
653.3
639.9
2170.6
1983.6
1961.6
890.1
894.3
899.1
2305.9
2190.7
2083.0
1157.5
1072.2
1207.1
1033.3
1088.3
753.7
656.5
933.8
949.9
2641.6
373.1
2541.4
343.4
2212.9
2335.4
353.4
321.8
2822.3
2728.0
302.0
432.4
427.3
2631.7
2657.2
354.7
2281.6
2741.2
2521.1
416.7
2479.6
660.9
572.9
718.7
660.4
508.5
2211.5
418.6
2546.1
571.7
2145.7
698.2
737.2
625.0
744.6
547.5
3018.8
311.4
306.4
2365.6
421.3
467.0
2941.3
508.0
2922.2
2757.9
2707.1
435.7
677.8
570.6
2869.5
503.5
456.9
2653.6
2641.8
571.0
423.4
2703.6
599.4
571.4
2866.4
2929.5
2996.4
417.4
357.4
480.0
2643.7
2343.3
2569.1
2809.5
3001.4
2290.4
338.9
515.5
2241.5
465.5
616.2
2462.1
566.3
2052.3
446.3
2453.2
438.7
440.4
306.9
303.4
1948.1
2355.9
304.5
1630.5
368.3
410.2
1709.7
366.2
2202.9
2000.7
462.9
614.5
1794.5
403.8
1804.5
476.8
413.8
1483.5
1995.5
1584.0
1552.6
1415.5
302.2
1529.9
338.3
424.5
975.0
403.4
1201.6
428.9
313.9
867.5
1030.0
354.4
383.3
378.0
1166.3
389.6
942.7
489.9
978.9
1140.7
606.0
820.3
865.3
845.9
757.2
540.0
511.8
459.7
1151.4
1401.1
1506.3
1251.5
1489.6
1238.8
490.4
618.6
587.2
1063.7
1410.4
808.4
1062.6
929.6
802.2
938.1
767.4
599.8
750.6
979.5
1191.2
1503.8
1130.1
1375.7
409.3
307.1
1244.4
340.9
1041.8
1022.8
307.3
303.9
887.5
867.7
381.8
532.9
871.1
499.4
788.3
865.9
823.7
1018.3
1221.9
1056.2
725.3
798.0
767.0
475.0
571.5
1188.4
454.0
1427.5
1166.7
1074.4
307.2
302.4
1054.0
1148.7
303.5
890.6
308.3
358.4
861.8
376.9
342.2
404.4
942.8
890.7
428.4
512.9
588.1
507.1
601.3
332.8
1043.0
1014.1
1192.9
304.3
899.9
303.3
1131.9
1039.1
303.5
374.3
883.6
364.7
929.5
871.2
446.8
489.9
898.7
482.6
532.7
425.0
335.4
915.3
874.7
910.6
331.7
302.8
868.4
300.7
303.3
428.5
521.5
989.7
1054.4
515.1
444.2
498.1
917.9
916.7
303.1
994.2
304.3
983.8
885.6
491.4
605.7
637.5
869.2
652.9
745.3
873.2
608.5
1208.6
1067.0
896.0
877.5
843.6
729.5
814.9
726.4
1214.5
1520.9
542.3
1346.2
435.0
1181.1
475.9
1356.9
568.4
453.2
302.5
1253.8
1003.3
1254.8
1136.6
302.2
442.0
569.6
500.9
1175.0
530.8
974.7
648.0
343.9
874.1
909.3
307.6
305.9
1016.8
963.9
303.3
304.4
904.4
872.3
303.3
305.5
925.3
464.8
925.3
592.0
587.0
687.7
871.2
318.7
490.1
638.4
939.5
970.4
948.9
305.4
303.9
911.6
871.2
465.6
403.3
459.6
888.7
462.9
862.5
582.1
441.9
877.4
419.3
547.5
1009.2
519.8
1026.0
518.9
519.7
457.6
1171.9
893.6
314.8
395.2
1138.5
1048.5
310.0
488.3
516.5
996.6
372.0
392.8
872.0
303.7
961.4
1236.9
454.3
1191.7
506.0
418.1
790.5
810.6
1268.8
878.4
1291.7
809.6
1007.8
1635.4
1490.0
902.4
868.0
854.9
1711.8
907.3
1020.1
1973.6
1128.5
1309.5
2169.7
553.2
1065.1
684.9
2181.7
1071.9
653.5
2014.8
588.2
805.4
2037.6
410.8
1978.9
2253.7
375.4
1940.0
1562.5
1942.9
303.7
1919.8
1395.4
1472.2
302.1
1160.4
306.4
338.3
481.2
1042.6
893.4
636.0
462.5
534.0
532.2
927.5
953.7
464.5
488.4
1199.9
608.0
348.5
748.6
604.9
1324.1
1321.9
552.4
430.9
1314.2
1614.3
566.1
739.7
772.3
727.4
1572.3
796.3
1220.3
778.0
1614.3
516.5
459.6
347.4
1361.1
1656.4
1520.3
1549.3
304.0
304.9
1610.9
1105.4
302.6
1239.1
916.3
929.1
307.3
356.4
384.9
442.7
871.2
865.4
652.5
712.2
820.7
1011.7
852.0
928.0
1381.9
1492.7
1646.3
930.7
1048.8
1541.6
1095.2
1056.9
1409.3
923.2
1040.6
510.7
495.1
1450.6
1890.3
305.6
1662.8
1538.6
443.9
1338.4
545.5
558.6
417.2
404.7
1277.3
303.6
1194.4
1172.0
1117.2
361.1
377.3
361.3
388.9
1077.7
1191.6
305.6
1105.2
954.9
349.5
339.2
954.5
455.0
473.6
870.1
319.7
882.8
305.4
924.8
306.4
320.9
411.5
901.2
957.2
427.9
304.0
973.8
864.8
303.6
303.8
1038.2
304.0
974.8
503.0
458.9
410.5
985.9
435.3
1075.1
384.5
899.7
953.2
303.6
304.1
1064.7
910.6
357.8
457.0
391.0
871.0
303.4
304.9
867.7
870.2
473.5
355.3
429.0
972.7
362.0
324.2
875.2
975.6
303.8
306.3
957.8
1009.6
314.2
303.8
1006.7
310.9
420.1
943.3
503.5
874.5
687.2
674.1
854.4
1321.0
798.5
835.2
1286.7
764.8
676.5
759.8
1459.1
1447.9
1324.1
469.4
505.4
470.5
1678.4
318.0
1459.3
302.4
1339.2
1277.8
306.1
431.1
1063.3
426.9
1303.4
345.9
438.5
419.1
1172.7
359.2
302.2
1025.1
1416.3
358.4
317.9
331.5
1406.1
1126.8
1200.9
420.3
430.1
362.5
1219.7
1272.5
1163.0
519.9
654.1
593.2
544.2
1234.3
460.8
444.3
1246.2
1223.6
320.4
1109.1
400.6
1115.6
1072.4
302.1
1053.4
1000.8
307.8
306.4
862.4
364.3
373.8
432.2
881.1
304.7
865.7
345.2
889.1
359.3
861.6
301.8
870.3
303.8
913.7
426.3
882.5
548.1
627.9
734.1
602.5
901.2
1107.5
752.9
471.5
593.4
891.3
906.7
347.3
1132.2
346.1
304.5
456.0
924.0
1099.3
743.4
615.0
844.3
745.3
1194.7
1174.9
669.0
954.3
922.4
1498.7
789.2
747.6
1544.3
760.2
641.1
656.5
1552.7
459.9
1654.1
1291.6
354.2
1479.3
328.3
1419.9
306.5
1368.5
301.3
1175.4
303.9
329.8
1186.9
1056.2
1088.7
548.1
490.4
507.3
599.8
549.6
1093.0
949.2
1390.5
1229.0
1129.8
