453.7
413.0
1068.3
1121.7
1237.3
1079.6
1168.3
1288.5
1397.5
1378.0
1608.8
1567.4
1808.7
1585.3
1737.2
1774.3
1757.5
1858.8
2261.7
1969.5
1638.1
1645.1
3068.0
2276.9
2254.0
2562.6
3381.4
2145.1
1977.4
2981.4
2131.2
3124.3
2335.6
3252.3
1552.6
2722.0
1303.3
2166.0
4228.5
3503.7
3435.4
1050.3
2403.6
3445.1
2404.9
960.0
2670.6
911.0
3600.6
2637.9
4152.6
866.3
2715.0
4557.4
4580.6
866.0
2551.2
2986.3
3678.9
3077.8
2690.2
862.9
1974.9
4154.5
2849.1
2858.0
3407.8
2573.3
877.2
3289.6
2014.7
3465.2
3360.2
864.8
3202.4
2092.3
1322.4
2582.4
2111.4
865.7
3291.1
3430.9
959.8
2716.1
3095.0
927.9
2207.9
1593.0
3606.0
990.1
2651.7
2611.2
953.3
1913.4
3005.1
3484.4
876.7
3083.7
1886.3
2955.6
948.7
2897.0
2970.7
890.3
2831.2
2823.8
3588.3
3443.0
1000.8
3051.9
3434.2
2793.3
4841.1
915.2
2671.5
2910.4
969.9
2567.3
2815.8
3309.6
3777.5
3737.8
1005.9
3647.3
897.3
3889.6
2912.7
3690.9
3084.1
3558.7
1292.4
1018.0
3271.0
4556.6
4002.6
3498.5
3662.8
3932.7
1014.8
4822.0
880.5
2614.8
4000.1
3466.8
3619.0
862.9
4059.0
3022.1
3983.4
876.2
2133.8
3497.2
5026.8
4160.3
3411.9
3139.0
865.9
4290.5
4188.6
2462.0
4845.8
4637.1
3852.3
862.2
4349.3
3149.1
3076.7
864.3
2416.7
4342.9
3207.8
4733.6
3646.0
983.2
3085.6
4815.2
990.7
4818.0
3646.0
3829.9
2440.4
893.3
2481.6
2272.0
4181.0
1016.8
3044.0
4686.3
1472.4
3362.7
4319.5
3613.0
1570.9
3093.2
3533.7
3450.7
4264.0
2032.1
3727.8
1857.7
5291.8
3501.3
2040.1
3861.1
3541.4
5005.1
2266.9
5740.5
4545.3
1963.8
4455.7
2324.1
4001.2
4969.9
2223.0
4475.1
2113.3
1774.3
5781.7
5024.9
6231.4
3399.0
4594.8
1615.2
4636.0
4958.9
1340.7
5939.7
6835.1
6449.6
6025.0
1080.1
5999.4
6373.1
4813.7
1152.9
6089.3
1365.3
6749.2
5448.9
4428.6
5102.9
5969.4
7102.7
1751.7
6311.8
5182.2
2177.9
6078.6
6982.5
7425.0
2213.0
5614.7
6117.6
1970.5
7273.6
8410.0
6038.1
2445.0
1937.8
7310.3
1922.5
8039.1
1677.6
8290.9
1378.6
8180.4
5943.3
8284.8
6818.5
1365.7
7463.4
1592.1
6822.0
1795.7
7161.2
6862.6
10157.1
8899.9
8906.5
6547.1
8888.5
1525.6
1852.8
5843.3
8327.2
8074.1
6757.9
1793.7
7648.5
1250.6
7498.8
7180.4
8507.5
6668.2
6668.4
8350.9
1656.5
7725.1
7412.0
7824.4
8684.8
10320.6
1528.0
9105.9
1399.7
1306.2
7569.3
9025.5
977.4
8063.9
8248.1
9091.8
9530.3
10844.6
876.1
10335.7
909.9
8885.0
6777.0
7177.4
8418.6
8553.6
908.3
7100.9
8086.8
8559.0
7387.5
862.7
10044.8
9572.7
928.9
9023.1
926.9
8388.5
8921.9
10097.5
8317.8
979.7
10085.9
8296.3
10804.7
7577.3
862.8
8586.3
9949.9
9005.8
9298.6
867.7
9883.1
10009.2
10932.2
8110.6
864.1
10679.0
10063.0
8953.2
8493.3
898.8
7826.9
9485.9
10452.8
1144.4
10566.5
1427.6
1201.0
10123.2
9287.9
9901.1
9341.2
10513.3
1028.9
10135.3
7932.8
901.3
9427.3
8755.3
10655.8
10356.2
1006.7
10586.9
10622.7
1141.2
9859.2
8958.3
1087.5
9243.3
8649.2
895.5
9679.3
9383.4
10824.1
9651.7
879.8
9227.7
10443.9
867.8
9187.3
10933.8
10230.5
10742.6
1082.0
9605.5
9838.9
10658.5
10014.4
990.7
10322.2
10094.4
10124.0
980.1
891.8
9774.2
9207.0
10686.7
9649.9
861.6
9332.3
10044.8
8543.7
10787.0
866.3
9553.3
9625.0
941.1
10788.6
10276.0
1058.2
9976.9
9076.2
10778.9
9319.0
10165.0
989.7
10525.2
10394.0
10377.9
8616.3
866.5
8612.0
8894.6
867.4
9858.4
8319.8
9763.5
9858.0
10700.9
874.7
10452.7
10291.0
865.9
9203.7
10793.0
10136.8
10056.3
8578.5
863.3
9768.5
10084.6
894.7
10862.9
866.6
9337.4
8597.1
8962.2
9739.0
8179.8
9513.8
868.0
8038.2
10524.3
10403.6
10137.7
1056.0
9538.3
895.3
10621.6
9776.4
7922.8
10508.9
1326.9
1240.4
1314.0
9539.5
1041.9
9814.2
979.4
10858.4
9298.2
9663.6
8761.6
9265.3
8516.9
9732.9
9316.6
8056.6
9843.0
9884.5
877.4
9082.3
9640.1
10612.5
877.1
8136.5
864.2
10804.9
8818.2
865.1
8800.4
9829.3
1061.7
9244.0
8442.5
8340.2
1150.2
1110.2
10533.4
8786.9
10925.4
1172.8
10437.3
10042.5
9762.0
8588.7
9777.5
875.6
9452.9
8963.9
914.6
10198.9
10173.0
10640.2
1144.6
948.9
8725.2
9412.4
8733.1
9821.9
1119.0
10488.1
8217.3
7796.8
1081.9
10593.9
980.9
9869.9
9062.6
8950.4
9205.1
8933.6
9943.6
1179.1
10913.0
907.2
10715.9
1318.7
9081.1
9084.1
8942.0
10191.6
1503.8
1783.7
10214.9
9168.5
10498.7
1604.6
1492.8
9265.6
8908.3
9797.1
1085.2
8689.3
9766.1
10861.6
10628.4
1105.5
1157.0
1052.7
8797.2
10384.7
10241.1
10862.2
8581.6
1021.0
876.4
9509.4
1039.9
9216.6
7986.6
9890.0
10964.0
1176.5
1109.3
1098.9
10149.6
1109.8
10665.1
1350.0
1121.9
10154.6
8429.2
9128.8
902.3
10597.2
10961.1
10814.0
864.2
9326.3
9221.1
9823.7
975.9
1200.3
10413.9
1674.7
1627.2
1414.5
1291.5
900.6
927.9
939.8
862.4
1494.6
1656.8
1765.2
1785.8
1596.4
1423.7
1449.4
1249.5
1081.1
899.1
868.7
924.1
891.3
872.3
879.5
1192.9
1142.5
1640.5
1472.2
1315.0
1151.8
1149.4
886.7
1102.2
957.4
1005.4
997.8
1007.9
920.2
896.4
864.1
867.5
869.2
875.9
977.5
911.3
1003.7
874.6
1189.7
1130.4
1333.6
1216.4
1142.0
933.0
868.8
902.6
1056.9
1005.8
9102.9
9356.0
9814.1
9488.7
10801.4
10816.7
7408.1
7956.6
8981.0
10327.9
10658.6
8031.0
10902.3
9925.2
10353.1
9761.5
8140.7
9222.6
8228.2
8745.8
9357.4
9751.5
8288.6
9578.1
9237.7
8462.3
8779.8
