446.6
522.8
460.0
545.5
872.8
436.4
518.6
495.1
876.6
448.1
922.1
840.0
866.0
877.9
1092.1
1065.9
943.9
902.4
894.9
436.4
433.8
435.6
436.1
863.1
484.4
714.3
620.0
867.0
746.4
434.8
435.1
437.9
863.6
433.9
864.9
565.5
583.1
729.4
753.6
864.3
723.0
655.8
435.6
864.5
442.5
437.2
435.9
863.5
435.8
436.1
435.2
862.8
436.2
434.5
439.5
862.1
436.5
447.7
438.1
862.6
456.5
579.1
726.2
861.8
719.6
570.6
515.1
862.4
435.9
511.3
433.9
864.3
435.8
435.2
863.3
445.8
438.2
442.3
439.2
862.0
436.4
434.2
863.2
439.6
443.5
435.2
470.4
881.7
660.4
628.3
583.0
868.3
435.0
448.6
435.1
861.9
441.6
605.3
618.3
567.9
864.8
435.2
435.4
862.8
582.5
586.0
758.8
863.8
464.0
441.1
443.4
865.7
442.4
435.2
862.7
704.3
639.0
648.3
567.7
864.2
513.7
435.5
505.3
878.4
438.5
439.9
864.2
569.7
658.4
531.4
435.1
877.0
476.1
482.9
862.8
441.0
439.2
434.1
440.5
598.0
861.9
586.0
433.9
437.8
434.2
862.4
435.2
454.2
863.2
452.9
463.6
488.2
503.2
863.4
442.7
442.4
866.4
445.3
864.1
460.7
617.0
597.7
434.2
862.1
434.3
436.1
435.6
438.7
870.0
435.2
864.6
435.0
439.9
450.1
462.8
437.3
862.9
453.5
436.4
885.2
435.2
442.1
435.6
863.0
440.9
435.8
451.6
537.3
532.1
871.0
919.9
493.9
465.8
435.4
436.0
438.5
875.1
435.4
435.3
863.5
623.5
595.4
633.7
590.4
865.8
472.3
455.6
541.8
489.7
863.4
866.8
656.5
724.2
709.8
606.8
522.6
879.5
436.2
883.0
682.8
844.7
946.6
866.6
796.6
779.0
540.1
937.2
440.4
435.7
434.4
499.4
440.1
865.0
485.6
878.0
620.5
674.6
567.9
727.9
873.0
504.0
452.2
870.0
665.6
506.8
515.6
879.0
435.2
435.9
437.1
436.2
861.7
436.1
445.2
864.7
435.4
440.4
458.1
864.2
443.7
492.1
508.4
434.6
874.0
436.5
436.3
493.8
547.9
862.0
487.0
866.1
438.6
438.2
444.9
508.8
501.6
862.2
435.9
505.5
460.7
869.6
500.0
877.7
914.3
868.3
875.2
1098.5
1101.3
976.0
522.5
876.1
460.1
464.6
480.5
435.4
862.9
435.9
471.6
725.6
623.9
863.9
623.6
535.4
882.2
434.8
434.3
436.0
437.2
869.0
436.4
879.8
439.0
582.2
582.8
863.6
447.5
448.9
448.6
477.8
567.9
564.4
871.4
560.0
872.7
547.2
588.7
438.9
862.3
437.1
582.2
581.6
862.7
438.9
438.7
461.0
505.0
506.1
868.2
433.8
902.4
434.0
435.4
863.7
589.3
891.5
908.3
677.1
862.0
619.8
457.8
492.0
436.3
863.7
485.3
436.7
862.9
438.2
434.5
463.3
728.7
575.7
928.8
435.3
871.9
437.1
485.6
450.9
485.3
863.9
434.3
457.6
872.1
514.2
476.1
508.4
437.1
878.1
486.5
434.1
874.7
435.2
438.3
434.5
862.5
436.3
437.5
434.8
862.9
447.9
443.1
503.2
863.8
552.7
713.7
885.7
848.0
491.3
778.3
435.6
864.3
435.0
435.4
435.5
862.4
447.7
545.4
538.7
862.2
519.7
509.7
876.7
434.6
498.5
447.6
438.4
875.2
435.2
435.6
434.7
863.0
437.2
580.9
876.7
726.3
889.7
909.7
865.7
814.6
567.0
660.9
862.2
469.7
445.3
473.8
433.9
862.1
434.1
437.4
438.1
863.8
437.8
433.8
865.7
516.0
532.5
746.9
699.4
863.3
634.1
773.1
434.0
886.7
436.7
434.5
437.0
861.4
434.8
434.0
864.6
435.6
434.6
447.3
435.4
863.7
441.4
516.0
445.3
653.1
602.5
869.7
447.1
879.7
435.4
437.1
455.1
439.1
863.6
434.1
871.7
434.0
437.3
435.2
435.5
863.4
447.6
436.2
863.2
452.4
435.4
434.2
439.2
861.9
484.4
468.6
436.9
878.2
471.2
546.7
576.1
820.2
719.5
867.4
434.9
439.8
863.1
436.5
435.0
862.6
434.1
445.0
861.2
554.8
520.5
617.9
437.0
449.9
862.9
436.4
836.4
864.7
878.6
913.1
1112.8
1143.5
1152.6
586.2
862.8
435.3
436.0
435.8
433.9
861.7
508.1
442.1
554.0
484.0
864.6
434.3
443.7
584.9
864.9
578.6
452.5
862.3
437.2
435.1
862.8
801.5
847.4
880.8
877.1
843.0
882.7
556.4
864.0
438.9
536.1
525.4
487.4
866.9
434.9
442.5
540.1
650.4
593.1
864.9
435.9
863.0
444.4
450.6
437.4
527.1
863.3
523.2
863.8
436.1
438.4
435.9
435.8
863.8
437.8
504.7
615.6
712.5
546.1
864.9
864.7
434.8
437.1
444.3
437.2
439.0
863.6
433.9
438.3
862.1
434.2
438.9
864.1
434.0
815.2
864.8
972.6
919.8
826.6
956.1
434.2
435.9
862.2
435.7
861.9
496.9
446.3
454.5
862.0
560.0
586.4
595.5
523.9
862.5
439.2
441.5
863.2
565.7
533.2
673.7
434.7
864.5
674.5
643.8
735.7
861.1
640.9
511.0
867.2
617.7
478.4
591.2
637.3
499.8
565.7
869.6
867.8
540.0
624.7
625.4
864.7
435.2
463.5
610.0
690.9
829.0
973.2
587.1
443.7
866.1
458.9
560.1
522.4
603.2
862.9
463.2
435.2
867.3
436.0
436.3
452.2
439.6
864.4
538.9
602.3
525.0
877.0
476.2
864.2
434.4
438.5
434.1
436.2
863.5
599.5
594.5
434.0
862.3
437.4
435.8
437.3
863.7
434.2
434.7
861.5
438.5
435.3
434.8
862.8
435.1
433.8
446.6
437.1
874.2
446.5
438.7
441.5
439.9
879.8
435.3
861.9
438.2
645.7
590.6
492.2
437.3
863.9
434.4
437.9
862.7
503.1
494.9
865.7
434.4
455.6
634.9
863.7
943.2
867.5
1023.9
1153.1
1048.6
1016.2
876.1
872.5
434.0
435.1
434.7
434.1
863.3
434.4
436.6
435.2
861.4
438.3
445.2
438.3
436.5
862.3
440.7
518.7
570.3
863.9
721.4
912.5
830.0
879.6
654.1
443.1
435.6
863.6
440.7
440.7
865.3
601.7
743.7
874.7
885.1
752.0
564.8
498.5
876.6
434.4
436.0
864.4
435.6
436.0
515.1
557.7
529.8
876.9
484.2
882.3
434.5
447.3
434.5
873.4
434.1
435.4
436.3
439.1
439.0
864.3
433.4
434.0
862.2
439.2
440.1
435.4
496.8
497.9
866.8
873.4
434.3
437.2
460.1
862.3
434.6
436.7
437.1
437.5
467.1
862.1
462.8
863.1
435.6
439.4
437.7
436.5
864.0
434.0
435.3
435.0
437.5
864.5
436.7
438.2
865.3
437.7
435.1
862.6
435.8
436.3
499.7
449.7
506.6
862.2
436.9
433.8
436.0
863.5
434.4
437.9
500.9
868.1
493.3
861.9
527.6
521.0
579.0
434.9
875.2
436.1
434.5
435.1
866.0
436.4
454.7
465.7
468.3
863.3
436.7
865.2
660.4
617.2
901.8
886.0
898.6
631.9
694.1
862.2
540.7
644.8
659.4
862.6
456.3
434.8
436.8
437.0
863.5
434.5
436.2
862.6
434.5
439.0
434.2
434.9
443.4
863.9
434.4
482.6
540.3
864.3
490.7
435.8
450.0
863.5
434.8
435.3
438.1
875.6
434.0
436.5
861.1
435.2
437.9
434.0
862.4
555.0
555.8
570.5
865.6
444.7
437.3
435.4
862.2
434.1
437.9
863.9
638.8
495.3
595.8
876.5
436.6
442.1
449.7
863.1
516.0
527.6
587.4
527.9
575.8
863.8
435.7
872.2
450.6
613.1
603.5
435.7
864.1
434.9
435.5
543.9
483.5
517.2
863.3
436.5
874.8
526.8
512.6
582.6
437.4
874.2
436.1
867.3
434.2
435.6
434.5
862.5
464.7
438.3
459.9
435.2
874.3
491.2
632.1
552.9
438.1
863.9
454.6
509.9
503.1
864.9
563.6
562.1
491.1
862.9
620.9
483.7
865.5
442.8
438.6
863.8
434.3
439.8
439.9
435.4
867.0
434.0
437.2
435.0
862.2
486.8
439.3
487.6
862.3
435.8
448.5
864.5
695.9
834.3
858.8
653.4
878.0
