445.1
532.4
460.7
632.4
879.2
552.7
563.2
645.5
460.8
876.6
471.7
470.0
868.1
840.0
1060.9
1015.2
935.3
875.7
896.6
452.9
455.0
453.3
438.3
1136.2
716.0
777.2
810.9
709.7
877.1
487.0
573.2
756.4
735.6
435.1
862.4
479.1
577.7
870.5
865.7
805.3
731.9
708.2
434.5
863.0
447.4
438.9
495.8
487.7
861.0
436.3
440.7
434.3
435.9
865.4
435.3
437.5
436.0
437.1
434.8
863.1
663.0
738.6
770.6
698.6
874.8
573.2
450.0
439.0
439.4
861.4
434.8
434.5
436.9
862.5
435.2
437.4
437.5
434.6
436.3
860.6
433.5
434.3
436.1
436.0
861.4
438.0
450.1
582.0
682.0
873.3
662.4
566.6
436.4
434.1
868.0
435.0
573.1
603.0
624.0
556.5
863.6
434.2
439.7
443.9
863.4
436.1
437.1
435.7
861.8
437.7
586.3
636.5
477.4
434.1
863.8
667.6
632.5
667.8
523.6
861.6
517.3
646.3
639.1
864.6
457.6
602.7
592.5
441.0
508.1
532.6
866.6
450.5
439.5
861.4
435.5
435.7
454.6
463.7
438.3
590.4
862.3
580.6
434.0
443.3
452.2
868.5
433.7
452.2
433.9
864.1
447.0
516.3
495.5
863.7
470.7
679.4
705.0
484.3
869.3
530.7
492.7
580.8
435.9
867.5
433.8
520.8
537.6
467.2
862.1
436.8
453.3
434.9
439.6
543.3
466.3
863.1
530.3
455.5
435.1
867.0
436.2
433.7
436.2
434.1
873.2
480.1
531.7
846.7
864.0
718.9
829.1
575.5
622.6
518.5
501.1
863.8
463.4
434.6
433.8
862.0
477.9
730.3
523.0
727.4
865.0
665.2
507.2
672.2
516.8
862.5
536.2
439.0
736.6
863.6
768.3
729.3
583.1
480.8
866.1
704.3
892.2
1002.9
875.4
981.4
954.2
560.9
727.7
434.4
864.6
434.2
629.3
596.5
624.8
455.9
864.6
601.0
603.0
703.1
576.0
916.4
692.6
634.9
652.9
511.4
878.1
716.6
827.9
863.7
938.7
778.5
940.9
1000.1
463.8
434.5
862.8
437.3
438.0
436.6
862.0
536.4
442.9
555.9
445.0
862.5
475.5
443.5
554.2
519.1
455.9
863.9
434.9
436.8
438.5
455.5
535.5
528.6
863.6
437.8
478.6
438.6
874.0
546.9
499.0
684.1
863.0
829.4
929.3
945.5
876.1
478.5
526.6
492.3
475.6
434.0
435.7
862.6
433.8
538.1
695.7
688.2
863.5
633.0
536.5
873.2
436.0
557.7
490.2
499.9
861.7
435.3
440.5
435.4
543.9
539.3
873.8
452.7
440.8
449.0
585.4
862.1
611.7
687.9
673.7
559.5
868.5
654.4
581.0
441.3
503.4
617.9
676.4
863.1
442.6
865.6
566.9
720.2
807.1
566.8
438.7
864.2
434.3
434.3
437.3
576.3
618.2
721.9
865.0
601.3
434.0
876.9
435.6
436.6
448.2
863.3
436.7
447.2
447.0
434.8
440.4
875.2
618.9
593.3
545.1
861.7
437.1
519.1
506.9
583.8
861.9
435.9
434.6
448.8
485.2
454.2
521.5
866.6
474.7
433.7
433.9
872.8
434.9
441.9
437.3
861.4
435.7
435.9
435.3
434.2
437.8
469.8
862.5
462.7
584.3
866.6
883.9
594.4
827.0
650.8
434.5
862.5
436.3
435.1
435.2
864.5
447.9
797.8
831.1
864.7
637.4
500.7
863.9
434.7
444.0
435.3
440.9
863.6
434.2
435.9
448.0
864.0
443.7
715.0
938.8
875.0
810.5
1111.2
957.2
930.9
584.3
872.6
435.1
436.7
440.5
861.8
435.7
438.4
436.0
436.9
439.2
861.6
437.2
521.6
499.1
479.0
478.1
868.0
532.4
646.5
756.1
915.9
561.3
464.7
435.2
434.2
442.7
876.1
434.5
434.6
862.8
433.9
489.0
442.0
436.1
491.7
862.9
496.8
643.5
659.7
666.2
878.3
634.3
588.8
435.1
439.3
863.0
546.5
541.1
433.6
866.4
434.1
445.0
437.9
436.6
862.7
434.4
437.3
434.1
436.8
863.6
470.7
436.9
476.7
505.4
863.7
438.3
447.9
469.5
603.9
751.6
646.6
863.3
702.4
447.2
438.3
873.4
439.4
440.5
439.7
438.7
862.2
459.6
434.4
437.2
862.9
524.0
542.1
512.0
514.0
451.1
525.3
873.7
488.8
483.7
441.3
864.6
433.9
435.3
434.8
434.2
862.5
435.5
437.0
495.1
473.9
553.0
515.3
862.0
435.2
600.8
507.5
863.7
649.6
435.0
433.6
863.7
434.0
512.3
873.8
950.3
966.7
963.7
818.0
900.3
493.7
866.5
503.3
602.2
498.7
444.1
863.5
451.5
452.3
615.1
650.1
600.4
864.7
437.1
435.1
453.3
438.6
864.6
518.1
497.9
435.2
866.4
450.6
436.4
434.8
436.9
861.7
439.3
605.3
626.0
630.5
603.4
863.8
433.9
435.1
863.1
607.2
521.9
595.3
536.9
434.1
439.3
862.6
447.5
436.4
866.3
434.3
762.8
909.1
862.0
902.5
954.0
869.9
436.7
439.0
861.9
436.6
433.7
434.5
434.0
861.7
435.7
533.0
489.1
637.3
468.4
862.6
436.2
435.3
435.7
459.4
528.2
536.4
872.0
436.4
504.3
862.7
760.5
823.7
720.5
524.7
876.8
473.7
493.6
534.5
622.6
865.3
626.8
702.4
702.9
433.9
438.3
861.7
433.9
442.6
979.1
749.1
931.0
873.6
802.9
540.7
880.9
635.9
461.6
606.6
678.2
862.7
784.6
762.5
525.9
862.0
435.4
434.6
439.1
435.1
864.4
708.4
718.8
926.0
819.3
551.2
882.5
435.7
436.2
434.0
863.0
582.3
577.2
578.2
434.9
442.1
861.9
436.3
435.1
436.0
862.4
434.7
435.8
434.0
435.4
433.9
862.1
433.5
435.1
451.7
434.8
863.4
458.8
480.8
459.8
435.9
862.2
435.1
435.7
434.8
451.9
862.7
500.1
518.5
509.8
435.9
864.2
633.6
586.4
475.7
862.2
437.5
598.2
737.0
862.4
1042.8
892.3
877.5
1015.8
1290.6
1173.3
1040.4
651.3
434.0
434.0
435.1
866.2
435.0
438.9
434.5
434.7
864.0
434.2
459.9
448.7
451.6
864.0
437.2
460.0
442.0
878.3
796.4
731.1
791.6
796.3
866.3
476.1
442.2
478.6
436.5
434.9
864.1
659.4
739.5
763.7
862.3
904.3
722.3
802.4
673.9
861.7
434.6
435.4
437.2
435.6
468.8
575.1
894.7
684.1
497.8
869.6
434.0
433.5
438.3
438.1
435.1
864.2
436.7
434.4
435.9
435.4
861.8
436.3
435.4
434.8
876.1
662.9
677.3
630.7
626.0
865.2
433.6
438.8
455.0
449.7
434.1
861.9
801.4
843.4
861.8
901.9
1004.6
666.0
466.8
437.9
863.1
434.4
437.6
434.2
437.8
436.5
437.9
864.4
441.5
436.3
862.1
434.3
435.7
433.9
433.4
861.3
537.0
610.6
683.5
596.2
862.7
544.3
639.2
561.1
435.4
453.1
505.6
862.7
481.9
434.6
434.6
436.6
874.7
436.3
436.3
863.0
503.5
675.6
615.5
515.1
544.0
492.4
863.5
524.1
446.5
863.5
670.7
581.2
877.9
964.3
963.5
825.9
622.3
852.3
451.2
528.3
507.0
862.4
434.5
436.1
436.1
436.6
860.8
434.0
438.1
863.6
442.0
444.6
441.0
448.3
451.0
874.7
462.9
444.7
468.1
450.8
872.7
535.9
438.0
543.1
861.6
478.0
527.0
574.0
471.7
439.8
880.1
524.0
475.0
510.1
863.3
690.7
738.7
749.8
760.8
512.3
862.0
440.2
471.3
436.4
433.5
862.8
663.3
549.9
545.6
865.1
438.2
489.2
560.6
599.0
862.9
692.3
727.4
775.0
653.5
863.0
434.9
435.5
436.0
451.3
863.2
436.7
437.3
434.3
437.7
624.6
563.0
531.8
862.0
467.4
874.8
625.0
671.3
682.0
714.8
434.0
437.6
862.3
434.6
433.8
435.6
863.0
454.2
469.9
453.8
437.7
878.2
516.8
632.2
524.2
508.2
862.1
554.8
477.6
573.4
478.2
862.5
473.3
658.5
771.8
519.7
634.5
863.9
437.6
436.1
862.1
434.4
437.1
492.1
479.1
865.3
639.1
539.0
605.8
519.7
623.8
446.6
863.7
625.8
435.0
1060.7
927.9
804.7
916.4
848.8
868.7
722.3
