445.1
518.2
447.6
587.7
875.8
535.0
666.3
629.7
454.1
874.6
475.7
863.6
1021.4
1000.7
975.0
1016.4
877.0
956.6
913.9
434.1
434.5
437.0
435.9
863.1
656.2
676.9
595.2
726.7
865.3
445.2
436.4
449.5
863.5
435.3
439.2
508.1
592.0
871.2
702.3
671.5
590.8
867.3
437.5
437.6
435.0
435.7
435.0
864.6
435.0
435.4
436.6
864.1
436.3
434.2
437.3
876.3
438.0
450.1
436.1
907.6
772.2
898.0
887.7
898.1
862.6
652.1
435.7
451.1
437.1
863.4
436.3
434.1
436.1
436.5
862.3
434.8
439.7
452.6
438.0
862.1
434.5
434.9
864.6
434.9
437.3
434.6
437.2
674.2
761.5
874.8
690.8
632.6
436.8
862.8
435.8
436.7
677.6
863.3
732.8
753.6
651.1
461.7
443.1
863.6
468.8
435.8
433.9
862.8
435.5
434.7
437.0
861.6
448.7
436.7
435.6
550.8
534.0
861.0
556.8
512.9
442.5
532.0
864.4
537.1
446.2
438.8
861.2
439.5
555.9
549.8
863.8
435.9
480.2
472.3
863.8
440.6
436.8
434.7
534.0
474.5
863.8
561.9
434.7
439.3
862.1
449.2
454.2
438.4
434.3
879.5
436.5
467.3
461.9
878.4
454.5
627.9
642.2
862.5
494.8
564.7
471.9
814.1
435.9
861.4
435.8
434.2
435.0
434.9
861.9
436.4
435.4
462.8
872.2
608.2
521.1
541.1
436.3
863.7
435.2
437.3
862.7
441.3
489.6
494.7
437.8
874.3
684.2
744.6
745.9
872.7
878.6
495.1
647.0
433.6
437.4
450.2
863.0
435.0
434.8
863.5
665.3
677.3
658.0
669.8
863.9
675.6
535.3
668.6
520.2
873.0
536.3
475.9
710.5
862.9
869.6
775.0
553.5
504.9
864.3
754.4
796.0
862.6
886.6
1021.9
948.3
650.8
641.9
435.6
864.8
436.1
434.9
436.3
437.1
443.3
862.7
585.5
625.2
534.4
725.9
861.9
438.9
508.1
864.6
672.0
444.0
584.7
877.1
434.9
434.9
434.7
436.9
863.6
564.8
439.4
552.7
436.7
862.7
443.2
434.4
436.7
441.4
863.1
435.8
436.7
877.2
608.6
699.1
554.5
698.2
862.3
433.9
434.2
436.4
452.3
497.4
500.1
863.6
437.0
561.9
862.0
529.1
458.7
620.8
861.7
769.1
877.6
839.4
949.6
876.7
584.1
500.5
487.5
863.0
513.7
580.2
626.3
459.5
502.1
723.5
635.1
887.6
635.2
434.8
877.5
435.6
434.7
436.8
434.2
861.6
444.2
443.7
457.2
608.2
589.1
874.9
452.9
440.9
872.7
572.5
522.0
579.7
637.0
868.3
631.7
555.0
484.1
867.4
435.9
443.5
578.5
591.6
863.3
441.5
472.3
478.7
509.0
515.1
862.4
435.7
867.6
435.3
434.0
436.5
725.1
727.3
657.1
864.6
649.2
433.2
866.3
436.2
434.9
437.0
863.5
437.5
435.7
438.3
434.2
554.8
604.8
507.6
863.2
885.7
434.7
434.2
472.6
439.0
478.2
862.7
446.0
437.2
457.0
476.8
493.9
486.4
863.8
433.7
886.8
457.4
434.1
434.2
435.2
864.4
436.7
433.9
437.0
435.9
863.3
435.0
436.4
539.6
912.2
650.3
740.4
854.7
672.6
894.5
529.5
438.2
437.2
863.4
435.2
439.5
442.6
488.8
516.7
563.2
865.7
453.4
438.5
879.5
434.7
438.3
434.5
437.8
864.8
434.6
435.7
437.0
864.1
532.5
830.3
916.4
863.2
901.2
945.7
891.7
831.4
672.3
876.8
438.0
434.5
435.3
863.1
434.6
436.6
437.3
437.7
445.1
862.3
439.0
444.8
863.7
667.6
605.9
682.0
863.4
704.7
841.5
865.0
635.5
435.7
863.1
441.8
484.3
489.1
864.3
434.7
434.1
435.9
578.3
1000.3
435.3
435.3
444.8
862.5
626.8
721.4
878.3
807.8
533.7
879.8
439.6
437.3
434.7
437.9
863.8
434.2
433.9
435.0
875.4
437.8
471.6
470.8
434.2
863.6
434.1
434.1
866.3
485.3
442.8
478.0
437.5
864.2
438.6
455.2
455.5
503.9
711.9
863.9
840.5
650.4
434.8
437.2
862.2
434.2
438.5
864.4
433.9
435.1
433.9
440.4
450.5
436.4
930.4
434.9
878.3
578.9
645.2
626.0
673.1
512.2
437.5
874.8
441.7
436.6
863.9
435.0
434.2
435.3
575.8
878.6
641.1
639.3
644.7
643.1
863.5
441.5
604.8
580.5
469.0
865.8
443.1
477.1
864.2
435.6
456.7
815.1
870.0
890.4
988.8
891.4
907.6
616.9
862.6
508.1
526.6
545.6
442.9
864.8
440.0
539.6
602.2
694.9
541.3
862.2
433.9
434.8
451.2
439.5
870.7
450.5
434.9
867.4
434.1
440.6
438.0
438.2
438.2
863.4
451.5
659.9
625.7
666.7
863.0
604.6
864.1
434.1
436.9
433.8
436.6
434.3
861.3
523.8
439.6
516.0
438.2
865.8
436.6
434.7
759.3
863.6
777.5
804.3
813.1
931.3
539.4
472.3
510.7
433.9
861.3
434.4
433.8
436.6
866.4
583.0
583.3
665.0
586.8
435.7
861.1
436.9
436.8
524.3
436.3
525.2
862.6
435.5
633.5
863.9
843.1
889.9
674.9
565.0
923.9
631.2
471.6
633.2
631.2
544.0
524.2
863.3
878.3
569.9
597.7
558.5
476.8
863.5
554.9
655.5
746.2
834.9
862.5
515.7
811.1
656.3
644.7
884.9
677.3
673.2
792.9
577.1
882.3
441.1
435.3
439.7
438.0
434.6
862.5
471.6
613.5
867.2
711.7
595.4
597.7
434.4
863.4
433.8
437.7
441.1
436.6
863.2
433.7
435.8
435.6
862.9
438.8
436.9
434.2
1108.2
599.7
434.2
435.8
434.1
434.2
886.0
445.4
452.0
445.8
863.2
450.7
453.3
446.0
434.9
862.7
436.7
436.0
434.0
438.1
862.7
476.4
462.7
869.2
468.6
443.7
506.5
465.7
871.8
434.0
435.3
599.5
634.7
862.3
904.3
868.5
1179.0
1184.4
1053.0
1147.1
1049.8
612.3
862.4
434.8
433.8
438.2
435.6
434.2
865.6
457.8
448.0
902.3
506.9
609.4
606.1
502.1
861.4
580.1
531.7
789.9
830.0
864.7
882.2
888.4
756.5
434.9
437.0
867.6
451.6
447.6
864.0
768.2
878.7
857.0
1046.0
876.6
742.8
811.3
680.3
862.2
434.4
434.6
435.0
451.4
623.0
685.0
870.7
633.0
551.9
868.0
434.2
434.7
434.9
862.0
436.3
435.4
439.4
434.4
435.8
861.1
438.0
454.9
455.8
434.4
862.7
440.3
538.2
574.5
534.5
865.7
433.9
672.0
438.1
866.0
436.7
434.3
435.6
489.9
438.6
863.8
492.1
862.3
434.5
437.1
439.5
437.3
862.6
485.6
438.3
478.1
436.7
874.7
462.5
565.8
586.6
434.2
861.9
434.9
434.3
436.3
587.7
462.9
863.4
570.7
433.9
433.7
438.1
865.7
434.4
497.5
497.2
862.1
497.5
433.9
436.6
436.8
863.1
645.5
435.0
866.9
548.5
533.1
629.4
862.6
649.9
662.1
680.3
566.4
436.1
864.2
437.9
656.7
927.2
804.6
861.7
684.2
640.9
866.9
555.6
617.3
742.5
641.2
434.4
863.1
864.1
960.1
1080.7
1094.1
1109.9
919.1
684.2
862.3
451.8
444.1
521.3
480.8
862.5
690.6
595.2
692.6
589.0
435.8
438.1
862.6
435.0
438.7
437.8
901.9
596.8
435.6
862.3
452.0
486.8
498.9
444.9
499.8
560.8
633.0
864.2
434.2
437.6
868.8
434.2
562.3
434.7
862.1
557.2
493.3
601.5
889.4
436.6
434.8
438.0
866.4
435.3
644.7
684.3
772.8
611.1
873.3
436.0
447.0
434.7
438.2
861.6
434.6
438.0
434.1
865.9
457.9
550.6
568.8
454.7
442.8
863.3
588.7
528.6
546.5
863.5
435.7
436.7
875.4
435.3
433.8
435.9
436.4
553.5
868.3
731.4
740.7
519.9
468.2
484.0
481.8
865.7
880.2
469.2
638.0
627.2
544.9
861.9
687.2
576.2
686.3
662.0
593.6
863.7
435.5
439.8
873.4
437.6
438.3
490.2
483.3
861.9
607.0
512.4
608.9
500.4
602.0
448.3
864.2
608.7
862.3
808.5
868.5
1146.4
1179.8
1195.3
1148.4
1064.1
