447.3
743.6
667.5
848.2
682.3
873.2
780.8
736.4
721.8
683.0
841.2
969.3
936.0
871.6
979.7
1238.8
1268.8
1300.8
1139.6
440.8
434.5
437.8
434.4
436.2
656.1
575.3
863.6
716.4
676.2
519.8
437.8
449.7
862.5
438.1
452.2
554.2
474.3
831.7
744.0
863.4
725.2
626.4
443.7
443.1
462.6
442.2
435.5
863.9
436.4
435.5
436.0
435.7
863.8
542.3
706.5
791.2
666.9
558.9
434.9
862.0
724.3
882.9
860.7
945.9
845.2
875.0
433.6
454.5
468.9
482.5
436.4
434.4
435.5
864.4
434.1
438.0
436.8
436.0
450.1
862.6
437.8
433.7
434.8
435.3
905.1
1084.5
1157.7
1189.2
1319.8
1204.6
1136.6
1057.6
435.3
863.6
446.9
452.7
546.3
688.0
667.9
655.8
862.4
501.0
499.5
509.8
487.3
434.6
865.5
435.6
435.4
498.4
557.1
599.4
457.2
863.9
435.9
615.1
594.9
710.1
480.2
865.8
607.7
730.6
767.3
604.4
434.1
438.0
862.8
706.3
652.0
705.4
770.1
712.2
448.2
863.8
438.2
437.5
492.3
435.4
437.3
588.8
865.2
586.5
452.7
472.0
477.6
894.8
436.0
443.8
466.1
848.9
498.1
642.4
525.7
862.2
616.2
740.8
682.7
549.7
867.3
474.2
623.3
589.0
435.6
435.4
433.8
435.6
441.0
864.0
433.7
434.8
435.1
438.3
467.0
538.1
862.3
467.1
548.9
457.5
436.1
875.0
435.2
437.1
502.7
508.2
459.8
867.5
568.4
994.7
1032.8
864.0
927.4
694.8
861.3
466.6
449.9
522.3
472.0
434.3
440.0
863.6
697.6
772.3
740.2
859.0
885.0
596.0
660.9
863.8
665.0
551.4
461.7
482.4
762.0
874.5
631.3
823.3
585.9
480.0
861.5
906.2
972.4
1100.6
1097.5
1006.8
1143.3
744.7
864.3
434.1
435.8
433.9
434.4
436.4
434.9
439.6
863.3
632.6
560.2
695.5
612.3
863.6
798.1
737.3
815.5
820.6
588.9
750.7
861.8
436.5
503.9
478.1
582.9
616.1
434.8
436.4
861.7
434.6
434.2
438.2
874.9
544.3
461.0
539.6
433.8
435.3
435.6
586.2
524.5
862.9
625.6
505.7
435.2
434.7
863.1
682.5
774.4
816.7
748.7
570.9
565.7
863.9
561.3
563.5
553.1
978.7
875.3
890.9
968.0
1210.6
1162.6
780.8
801.3
541.2
863.3
571.1
668.8
599.6
502.4
680.1
632.8
861.9
769.8
761.6
526.7
552.7
433.8
468.5
863.4
571.0
587.1
438.7
494.3
570.6
488.9
548.3
865.0
454.1
439.7
456.9
442.6
866.2
867.3
927.7
800.9
916.9
729.0
543.2
873.5
469.8
658.3
719.1
747.0
769.4
519.2
862.9
652.6
894.1
895.9
637.7
484.8
863.6
434.8
436.3
436.1
570.9
766.6
861.4
882.4
801.1
567.8
477.0
451.6
439.8
435.1
862.3
435.0
438.9
446.4
433.9
441.7
608.6
862.2
557.6
484.9
435.1
435.8
604.7
648.1
476.8
863.5
434.1
435.2
439.0
561.7
539.9
876.2
560.5
479.6
434.8
483.1
866.0
443.4
490.5
444.5
435.4
441.3
440.2
864.4
434.5
496.8
774.2
830.3
534.6
752.3
805.9
862.8
705.6
760.3
625.0
434.2
874.0
433.7
434.3
434.7
437.8
512.1
480.6
619.7
862.0
617.3
586.7
543.2
435.7
873.4
464.5
616.4
602.0
437.1
437.6
434.9
864.1
541.5
899.4
913.1
1092.3
861.9
1124.0
918.5
973.1
836.1
821.0
436.3
433.6
436.9
864.0
434.4
437.0
434.1
440.9
436.1
870.1
471.1
529.3
500.4
434.6
438.4
862.5
722.0
846.6
1013.7
966.2
654.2
565.3
865.3
527.0
453.8
533.8
438.0
434.2
873.9
434.9
435.2
436.3
434.0
435.3
434.6
874.8
805.3
865.0
967.0
889.4
773.5
817.5
504.5
932.0
600.2
516.8
588.9
435.6
876.1
438.1
437.3
439.1
477.9
473.3
435.7
862.2
435.8
434.3
438.5
458.0
453.0
464.9
439.0
862.6
446.4
445.8
482.6
584.2
690.2
826.2
865.6
668.8
564.3
544.5
675.2
435.7
862.9
436.5
434.8
436.6
434.7
439.2
441.4
863.6
500.5
598.5
545.1
526.8
438.5
628.5
863.7
469.4
518.6
450.6
440.1
874.3
434.2
435.9
435.3
435.8
435.9
437.0
875.1
682.6
732.1
678.7
641.1
433.6
606.6
496.3
861.9
658.1
434.7
435.6
437.4
608.9
872.6
1094.2
1007.2
1145.4
1171.8
871.8
1054.7
697.6
593.3
526.5
577.2
488.0
435.1
862.1
435.0
600.1
609.0
727.4
733.9
862.2
439.4
437.2
470.4
447.0
480.8
464.8
449.8
862.0
435.8
439.5
437.9
436.0
437.4
863.6
435.2
697.8
701.7
770.3
790.7
881.1
441.9
445.1
442.3
585.7
548.2
481.1
866.3
502.2
438.3
506.6
435.2
435.7
874.0
434.6
957.4
950.4
1055.5
863.3
975.5
962.7
440.0
545.8
541.4
435.4
433.7
434.6
435.3
864.0
435.0
563.4
513.2
661.3
450.5
875.0
435.6
440.3
435.9
534.4
471.8
493.2
862.7
436.3
722.5
709.1
879.4
927.3
863.4
596.2
565.4
609.3
519.6
536.8
624.0
863.8
630.6
751.5
735.7
541.4
512.6
435.9
863.0
434.0
525.1
651.8
784.1
778.6
864.2
730.3
595.6
690.3
511.4
614.8
862.7
761.1
770.2
722.2
629.8
469.1
435.3
883.3
898.7
1638.0
1739.2
1799.9
1805.2
1691.8
1856.6
1881.1
1767.1
1322.6
1495.3
535.1
862.5
488.5
622.8
687.8
434.9
442.2
436.5
863.5
436.9
437.9
433.3
434.0
435.1
435.6
434.7
876.3
445.9
435.9
435.9
449.3
436.4
862.4
449.9
493.3
517.8
593.3
528.3
861.8
433.6
439.9
783.5
694.2
571.5
670.6
865.1
437.0
529.2
556.4
592.4
558.8
875.5
434.8
636.9
993.7
863.6
1261.4
1286.7
1333.8
1402.9
1481.4
1346.7
1211.2
877.9
434.9
865.9
433.6
436.2
434.3
437.7
439.4
434.6
861.8
438.0
533.8
568.7
602.8
510.5
863.4
530.9
601.4
797.2
1071.5
973.5
862.4
909.9
778.9
496.1
531.9
488.3
437.0
435.4
874.0
866.6
864.4
991.2
1117.3
1084.2
770.9
863.6
666.4
441.4
434.9
439.6
439.4
606.3
696.4
875.7
598.8
812.5
590.4
865.4
434.4
448.0
434.1
439.3
436.3
435.3
863.9
441.5
614.9
614.7
436.3
438.4
453.9
467.3
863.2
540.6
634.8
659.0
612.7
874.7
434.5
457.5
466.5
458.7
434.1
437.3
491.8
590.4
862.0
529.6
536.4
713.9
445.7
439.7
875.7
444.4
436.1
434.3
439.1
435.7
436.9
862.3
539.0
493.9
600.7
435.6
862.1
434.6
440.5
435.5
466.4
535.5
559.9
862.5
435.3
492.9
605.3
587.5
438.8
478.9
471.6
863.5
519.6
456.2
438.8
449.6
874.8
437.3
435.6
437.3
535.2
584.2
592.3
863.7
951.0
869.2
787.2
581.6
435.4
439.6
865.2
871.3
1142.2
762.4
1240.8
1219.7
873.6
686.5
688.7
779.9
748.0
658.0
435.4
491.8
863.2
510.2
502.7
435.0
437.8
862.3
446.7
456.8
452.2
438.9
509.8
484.1
512.6
874.7
587.8
699.0
583.2
434.3
437.5
434.5
862.4
473.2
585.6
537.1
436.0
435.5
874.6
454.3
448.3
442.3
438.5
435.0
439.9
863.7
469.7
523.8
634.0
576.0
698.2
862.5
435.5
437.1
445.9
445.1
453.8
864.0
434.6
482.4
696.3
666.2
434.2
454.8
694.1
573.8
875.5
667.1
433.8
434.7
438.9
436.4
863.4
434.5
436.5
451.6
436.5
561.9
437.5
875.1
565.6
514.0
512.2
573.8
466.9
603.9
862.0
449.9
440.4
445.7
435.5
434.4
863.4
436.5
624.6
449.0
449.8
444.9
868.3
697.0
691.1
729.1
633.3
813.6
651.6
526.3
862.2
640.8
586.5
437.2
438.1
631.7
864.0
485.4
675.2
434.5
439.3
862.5
435.8
440.7
511.9
502.5
436.7
434.4
437.5
449.0
863.1
466.5
668.2
562.9
658.2
862.9
647.5
858.0
1003.9
1009.8
983.7
873.3
751.5
