445.4
526.7
449.8
542.2
875.4
438.0
442.5
877.6
442.3
872.7
438.1
724.3
819.5
915.0
685.4
1088.2
759.9
1062.2
1167.7
434.8
435.1
435.3
435.5
863.2
448.1
545.3
530.4
868.9
886.1
435.2
436.1
436.9
863.5
436.3
452.0
538.5
468.6
863.1
771.4
867.5
663.6
572.7
433.8
862.0
433.9
435.7
437.1
862.0
865.2
435.0
436.9
436.3
869.6
436.4
445.6
435.7
873.8
435.9
436.1
862.5
566.9
709.7
662.8
635.2
862.1
867.2
436.2
436.4
441.7
945.1
435.9
438.1
434.9
863.0
433.6
434.0
863.6
434.2
437.9
862.4
434.5
435.6
863.1
436.6
438.4
867.1
570.5
454.9
502.6
865.4
833.7
700.7
434.9
861.6
434.5
861.8
535.0
613.0
649.5
543.1
866.2
433.9
440.5
438.3
862.5
450.7
870.7
443.1
868.9
459.9
663.4
648.0
442.4
863.7
434.1
471.2
452.8
862.7
475.3
880.7
501.2
437.8
497.2
861.9
436.3
444.0
863.9
557.0
450.6
566.7
865.3
436.4
434.4
873.7
434.6
434.5
862.1
437.6
509.5
482.4
862.9
555.3
435.4
435.1
864.6
864.2
434.0
437.3
434.2
862.5
444.6
474.8
471.0
878.6
447.1
439.5
448.0
935.9
863.0
549.2
486.4
593.5
434.7
863.3
433.8
435.2
435.8
861.6
877.7
434.8
434.8
434.9
436.1
445.4
863.8
436.4
441.3
864.8
434.2
863.5
435.7
433.8
436.2
862.9
435.2
897.6
609.8
600.0
607.2
686.3
865.5
511.3
874.0
439.7
438.5
442.5
864.7
434.1
434.1
862.9
569.4
671.2
656.9
589.0
875.9
437.5
481.9
868.3
484.5
867.2
462.1
563.1
605.0
471.5
870.2
517.0
1199.2
584.5
883.5
1132.1
1150.5
2037.2
1361.5
1358.6
1350.4
1387.0
1420.6
829.4
880.3
434.7
436.2
441.4
438.2
436.0
863.8
444.4
585.4
865.2
579.4
902.9
509.1
441.5
580.2
863.2
461.6
519.1
866.7
433.7
863.3
477.7
615.9
587.4
435.4
437.7
868.1
436.0
863.5
443.5
862.5
530.9
449.7
536.7
480.8
861.9
502.3
439.4
489.1
865.5
435.4
878.3
433.9
435.9
877.3
449.7
519.6
510.0
866.5
441.8
524.7
465.6
861.2
503.9
938.0
780.7
836.5
837.4
835.0
884.7
884.0
463.4
569.3
477.7
863.5
441.6
438.2
433.7
877.7
560.1
689.1
681.4
864.4
546.4
435.1
865.7
436.4
435.2
438.9
897.6
434.1
881.6
437.3
579.1
508.9
512.3
874.6
434.7
435.7
862.7
438.2
621.6
886.2
620.4
449.1
446.4
890.5
436.1
866.8
434.8
503.6
626.4
670.7
863.1
448.1
882.0
438.2
481.7
478.4
876.5
435.0
885.2
435.6
435.4
864.4
655.9
717.3
686.3
867.0
633.0
434.0
869.8
439.9
439.1
435.4
863.0
435.3
433.8
862.6
436.8
478.2
587.0
863.7
523.5
866.9
433.8
439.0
448.0
435.0
862.7
866.8
434.3
440.5
438.6
434.1
446.6
865.7
434.0
876.2
434.7
433.8
871.3
445.3
476.6
434.2
873.6
433.7
433.7
864.2
442.0
434.9
461.2
866.7
479.6
493.9
533.6
508.5
876.4
435.7
873.5
434.6
864.5
433.7
440.7
435.2
864.2
482.6
526.5
560.0
883.2
435.8
447.6
876.7
435.1
434.2
863.5
436.3
866.1
433.9
434.7
434.9
864.1
440.6
534.6
638.5
864.5
706.4
865.6
545.2
698.3
516.8
862.5
443.0
434.0
434.5
862.2
434.8
861.0
435.2
435.7
434.8
861.9
442.8
434.8
874.8
434.1
437.2
906.4
642.3
502.7
541.9
861.0
441.5
437.0
861.9
464.9
447.9
434.0
911.8
436.0
863.3
435.3
434.5
446.6
435.0
862.3
435.0
876.7
524.0
597.4
594.5
875.1
579.5
493.3
435.0
435.3
864.7
435.6
865.8
471.1
871.9
434.2
436.3
435.9
435.4
864.4
436.5
861.6
433.8
435.1
861.7
472.8
468.4
485.3
438.7
892.7
434.6
862.6
470.8
612.1
660.4
681.7
863.1
661.8
434.6
437.7
862.3
434.7
867.0
438.1
434.4
872.1
434.4
435.8
437.7
871.7
435.7
435.1
878.1
530.7
467.7
502.1
942.5
448.5
436.6
877.9
434.6
864.3
436.4
435.2
437.3
864.4
434.1
435.9
438.4
494.8
914.7
511.6
886.1
434.2
482.7
589.8
863.0
634.2
435.3
862.0
434.9
537.3
863.7
731.0
813.7
728.2
868.2
698.0
875.1
457.6
445.5
433.9
435.1
867.7
435.2
878.7
437.0
487.1
488.7
543.6
864.3
882.6
436.2
437.2
470.6
437.3
867.3
461.4
440.2
865.1
434.2
439.3
861.4
435.1
436.2
864.0
440.5
624.0
556.5
546.3
868.4
865.0
434.6
435.5
863.6
586.9
439.1
622.6
891.6
434.4
434.7
915.7
444.0
440.5
862.1
434.7
631.7
693.0
798.4
746.8
911.2
874.7
435.0
437.1
864.7
434.5
436.1
435.3
434.8
863.3
434.6
486.4
476.2
862.9
516.8
937.0
481.5
455.8
895.2
468.9
555.8
635.0
1044.6
453.4
473.8
614.8
644.5
862.6
434.9
865.1
435.7
435.5
438.7
860.8
616.4
511.8
568.9
866.1
886.3
434.6
437.2
434.5
861.6
433.8
930.8
635.8
598.4
698.0
574.6
868.2
468.8
870.9
476.0
451.3
678.2
590.0
865.8
628.0
433.8
861.7
434.0
862.6
444.6
442.1
876.2
578.3
711.2
785.6
631.2
571.8
865.2
435.8
922.0
434.5
867.3
585.0
597.9
548.4
445.8
862.7
438.8
886.2
436.7
435.1
870.5
437.9
434.4
435.5
864.8
435.9
453.8
870.3
436.8
448.7
436.1
873.0
438.3
434.4
435.3
436.9
866.1
865.7
439.1
445.8
446.1
863.8
480.7
475.8
871.9
434.8
436.5
437.9
436.7
863.0
868.7
435.5
584.3
582.4
900.3
895.8
736.3
864.8
1044.9
956.9
732.4
1057.2
497.8
435.4
861.2
441.9
439.1
861.4
436.0
451.9
433.7
863.3
435.6
435.3
437.0
447.3
884.0
867.4
450.8
450.8
706.0
573.2
864.0
712.0
561.0
876.9
434.1
436.2
863.7
436.1
434.3
865.1
477.0
748.5
640.0
862.4
673.9
517.1
463.1
868.2
965.2
446.2
433.5
434.0
514.2
446.2
889.7
512.0
436.7
888.6
885.3
434.2
435.2
451.4
864.1
433.8
437.0
862.0
434.2
436.1
436.9
865.0
449.1
446.4
435.1
872.2
482.5
500.3
520.0
880.6
863.6
435.7
444.9
436.0
861.7
433.5
435.8
437.3
439.7
864.0
434.0
877.4
560.2
728.4
742.3
865.0
485.9
877.3
444.6
446.6
437.7
436.6
863.6
436.5
438.6
862.1
435.4
863.2
434.0
433.9
864.0
462.7
589.5
578.5
984.4
447.7
437.7
459.9
864.1
436.7
492.4
468.3
862.3
516.1
435.9
437.4
863.8
877.7
434.1
438.8
863.9
511.4
537.5
613.7
862.1
492.7
469.4
445.6
863.8
435.1
867.8
539.0
574.3
702.6
826.5
918.1
612.1
505.2
876.1
449.5
527.5
504.2
861.9
434.6
435.4
435.8
862.7
865.2
438.1
443.5
862.0
435.6
435.9
435.3
436.0
455.4
863.8
433.9
861.7
437.2
436.3
876.4
436.8
436.8
433.7
862.1
434.4
438.7
862.3
433.8
435.3
873.3
444.8
447.1
434.1
863.9
686.7
550.7
587.8
871.3
438.9
437.2
884.2
436.5
862.4
434.0
438.2
439.8
435.0
863.7
877.3
434.9
439.8
448.4
873.5
434.9
437.3
501.4
511.9
874.7
876.7
433.9
437.6
433.5
436.3
862.7
437.2
862.2
452.1
441.1
564.5
438.0
861.7
554.7
436.1
894.4
555.5
467.4
531.8
865.6
434.1
436.6
881.4
433.8
439.5
861.4
436.2
439.0
437.4
863.0
532.1
864.9
448.0
582.4
522.5
510.9
966.2
437.0
440.2
865.4
435.0
873.5
439.6
439.5
448.8
443.2
881.5
878.4
435.2
438.0
865.5
434.2
438.2
437.6
435.8
877.9
448.1
440.7
441.8
862.4
624.9
455.5
865.3
609.2
862.3
596.1
677.1
668.7
773.5
879.5
603.5
875.8
