445.7
533.6
447.8
608.6
872.4
481.7
591.3
501.6
878.3
440.0
468.3
868.4
792.7
953.6
870.0
1070.8
890.3
1016.5
954.9
874.5
438.1
436.4
438.8
864.3
736.0
727.7
750.6
725.8
865.5
454.5
437.9
436.3
861.8
437.3
443.6
515.7
636.4
862.5
630.6
772.1
567.9
879.0
444.0
439.3
460.6
862.4
493.8
507.5
861.9
600.5
435.9
438.0
435.3
860.7
434.9
441.9
435.5
865.2
447.6
463.4
674.0
675.2
701.3
866.0
635.8
877.7
441.5
457.5
437.0
865.4
434.8
434.6
435.3
864.2
434.4
436.0
444.6
437.8
441.7
864.7
434.2
434.6
865.1
447.3
437.2
435.5
482.5
875.3
736.2
678.3
545.9
886.7
435.7
437.8
435.8
864.4
557.2
726.6
636.6
571.5
863.9
506.0
441.9
435.0
863.7
435.6
434.5
862.7
436.8
437.5
435.8
434.5
862.4
436.9
434.4
438.5
504.1
866.2
517.7
863.3
479.5
657.0
633.9
877.7
515.7
582.2
553.4
454.1
498.5
534.8
866.8
442.3
435.7
866.2
436.2
435.0
864.3
434.8
440.7
534.2
513.1
863.9
21.1
434.6
434.5
874.1
444.2
448.5
435.2
911.5
437.5
502.8
498.9
863.0
626.0
743.3
657.6
862.0
435.3
436.8
438.4
862.9
434.4
437.2
434.2
436.2
439.0
863.5
434.3
435.4
864.0
436.1
435.7
443.9
864.8
495.1
543.4
470.7
436.4
861.7
434.7
439.2
437.9
865.7
435.1
434.4
439.8
528.3
568.9
874.2
441.0
866.8
485.4
434.4
435.8
436.4
862.7
435.1
434.2
861.8
589.7
656.7
654.8
598.0
862.1
443.9
523.8
475.7
479.2
862.7
476.3
473.8
576.2
523.7
870.6
440.3
869.3
435.8
439.6
684.8
723.4
888.8
728.7
883.7
772.2
470.6
536.5
433.6
864.1
434.7
434.5
438.7
436.7
435.3
863.1
564.2
525.1
647.5
612.4
864.1
503.5
503.7
865.0
655.4
501.0
509.6
869.3
436.1
862.4
550.2
636.2
554.9
435.6
435.3
865.8
434.3
435.2
865.6
434.6
434.2
447.8
861.5
441.0
450.2
435.3
446.5
551.7
544.2
873.2
903.3
433.6
435.2
437.6
448.3
528.0
532.0
862.9
437.9
523.3
437.1
876.6
524.0
877.6
864.2
984.5
998.7
901.8
1050.7
1089.1
766.8
876.7
529.4
481.4
442.3
445.0
863.3
434.4
595.2
682.4
864.3
801.9
641.3
522.5
863.5
438.3
439.3
435.6
436.5
862.1
434.1
437.7
489.1
538.1
561.1
863.8
435.9
435.9
863.0
593.9
613.2
873.4
678.8
620.0
590.1
573.6
862.6
581.2
437.1
534.1
570.6
601.7
866.7
448.0
891.7
454.3
472.8
479.4
865.8
434.2
440.0
864.5
434.4
435.4
665.6
715.2
678.2
895.7
632.1
877.5
1037.2
1054.9
1056.1
1066.9
1254.9
844.2
1129.2
736.7
525.9
520.2
594.6
861.8
454.9
878.4
434.2
435.4
589.8
647.4
483.4
864.2
864.0
436.6
436.9
518.6
437.3
520.8
862.6
458.6
433.8
435.1
862.5
442.6
437.8
436.6
874.4
434.2
436.4
434.7
861.9
434.8
437.5
483.6
862.4
680.0
731.7
866.1
725.4
664.7
606.8
434.2
885.5
443.9
435.5
434.5
864.5
474.6
680.8
711.4
862.9
694.2
644.9
480.3
434.9
866.6
434.7
442.6
894.2
435.2
434.8
438.6
862.6
550.9
754.5
944.2
866.2
913.9
1048.1
855.4
859.2
651.5
862.8
433.9
435.6
434.9
863.5
434.4
435.5
483.5
496.9
870.9
539.5
435.5
436.4
863.1
475.0
437.4
865.3
641.9
562.7
558.2
866.2
489.5
434.9
434.7
436.3
438.5
861.8
434.0
863.3
435.5
434.4
436.7
861.7
436.6
448.0
434.9
447.2
869.9
761.6
771.1
535.8
866.1
540.2
439.0
490.0
863.2
563.3
522.1
434.2
863.0
469.0
455.6
435.2
434.7
863.1
443.1
436.3
862.4
441.9
437.2
435.5
470.4
864.4
473.6
489.1
434.3
867.1
475.1
564.2
721.0
829.9
862.3
636.5
436.0
438.3
862.0
435.5
437.0
863.9
434.3
437.1
434.0
439.8
438.0
867.7
443.6
453.6
867.5
439.6
484.1
515.1
864.2
462.0
476.9
446.1
875.4
437.7
434.1
435.7
435.2
860.9
438.9
439.3
435.5
605.5
869.2
608.9
866.9
487.0
492.3
568.6
465.1
862.9
435.3
437.4
863.9
445.2
476.1
823.8
834.7
865.3
845.7
857.1
914.6
487.4
877.7
461.2
474.5
493.1
441.6
864.3
434.3
591.0
585.3
862.6
691.5
875.3
447.3
445.0
435.0
436.0
895.7
539.1
504.7
434.0
881.8
435.4
438.8
434.0
436.4
861.9
447.3
741.5
593.9
649.0
863.2
632.2
874.1
449.5
444.6
434.0
439.0
435.4
861.6
435.5
440.0
862.2
434.5
436.4
863.8
436.4
631.6
952.4
861.6
908.6
917.4
859.7
434.1
436.5
863.9
435.0
434.3
864.2
436.2
438.7
434.1
500.7
522.8
876.3
594.3
435.5
875.2
449.6
435.9
441.5
570.9
536.7
867.2
438.4
473.1
591.2
622.8
864.3
453.6
442.3
882.6
438.1
435.8
863.7
450.8
549.3
600.2
557.0
861.5
436.1
441.8
863.7
435.1
434.2
863.4
727.1
792.4
876.2
831.3
570.8
866.2
540.1
500.3
587.2
863.9
558.0
673.3
513.2
884.7
436.1
435.0
862.7
498.1
656.9
706.5
676.1
585.9
815.0
882.8
582.9
877.6
445.3
456.2
434.5
862.1
523.0
625.0
569.0
434.3
863.1
435.6
437.6
435.0
862.5
434.3
433.7
867.1
435.5
434.0
435.8
864.3
433.5
434.9
449.2
434.8
863.4
454.7
456.3
451.1
435.6
872.7
434.5
434.3
470.3
437.9
872.7
449.0
435.4
882.4
434.8
436.9
514.4
442.4
951.9
621.0
882.1
623.7
702.1
879.3
1234.0
862.5
1169.0
1178.1
1220.3
1156.3
989.9
699.3
435.3
862.2
435.4
438.9
434.1
434.0
861.7
436.0
437.6
862.5
461.0
585.3
574.4
438.9
862.7
460.0
437.8
739.6
864.7
723.9
788.1
800.8
875.2
494.5
438.2
486.1
437.0
435.4
862.1
574.1
708.1
748.9
864.3
735.6
499.5
435.2
866.0
438.2
862.8
434.1
434.6
434.7
470.0
659.5
862.9
603.8
483.1
876.3
436.7
436.1
434.7
874.0
434.2
436.6
438.8
463.9
438.9
868.1
434.8
435.5
864.3
434.2
437.4
543.4
447.7
554.6
875.9
878.2
434.5
439.6
455.9
445.8
436.5
864.1
446.1
457.1
436.9
453.4
872.4
434.6
434.8
865.0
435.5
434.2
863.5
482.5
440.0
480.8
435.1
864.2
435.3
436.6
877.5
434.2
444.5
435.8
436.3
861.6
436.9
576.7
576.9
865.8
433.6
435.3
437.2
861.8
611.9
673.7
675.7
494.1
861.8
434.0
435.8
442.8
863.5
435.0
436.0
861.7
546.1
593.7
636.3
503.3
438.5
532.3
866.4
534.4
437.6
865.6
442.5
741.5
698.2
757.0
865.2
618.5
470.6
878.6
514.4
501.0
477.9
863.4
434.5
437.0
441.4
437.5
862.9
434.9
436.5
863.7
436.0
435.5
436.5
434.8
434.7
861.8
435.6
486.9
501.3
861.8
548.0
451.4
862.8
446.4
447.7
435.3
435.9
863.7
436.1
434.7
864.2
536.2
437.6
542.7
862.3
504.7
609.7
600.9
867.7
443.9
441.2
433.8
862.2
435.4
445.1
442.8
591.2
642.6
863.4
538.9
863.9
478.4
552.9
599.7
863.9
574.4
758.0
802.8
617.7
861.3
434.5
436.3
434.0
437.8
862.0
437.8
437.3
434.0
861.3
438.0
500.3
577.9
437.8
861.8
510.0
562.6
535.8
863.3
644.7
434.4
437.2
886.8
435.0
433.7
433.7
862.4
436.2
441.8
443.5
434.7
865.0
435.4
529.3
876.5
660.7
569.5
444.4
589.0
894.8
593.6
1035.1
564.4
772.6
857.4
682.7
641.0
864.2
438.4
435.7
862.2
433.4
437.8
434.8
434.1
873.4
434.0
436.5
435.9
862.5
472.1
502.7
483.4
864.6
442.2
443.0
692.9
867.9
852.8
837.3
611.2
875.4
