463.6
600.6
575.4
608.4
875.8
544.5
781.2
844.4
732.9
592.0
875.7
781.6
879.6
1083.4
1202.1
1366.5
1124.7
1091.0
1104.2
435.4
435.8
435.5
863.4
435.2
606.1
617.8
648.7
639.8
864.4
476.6
446.8
448.0
862.1
440.3
452.4
510.5
541.2
779.0
863.9
767.7
739.8
639.4
435.5
762.8
785.9
816.4
869.2
758.2
863.7
435.0
439.6
435.2
441.7
446.4
436.2
874.9
435.3
436.7
435.9
443.2
670.0
726.9
862.8
697.5
631.6
877.1
434.8
437.3
472.0
475.6
433.5
864.3
443.3
436.1
434.0
436.4
865.8
477.2
660.1
609.6
437.8
435.6
873.5
448.2
440.2
938.6
866.1
898.2
971.5
1039.3
1063.7
1094.0
434.8
434.0
876.4
436.7
546.1
659.6
671.8
537.1
863.0
470.5
457.5
492.6
433.9
862.5
440.8
438.0
436.7
442.3
438.8
863.8
438.1
434.9
433.9
477.5
519.5
862.9
572.3
530.8
509.9
444.1
496.4
862.0
453.1
439.1
863.7
664.1
725.5
741.6
785.9
589.8
461.1
862.0
434.1
438.8
435.7
867.1
652.6
647.8
632.6
624.5
435.4
437.5
435.5
864.2
453.6
438.8
437.1
862.9
466.7
541.1
584.0
554.4
463.1
438.6
862.2
453.0
434.3
438.4
435.7
863.0
436.5
442.8
434.2
442.8
437.5
873.2
452.8
434.4
434.5
863.6
489.0
571.5
545.3
515.9
435.7
870.9
436.8
438.2
433.8
434.7
436.6
861.7
435.5
448.6
521.8
599.5
877.4
833.0
851.4
613.8
594.0
435.4
474.8
866.4
464.9
497.7
434.6
863.9
680.6
683.6
671.0
680.8
863.0
746.0
677.4
776.3
754.0
687.6
882.4
698.8
755.6
822.3
659.9
574.0
877.5
436.6
490.9
437.0
862.2
889.3
843.7
877.5
797.2
587.4
875.6
441.8
438.2
433.9
448.8
444.2
466.5
459.0
863.4
567.9
634.1
573.7
651.1
863.6
472.3
642.8
651.1
881.6
540.2
672.3
651.9
434.3
864.6
499.3
629.0
562.3
449.7
437.1
862.2
434.5
434.6
438.3
434.9
441.9
435.1
863.1
434.1
449.1
435.2
447.1
522.7
862.4
607.0
506.6
434.6
435.1
863.8
508.6
639.6
665.8
475.1
862.5
440.8
588.3
583.7
455.2
876.4
895.8
864.5
1026.3
942.3
946.7
950.9
623.0
857.4
653.2
647.7
1027.5
876.1
1061.7
867.8
1373.9
1104.0
1342.5
1311.8
1278.1
795.2
1078.2
867.0
537.0
628.4
699.7
606.3
437.6
893.9
502.7
518.2
500.4
435.1
433.5
434.8
862.7
579.6
592.3
635.6
868.9
902.9
781.8
625.2
693.8
865.1
509.9
698.3
713.1
847.3
842.3
652.0
861.9
491.3
662.3
676.4
438.6
866.0
437.1
434.7
441.1
436.8
627.0
727.7
691.1
862.8
649.7
434.2
865.1
449.7
435.8
467.3
463.9
434.8
864.5
436.1
469.9
436.8
498.4
466.9
862.9
435.2
434.3
434.4
482.7
531.5
863.3
588.7
436.2
436.1
472.0
875.9
585.7
642.0
554.9
864.0
433.9
438.4
435.5
443.0
438.1
437.2
864.1
435.3
437.0
433.7
863.3
610.0
666.6
722.2
553.5
783.7
805.3
861.6
731.3
753.4
610.1
435.2
864.2
434.1
435.3
445.5
436.5
524.3
639.5
521.1
864.2
557.5
500.6
876.2
437.0
448.4
436.3
434.6
873.3
438.4
436.5
434.7
436.9
577.0
633.9
863.8
787.2
942.1
949.3
877.7
911.7
619.9
733.9
434.1
437.0
435.6
874.7
435.5
435.9
435.3
437.8
433.8
862.8
442.7
510.4
504.2
542.2
529.8
863.7
639.3
768.8
708.7
875.4
543.1
444.9
436.6
435.6
445.8
874.7
435.5
434.2
435.5
434.0
434.1
862.0
434.0
437.5
452.9
530.4
919.4
961.5
993.1
805.2
758.1
863.4
499.2
655.3
506.3
642.0
864.3
436.2
435.3
437.1
439.7
434.6
436.0
863.5
435.0
438.0
436.7
434.2
862.1
484.0
460.1
488.2
438.5
862.5
438.3
445.1
483.4
453.8
543.4
775.0
863.6
769.7
437.6
434.7
862.6
435.5
434.5
434.8
442.4
434.8
865.0
522.1
525.9
610.5
440.4
435.8
863.8
586.4
591.8
762.0
728.3
474.8
437.1
874.7
435.6
475.1
913.1
439.0
438.8
436.4
436.0
435.4
865.7
614.1
676.9
748.9
570.5
624.2
874.5
590.6
681.6
657.6
434.3
434.1
862.0
438.7
517.7
772.3
862.2
968.1
877.5
1076.2
952.0
639.2
875.4
438.3
552.1
676.1
729.3
536.0
597.9
928.8
598.2
729.1
721.4
866.7
434.5
437.7
475.7
438.9
471.3
444.1
461.2
862.1
436.3
436.5
864.9
435.9
497.4
494.9
434.4
613.6
632.3
656.5
862.6
622.6
435.2
434.3
863.8
614.4
578.2
607.1
571.7
441.3
453.4
862.1
447.6
438.4
863.1
433.7
759.7
831.3
863.6
899.7
898.5
895.1
441.7
543.4
541.6
433.8
863.6
435.5
436.0
464.0
434.4
554.1
866.4
658.8
647.5
838.5
510.0
434.4
873.1
438.7
645.9
641.7
436.5
865.5
749.1
885.4
849.0
886.0
872.2
628.4
599.3
437.2
435.6
862.1
582.6
715.0
697.6
838.7
882.2
443.9
440.6
863.6
435.3
434.3
861.9
816.2
895.0
901.7
949.5
825.3
580.8
877.4
595.6
645.7
827.3
823.6
738.6
861.3
595.4
473.6
434.0
861.1
622.9
644.8
849.9
901.0
865.9
902.7
816.6
739.3
732.4
463.1
864.9
452.2
440.6
619.7
519.7
705.8
434.2
862.0
435.5
438.1
434.0
873.0
434.1
435.4
434.2
434.9
435.7
435.5
873.1
434.1
14.5
434.1
446.2
436.5
445.9
581.4
521.3
498.1
465.5
873.9
435.5
462.9
562.2
620.7
494.1
453.5
868.1
434.4
438.5
435.8
437.4
862.0
434.1
435.7
574.4
611.8
863.5
1090.5
932.3
865.6
1144.9
1085.6
1143.0
1016.2
650.3
434.7
863.7
441.0
438.2
434.2
435.4
863.7
485.9
436.0
433.7
435.1
438.7
445.9
862.1
435.9
476.2
449.2
864.6
750.3
928.2
859.0
15.7
931.8
771.2
435.7
442.1
455.6
475.4
473.8
465.6
873.4
841.6
764.0
720.8
602.8
486.6
878.9
450.1
433.4
433.6
874.7
641.2
618.0
720.3
841.3
566.5
875.0
551.2
434.7
438.5
435.7
865.1
434.1
435.1
437.6
442.9
437.8
875.4
433.9
435.7
439.5
437.7
863.8
675.3
696.2
646.1
632.8
862.1
435.6
435.4
451.0
448.7
434.1
484.8
866.0
655.2
745.5
540.9
700.5
863.5
443.7
441.2
494.9
434.0
873.5
528.4
453.9
535.1
443.6
499.0
481.0
465.7
862.1
435.1
435.2
862.9
439.8
447.0
459.0
591.7
565.2
862.8
435.1
582.9
652.8
639.7
589.1
513.6
863.6
522.2
542.4
433.7
443.2
436.9
862.5
434.2
437.8
864.2
445.5
595.9
644.5
501.4
460.0
437.5
460.0
864.0
436.5
438.3
571.7
666.5
869.2
833.7
868.7
681.6
493.1
885.9
687.0
697.4
772.1
609.6
862.3
664.1
589.2
606.1
603.4
435.4
864.6
434.0
435.1
436.9
436.7
435.1
436.6
874.6
435.7
435.0
438.6
440.9
863.8
515.7
477.4
528.4
869.5
483.1
581.6
557.3
437.8
439.4
863.3
493.0
520.7
484.7
449.4
499.0
628.4
674.0
861.3
439.0
446.8
434.9
866.1
436.6
434.6
438.1
467.5
579.1
875.2
588.6
434.1
444.6
450.5
864.5
434.4
517.4
564.3
567.8
525.6
870.1
433.9
435.0
435.6
435.6
874.9
438.6
449.0
435.4
864.9
474.5
717.4
751.3
652.1
571.1
863.9
675.6
614.7
707.5
684.2
446.7
436.4
862.7
435.3
434.1
438.1
876.8
487.5
439.6
590.2
733.9
547.9
642.9
524.8
863.7
620.1
626.0
510.2
862.4
637.7
574.5
638.0
437.4
441.0
864.5
517.9
701.6
632.2
434.4
438.1
980.8
434.3
446.9
436.7
435.3
864.8
614.8
480.3
566.0
862.4
619.8
615.0
623.1
619.9
445.3
876.8
754.9
734.1
930.6
880.3
683.4
886.3
