331.1
502.7
579.7
966.6
754.8
898.5
1065.0
1490.4
1094.9
1053.5
974.1
1146.4
1047.6
1111.6
600.7
807.4
448.3
320.0
2504.8
1005.7
873.8
656.3
491.4
2649.2
587.9
2528.3
2749.4
570.9
628.3
2077.3
874.9
970.6
1367.0
883.8
526.4
3743.7
320.2
336.5
329.0
3400.8
321.7
321.3
321.7
3661.0
319.5
3220.2
3565.6
319.9
4445.9
320.3
4710.7
320.2
320.0
4111.0
328.6
549.7
464.9
3884.9
442.8
321.8
322.9
4023.5
319.8
3243.1
3848.8
319.5
321.2
320.0
3568.5
3300.2
321.1
322.7
336.8
328.4
321.1
3860.4
321.5
3932.3
3444.4
3287.9
2710.5
356.5
432.6
454.3
506.2
2618.5
588.1
2594.8
428.9
321.5
2082.5
2712.3
410.3
552.0
692.4
670.2
422.9
2403.3
505.9
500.9
425.9
383.8
2616.7
382.3
417.9
412.5
372.3
2822.1
2686.2
325.3
430.2
459.7
2965.6
648.5
441.8
512.2
321.0
337.6
3215.4
3602.6
462.4
456.2
489.3
2733.8
481.3
400.7
320.9
3833.4
320.5
3381.8
321.6
3419.5
320.9
3029.1
320.6
398.8
420.7
336.8
321.6
4031.1
3294.2
422.9
416.9
422.1
340.9
319.9
386.1
4169.4
380.1
4098.7
320.3
2735.9
320.2
320.6
3923.5
320.1
3421.0
319.5
321.5
324.3
3766.7
3576.9
320.6
319.7
3776.2
3208.9
422.1
423.8
3878.8
439.4
372.2
3120.4
3447.8
2480.5
323.0
2987.7
320.8
320.9
353.4
2275.3
359.4
2206.5
2746.2
437.2
505.3
578.6
504.9
464.3
392.5
320.6
2029.7
387.6
320.5
320.3
2370.1
416.3
367.8
466.9
2269.6
2487.7
2331.6
463.7
475.1
429.6
499.9
450.6
525.3
586.6
566.3
2815.0
580.5
825.9
2817.9
898.5
921.7
863.6
853.0
690.8
2999.3
507.9
319.7
3198.4
384.7
331.5
393.2
544.0
3762.6
632.6
703.3
742.9
578.6
802.6
4005.0
575.8
778.2
478.7
366.3
690.3
3872.4
606.8
352.2
4733.4
391.9
5040.6
320.7
319.8
5005.5
321.1
320.6
321.3
320.1
370.9
5489.0
470.1
6179.4
494.0
378.2
5326.3
323.9
322.1
5446.5
335.3
376.9
4935.9
363.4
5639.9
416.3
332.4
392.4
5342.4
628.0
683.5
750.8
6336.3
861.1
638.7
5031.6
873.5
1001.6
595.1
6244.0
925.4
783.2
693.3
713.1
634.4
557.1
6507.4
320.1
321.0
409.2
365.8
6671.0
351.7
6609.1
5844.7
335.0
405.1
416.0
4955.6
5174.4
319.8
319.1
394.0
637.1
690.3
614.6
474.4
634.9
7225.9
6333.5
445.3
508.8
597.2
530.9
661.4
536.2
751.2
495.6
7431.4
401.2
6529.2
320.1
9658.9
6531.2
503.2
567.4
7572.6
8105.8
678.4
786.3
574.6
480.5
473.0
520.0
8750.2
344.4
324.0
7692.2
8138.6
490.0
514.9
429.4
467.6
322.4
7125.0
7866.8
401.0
353.6
424.7
7955.8
391.5
401.7
393.9
7996.1
530.8
463.5
369.6
353.2
7948.7
320.1
6785.9
321.5
324.0
8739.1
321.1
321.4
9695.7
322.5
8525.9
412.6
8467.0
547.3
708.1
8325.6
732.6
667.0
549.4
394.7
320.4
8349.0
320.1
8861.9
8569.7
323.5
339.6
694.9
8367.1
587.5
388.9
543.2
353.2
353.9
384.4
7809.8
10135.9
8645.6
337.4
331.6
10033.6
6513.0
411.9
537.9
8366.2
661.5
707.2
745.8
615.5
590.4
328.9
320.1
320.9
320.6
8806.8
7627.5
9296.1
400.6
414.8
6969.9
461.5
445.0
453.7
9076.2
469.8
8244.7
762.4
590.7
718.7
732.7
513.0
453.4
323.4
320.7
8221.1
320.1
319.9
9339.9
7146.0
321.5
320.6
10851.3
323.7
414.2
7904.4
660.7
702.9
9739.3
596.3
715.9
739.8
555.5
771.8
607.8
385.5
327.8
9882.9
9514.3
322.2
329.6
8972.7
320.4
320.1
7231.8
9309.3
9501.9
9437.8
321.2
321.3
8790.5
8210.3
351.0
7441.4
321.3
351.5
10232.9
320.9
500.6
398.2
601.8
622.6
449.2
466.7
9281.4
358.8
321.5
322.4
320.6
9547.2
8888.9
8227.4
7388.7
9487.1
320.1
321.2
352.2
335.5
379.7
445.4
490.2
7364.2
450.6
499.3
458.2
8638.1
9043.7
320.0
8638.1
7983.4
9400.7
319.8
7044.1
319.7
321.5
5837.0
478.4
8875.2
432.9
660.2
606.2
439.4
7648.6
566.9
494.7
320.1
7674.3
321.2
6998.0
382.3
6703.5
563.8
9199.9
656.6
753.2
810.4
713.7
714.0
8941.7
607.9
496.2
669.2
7344.2
652.0
6523.8
523.0
545.6
8767.2
576.5
6575.3
7505.4
320.1
321.4
5211.4
453.3
382.5
463.7
391.2
320.7
7526.9
320.2
370.0
427.3
7449.9
369.3
456.0
486.8
6741.4
354.9
320.0
6249.1
7648.3
320.1
406.7
430.2
320.8
351.0
6775.2
8441.1
320.3
319.8
486.2
5491.1
493.6
571.9
6580.7
706.1
752.7
7347.8
450.6
414.2
8126.5
7227.3
320.8
7982.8
323.2
6593.7
319.8
9720.9
321.6
344.7
454.5
459.7
392.2
355.7
7991.7
346.9
464.4
470.5
6855.9
417.8
554.0
3755.8
533.4
7887.4
657.7
506.5
7956.2
320.2
320.5
6748.4
327.4
463.3
519.7
330.0
413.3
8453.5
349.8
6922.0
320.9
10444.0
450.4
4907.1
613.6
647.0
571.3
630.6
6149.0
848.5
727.7
876.1
669.2
795.1
5122.6
8650.2
700.8
582.0
474.8
10466.1
688.2
737.8
8901.7
823.4
641.7
721.9
502.1
5583.1
326.2
319.9
338.7
327.9
7776.7
320.2
320.1
319.9
8044.0
320.3
321.5
320.6
320.3
320.0
319.5
320.2
8252.8
387.3
7807.4
10109.7
472.7
493.1
638.3
403.5
9254.8
320.7
9015.8
10136.6
321.9
391.6
424.6
367.4
7857.6
331.6
8449.5
373.2
382.5
331.4
7031.1
9237.4
320.9
8205.7
7182.3
9537.8
634.7
705.6
772.0
878.9
827.3
839.4
614.3
466.2
10097.4
321.2
319.2
320.9
343.4
10213.6
336.5
10161.0
9140.0
9237.2
320.0
7904.1
8833.3
353.3
321.5
348.0
9915.5
415.0
565.7
789.1
746.7
750.4
597.2
627.0
641.8
714.9
828.5
943.2
822.8
912.2
747.8
9157.4
659.1
9771.6
320.4
319.8
8562.4
9933.4
9080.6
7740.9
461.2
541.7
544.6
607.7
566.7
341.4
10570.0
8999.6
322.4
321.4
321.7
319.7
330.3
330.9
320.8
319.8
9959.2
8952.6
320.7
8732.0
321.2
10376.2
411.6
404.5
10494.2
320.5
320.6
319.6
9142.3
319.6
424.6
429.2
418.3
424.0
8818.4
7103.3
320.6
319.1
323.0
335.0
409.3
388.9
426.1
8978.9
320.1
331.8
10178.9
10117.2
320.7
9199.3
320.4
320.9
10677.1
321.1
386.0
385.0
9820.5
320.2
8185.2
335.8
332.5
9087.1
363.0
372.1
9339.7
407.1
348.5
321.1
342.8
7293.5
10733.3
321.4
322.3
321.0
320.4
455.8
432.7
405.3
10625.7
389.9
10325.0
8246.0
593.6
719.0
745.0
752.6
9650.6
898.3
822.7
522.9
546.1
353.1
321.2
9595.2
383.3
369.3
7350.9
334.0
321.2
8530.1
321.0
399.9
321.1
394.5
321.4
414.7
10618.6
410.1
320.0
10613.1
319.9
326.7
319.3
322.1
321.1
320.9
10962.1
321.4
323.7
10770.7
326.2
542.2
9040.9
617.8
423.2
8677.9
394.4
425.1
10974.2
8281.0
322.1
321.2
337.4
335.7
9259.4
322.0
9025.3
321.0
321.1
325.7
9528.7
324.0
350.0
355.5
319.9
10733.4
320.8
321.6
10599.6
320.3
320.8
321.1
477.1
400.7
10511.5
466.6
557.5
8514.2
546.2
536.0
551.2
10720.3
449.7
434.5
10244.9
320.7
320.2
10264.7
440.7
413.9
9343.6
10048.9
625.9
527.5
522.6
684.3
597.8
609.7
441.8
445.9
485.6
590.7
612.7
10602.1
696.2
412.9
509.7
10449.9
543.6
320.4
337.9
338.3
320.0
319.9
9724.7
321.1
419.4
438.2
415.1
8810.7
500.2
495.2
597.8
537.1
10042.8
7534.8
10856.3
10354.7
7531.0
8749.4
10312.3
9315.3
10851.6
8880.6
8801.6
7081.0
9598.3
10054.8
8155.0
8789.1
8823.2
6947.6
9707.9
9656.0
5807.6
6516.5
7382.8
6124.4
6249.8
