332.4
335.5
462.3
477.7
474.9
480.3
493.8
629.1
1408.6
713.6
847.1
1498.5
863.7
732.6
799.5
432.1
323.3
1890.6
321.6
477.5
530.1
468.2
526.2
2347.9
321.0
2527.1
319.9
2327.7
319.4
321.4
457.0
477.9
450.6
475.5
2908.3
320.5
320.2
2617.0
2948.4
321.4
321.0
2935.1
319.7
3101.2
320.6
2839.7
2796.0
320.6
2659.6
331.2
1831.5
2181.9
321.0
1410.5
331.3
320.4
1046.3
320.8
975.7
470.6
445.9
967.7
530.3
485.1
979.0
359.4
350.2
936.3
338.8
321.1
895.1
322.5
320.4
863.1
320.7
320.2
863.0
320.4
320.7
864.1
320.9
876.7
331.6
320.4
320.4
951.2
502.3
587.0
440.5
513.7
988.0
955.9
321.5
321.0
1022.3
443.0
520.2
511.7
449.9
1033.2
319.7
320.1
1037.4
321.4
320.1
321.2
1350.0
1167.2
1150.5
375.4
360.2
335.8
320.0
888.0
367.5
347.2
973.5
411.6
395.8
377.8
926.1
412.8
1169.1
1052.7
320.5
320.1
343.7
463.3
485.9
320.3
1148.4
370.8
950.8
1090.1
322.2
917.2
323.7
321.1
407.9
862.2
402.3
448.1
903.6
323.3
408.0
322.5
934.4
342.1
866.4
410.9
421.6
347.6
1073.1
368.9
327.3
1026.4
360.4
910.1
321.9
321.5
876.7
324.2
320.6
861.3
366.4
321.0
865.1
357.8
862.1
320.1
320.5
320.2
863.5
366.7
434.5
392.4
886.3
886.7
320.6
320.9
870.3
320.3
331.6
328.1
13.4
908.3
334.6
371.4
375.5
319.9
1058.7
344.6
1264.9
1032.2
332.3
348.7
1008.5
321.1
320.0
878.8
348.7
394.9
412.3
962.1
376.4
362.1
1042.8
400.5
336.4
488.0
487.9
617.0
1281.8
467.0
1545.3
435.7
520.2
661.8
622.0
672.8
477.7
543.3
320.3
2135.4
1961.3
320.0
1902.5
2127.0
412.8
395.3
330.0
2282.6
1750.3
412.8
343.6
441.2
320.5
414.8
659.8
536.2
476.3
2081.7
359.5
2057.5
320.6
322.9
320.8
320.5
2587.5
2509.6
2369.1
321.2
321.1
320.3
2784.6
2341.7
320.4
324.7
2429.4
320.1
2167.2
1784.5
343.1
1358.8
1133.8
467.9
392.7
409.9
320.5
319.4
1234.4
1134.2
320.9
402.9
447.3
389.9
1200.1
381.5
328.9
384.9
1341.8
548.1
617.2
539.0
685.9
1706.9
1454.4
626.9
513.6
562.6
405.7
492.5
1723.8
321.2
457.1
2167.5
641.2
328.2
583.9
2161.4
2265.5
321.3
1459.6
2297.5
2036.8
321.9
321.2
321.3
322.3
1186.7
1037.1
319.7
320.2
963.3
940.6
329.7
321.9
384.4
497.1
536.8
566.3
525.8
1197.4
566.0
370.6
1192.2
1347.1
364.0
456.5
1316.7
517.6
352.4
492.4
508.4
438.4
375.6
1382.8
320.5
1384.6
1255.4
321.5
1297.6
354.2
528.8
541.1
1159.8
390.4
379.0
321.2
1083.7
333.2
1309.3
320.5
320.6
1318.6
376.3
426.8
1371.3
401.1
437.1
320.2
1477.5
1217.9
319.2
1131.6
320.2
320.8
860.8
320.4
862.6
351.5
409.1
456.1
400.6
387.1
1033.1
320.6
906.4
319.7
321.4
320.4
1064.5
864.3
320.6
320.6
937.3
320.4
867.1
333.1
384.7
493.7
532.6
557.0
505.4
441.7
1225.0
320.0
1208.8
320.1
1281.6
996.9
321.9
321.3
860.7
320.7
370.8
342.8
340.7
949.0
1108.2
321.1
323.4
320.1
330.6
1250.6
320.5
865.0
320.7
379.6
1089.4
455.3
709.0
702.5
613.0
609.3
550.9
1330.7
320.2
1509.6
321.9
320.5
1618.4
1498.7
320.5
1098.9
955.8
397.9
320.3
480.4
320.8
397.1
1012.8
320.9
936.0
432.0
379.0
465.5
430.2
351.9
1634.4
1540.0
1496.0
324.2
324.5
320.2
1344.4
321.0
884.4
321.1
865.1
320.1
321.5
860.1
320.4
423.7
492.2
564.9
540.0
453.2
948.6
359.9
374.3
360.4
323.4
1525.7
321.6
319.8
1461.4
1862.6
320.3
320.9
1660.0
1243.1
320.5
1125.9
320.4
938.1
320.8
321.2
860.6
320.6
321.3
321.2
867.1
319.4
920.8
414.6
505.2
593.4
540.2
406.7
387.1
1196.6
319.8
1261.0
321.5
320.0
1379.0
1090.3
320.4
913.6
320.6
321.0
320.8
330.4
870.8
866.5
457.5
391.1
471.0
388.6
336.5
1106.4
928.6
320.2
1077.9
320.4
323.4
321.4
860.5
320.6
865.4
392.0
348.6
411.7
407.7
464.4
995.2
405.6
451.8
1008.5
1073.2
413.2
320.5
863.4
530.7
553.0
544.9
666.9
623.2
1144.4
466.5
324.8
393.0
425.8
375.3
1541.7
485.6
479.4
500.9
1973.6
493.4
1753.6
1771.4
323.5
1391.7
1615.3
323.8
323.7
421.7
407.3
320.1
1437.0
1232.9
1113.8
321.6
883.1
384.5
321.2
394.3
872.2
328.5
414.3
386.2
319.9
1093.4
320.3
1088.9
956.1
361.6
323.0
367.8
319.8
863.8
319.7
865.0
321.1
321.6
866.8
424.7
523.3
554.7
613.9
372.5
322.8
1159.2
321.7
1320.4
1497.7
320.4
1073.0
324.0
333.1
861.5
420.8
871.0
441.2
379.8
502.7
357.6
862.7
320.4
873.5
321.8
336.7
329.3
1004.3
967.5
320.3
462.2
568.9
367.7
441.0
948.6
902.9
319.5
319.6
400.0
357.4
431.8
1053.6
320.0
327.6
324.3
1125.3
1377.9
1014.3
470.2
367.8
600.4
1145.4
697.2
542.0
550.6
538.2
1243.9
604.2
537.8
645.1
412.7
320.4
1770.7
321.0
434.7
1951.9
484.7
529.1
2053.9
467.5
533.9
403.3
362.9
2253.9
377.5
321.1
369.3
2050.4
2385.8
319.6
322.1
2320.6
323.8
397.9
2613.2
320.6
2301.9
2145.6
321.4
1391.8
1950.1
1184.8
323.8
320.4
321.2
861.2
382.5
320.1
874.9
422.5
432.1
340.4
456.3
1038.5
321.5
320.3
1114.8
382.1
346.8
1156.7
361.2
321.0
1115.2
353.7
525.6
1149.3
394.8
321.9
1013.9
1468.3
577.8
959.5
828.4
727.1
824.8
1486.0
910.6
778.7
594.1
415.1
1737.8
1685.7
2039.3
424.4
1236.1
320.9
988.3
322.1
320.4
321.0
863.4
861.9
334.9
473.8
465.9
330.2
384.6
1005.8
493.1
485.5
544.6
510.2
371.9
326.9
1391.0
320.0
320.4
375.7
1674.8
554.8
553.4
476.4
1980.5
461.8
320.4
2236.6
321.0
1957.2
2043.2
2074.2
1906.9
319.4
439.5
1192.3
445.2
518.0
417.0
420.5
323.1
1040.1
1219.9
321.4
320.6
1235.6
320.1
902.5
319.5
320.8
321.1
995.1
868.7
319.9
320.5
891.8
320.7
359.3
363.2
399.1
861.4
320.7
870.5
321.1
320.4
862.8
365.0
321.1
386.4
863.8
352.2
957.8
320.0
954.4
321.4
320.4
320.0
863.1
322.8
321.2
863.3
342.0
342.0
320.1
320.0
885.6
405.4
923.9
882.4
319.3
320.4
320.9
860.7
429.6
429.9
863.7
322.9
322.2
871.8
331.0
403.8
887.1
419.3
419.2
320.8
320.9
960.9
865.1
322.2
320.3
967.9
319.7
362.0
874.5
356.3
862.5
409.4
329.6
412.9
321.0
953.5
499.5
441.8
552.5
447.1
506.3
1283.0
320.1
382.2
390.9
1681.1
322.6
1773.1
1501.7
320.7
320.3
1724.5
321.6
320.4
1114.9
1091.2
320.8
332.1
987.9
324.0
319.8
898.0
386.5
339.7
915.8
412.2
367.3
320.8
894.1
320.3
324.9
321.0
1079.4
321.8
320.7
1167.3
975.0
320.3
321.0
1077.8
332.3
319.6
886.8
428.4
469.7
359.6
863.0
320.7
330.9
1012.0
990.5
320.1
414.6
335.9
433.7
873.3
874.7
320.5
320.3
319.7
862.0
359.4
456.6
864.1
459.4
465.7
873.2
319.4
321.4
864.1
320.8
862.4
320.3
320.9
321.3
860.8
327.8
320.5
342.5
335.1
352.3
319.3
1090.2
349.6
1178.6
321.9
319.5
1487.3
1393.6
1181.3
320.2
320.5
320.6
865.3
360.1
390.5
438.7
474.1
945.9
436.9
440.3
359.6
358.8
389.3
1417.8
411.6
396.3
1638.7
421.5
419.2
331.3
1791.9
322.6
1757.5
1574.0
320.1
1687.5
320.5
320.5
1522.5
366.7
319.8
1042.1
364.8
1032.9
1010.8
320.9
454.7
453.4
902.9
369.2
602.0
595.1
567.5
1025.3
544.8
1081.0
1205.7
