332.3
331.9
332.1
364.0
358.5
1040.2
384.5
917.8
320.6
416.0
617.3
1344.0
661.9
726.4
605.9
613.6
1338.2
1183.5
1213.9
320.7
319.5
934.0
321.1
351.7
396.4
397.7
1088.4
319.2
875.1
319.7
318.9
1074.3
320.1
884.2
325.6
388.1
920.9
335.3
394.5
336.6
867.8
895.2
321.1
861.2
321.2
320.4
319.8
860.8
320.8
320.8
322.4
860.9
876.1
320.1
319.6
319.3
321.2
861.4
321.1
861.6
395.4
366.7
435.4
323.5
895.0
895.6
319.9
319.9
319.6
862.5
322.0
862.8
320.2
320.0
877.4
319.8
320.3
319.7
874.3
318.0
876.8
319.9
320.1
333.5
862.7
385.4
327.1
925.8
415.5
352.9
878.7
948.4
322.8
319.5
319.1
892.0
437.8
332.1
462.0
887.4
319.9
893.3
321.6
321.4
319.9
866.5
320.0
874.8
319.9
320.5
319.3
319.8
885.9
318.8
869.6
321.2
343.6
338.9
895.6
344.5
343.0
871.8
344.1
894.0
319.4
333.4
320.6
320.4
1017.1
323.2
867.9
320.4
1047.3
320.6
926.3
320.5
321.6
860.7
374.4
319.6
374.0
871.3
318.9
320.6
868.4
321.6
318.9
861.6
320.7
373.9
867.6
318.8
358.7
863.8
323.6
323.1
861.1
320.0
877.3
321.0
321.1
321.6
861.1
319.7
866.3
320.7
320.5
321.3
862.9
327.3
861.1
319.6
332.4
320.0
321.6
862.8
335.6
875.8
321.7
861.4
321.3
320.8
321.0
909.5
320.4
963.7
370.5
377.1
451.9
323.5
863.4
353.8
877.2
321.0
319.9
895.1
319.6
867.7
320.9
424.2
413.7
872.5
444.5
408.0
867.7
320.8
347.2
348.7
874.0
866.0
345.6
330.6
349.5
331.1
319.9
966.6
941.2
345.6
380.8
423.3
509.5
1055.6
395.7
321.5
1031.6
1173.1
320.0
1058.8
320.1
861.3
322.7
320.8
321.9
322.2
885.7
356.7
537.1
614.5
866.0
922.7
366.4
326.3
431.2
320.6
374.4
899.2
884.6
320.3
886.2
320.6
321.6
320.7
861.5
320.0
869.1
333.7
320.4
321.1
862.4
320.7
319.7
860.8
319.9
868.2
320.6
331.5
319.0
363.6
872.5
904.4
321.6
532.3
863.4
323.9
377.3
383.9
867.5
321.3
337.7
874.6
321.7
320.0
868.4
415.3
474.7
602.0
595.1
875.0
1012.9
319.8
319.6
1018.2
320.1
320.9
979.8
361.0
964.1
375.9
377.5
430.6
320.0
861.0
319.9
865.1
321.1
860.9
320.5
320.1
320.5
866.3
870.7
321.4
383.5
385.7
872.3
320.0
320.2
331.8
938.7
460.7
413.6
340.8
320.7
1002.1
319.7
320.8
1130.7
978.4
320.9
322.1
319.9
319.7
931.0
889.3
320.5
320.6
319.9
905.2
319.5
871.9
872.9
320.4
320.8
320.0
365.5
359.7
320.5
869.1
1001.1
321.3
325.3
320.1
992.3
321.3
862.5
320.2
320.8
880.7
321.5
324.6
319.6
861.5
867.4
320.4
863.0
327.5
325.9
339.8
860.9
320.6
321.7
337.2
329.5
867.0
338.1
898.7
321.0
331.8
882.7
325.8
321.4
879.2
320.1
863.3
321.4
320.7
868.2
320.1
320.6
320.5
372.5
472.2
1064.1
462.5
363.1
1070.5
1114.3
320.6
320.1
1003.6
863.8
320.0
321.6
861.3
332.7
382.4
390.8
320.4
870.9
330.0
866.5
320.3
320.6
331.8
861.9
321.2
867.0
320.7
321.2
389.2
925.6
418.6
355.1
395.8
330.8
898.6
321.3
320.6
1051.1
1007.7
328.2
319.9
871.2
865.7
320.1
321.3
323.2
323.0
890.4
328.9
320.2
915.8
320.8
320.8
899.1
421.3
319.4
422.9
875.5
321.1
864.0
323.6
865.2
378.3
332.0
321.8
861.0
320.2
867.0
320.0
319.7
862.2
319.8
320.8
320.2
338.9
321.2
966.0
320.3
319.9
879.7
320.9
978.6
320.2
319.2
871.4
321.6
864.3
322.3
320.8
867.0
321.0
321.0
861.4
322.7
323.0
862.5
320.8
862.8
321.7
331.9
321.0
862.2
868.4
320.2
319.9
471.0
446.3
475.8
863.1
433.5
868.0
320.3
320.7
862.3
321.1
321.4
868.5
321.1
863.4
319.5
321.4
323.1
863.6
322.1
322.0
874.9
321.0
320.6
322.1
320.2
873.8
865.6
321.5
860.8
322.1
863.3
321.7
320.4
320.4
860.7
321.0
324.0
362.5
357.9
872.8
319.9
866.2
331.7
319.7
873.5
869.1
321.6
323.6
860.9
320.9
322.1
407.6
481.2
421.1
436.0
959.3
970.0
320.2
993.9
384.4
321.2
371.2
899.1
320.9
320.5
881.9
367.6
373.7
864.4
865.5
321.6
320.6
321.1
321.4
319.5
861.0
320.0
983.7
872.9
321.4
320.0
320.8
320.2
862.7
867.6
469.6
419.7
478.4
407.5
873.8
320.8
321.2
889.1
320.7
320.8
862.8
323.2
865.3
320.5
861.1
321.8
320.2
321.9
861.8
454.1
432.3
563.2
767.3
866.1
864.8
324.2
320.7
866.9
320.4
861.8
320.9
321.0
862.3
321.2
329.0
320.8
335.0
320.9
863.1
330.5
878.6
377.3
360.8
861.4
336.1
319.7
866.4
363.1
364.6
401.8
320.4
1031.6
943.5
1036.0
320.8
320.0
880.4
476.8
490.5
465.0
464.1
879.9
320.3
320.3
862.8
867.7
320.8
323.7
325.2
340.2
323.7
319.3
877.7
1063.0
344.2
321.7
372.1
343.9
1166.1
320.4
987.7
320.7
1014.0
320.5
866.1
323.4
320.2
381.5
418.9
352.6
1058.7
321.3
1003.9
321.1
988.8
897.4
321.8
323.2
331.2
320.4
863.9
20.1
320.9
866.3
322.3
861.8
320.9
321.2
861.8
320.1
863.0
321.1
320.5
321.1
861.5
320.5
320.4
330.9
320.8
963.1
324.1
331.5
979.9
320.2
875.5
321.0
320.3
868.2
320.1
321.5
881.7
321.2
868.3
320.0
320.6
319.9
882.3
320.0
867.0
400.6
320.6
612.2
570.2
568.4
521.7
471.2
1240.6
1285.7
1241.7
321.5
1144.3
320.7
320.8
320.4
862.6
323.0
320.6
862.2
866.7
322.6
320.9
331.4
320.7
867.5
321.0
319.8
879.6
525.1
431.1
494.5
412.1
862.6
876.9
322.0
320.5
882.9
320.2
320.3
898.6
321.0
378.0
382.6
320.5
319.6
1165.3
1248.9
966.4
411.9
320.9
874.3
320.7
361.5
321.5
367.7
320.4
1009.1
996.3
321.8
1055.0
331.1
320.3
321.0
862.2
320.9
321.7
895.3
320.5
320.0
862.5
322.4
862.5
320.1
319.5
404.2
862.4
370.5
379.6
878.7
319.9
320.3
862.4
320.7
870.0
319.6
320.3
322.2
331.4
861.6
879.0
320.6
322.8
321.3
867.0
336.7
319.9
868.2
330.9
320.7
874.4
320.4
331.2
866.6
320.9
861.2
320.5
320.4
319.9
861.1
320.2
320.7
864.0
874.8
320.9
320.7
320.6
861.5
321.0
320.2
320.5
906.2
321.0
893.0
322.2
330.7
866.1
320.2
320.3
862.1
325.7
321.4
320.1
865.8
320.3
321.9
321.8
863.4
328.9
875.6
351.3
532.8
510.2
342.3
320.7
1188.9
1065.9
978.2
320.5
376.0
370.0
862.6
320.5
320.2
861.0
320.6
321.9
874.0
322.8
891.8
322.0
322.3
860.9
331.5
319.8
866.5
350.6
324.5
364.2
862.3
320.9
867.5
320.3
320.8
874.9
320.2
321.0
321.5
867.7
320.4
873.2
320.9
320.3
320.1
862.2
328.8
331.2
323.0
882.7
321.0
894.8
320.0
322.0
867.2
321.0
367.0
861.2
319.5
366.9
867.9
861.0
331.9
331.3
863.1
320.6
320.5
359.8
368.9
862.1
877.4
320.5
320.3
320.9
320.9
872.8
320.2
320.6
873.5
868.0
320.5
361.1
353.6
319.9
862.3
320.2
420.1
876.5
426.2
321.8
863.1
321.3
877.5
320.3
323.5
320.9
866.4
321.5
321.1
320.1
1008.1
319.5
906.8
335.6
332.3
997.7
321.3
321.3
902.5
326.9
331.6
871.7
321.0
320.3
333.2
331.2
868.1
864.1
321.3
321.2
866.6
321.0
320.4
862.3
320.3
866.8
320.5
324.7
320.3
864.5
323.8
322.1
862.6
320.8
878.0
321.1
456.5
419.7
598.2
469.1
862.8
876.4
