331.7
333.6
335.3
321.1
873.9
332.1
331.6
878.1
322.1
322.1
876.2
457.2
466.0
476.8
481.3
423.6
1055.4
1098.9
1032.9
323.7
329.7
861.4
320.3
399.3
336.6
873.1
411.9
372.6
867.8
330.1
335.3
861.9
868.4
321.0
320.7
323.2
331.9
337.4
329.0
965.8
881.5
970.5
320.7
321.9
322.4
323.9
862.2
868.5
323.4
322.6
333.8
873.3
321.9
321.5
320.9
873.4
321.3
862.8
321.9
883.8
353.0
458.6
460.4
364.0
874.3
875.2
323.8
321.0
321.7
863.2
322.7
321.5
861.4
321.2
869.1
323.2
322.4
321.5
322.2
867.1
321.7
890.0
372.9
433.3
878.5
321.2
320.8
332.9
321.1
861.0
323.1
867.8
320.9
861.5
321.5
334.4
370.7
861.7
379.2
333.7
867.0
320.7
320.4
861.4
320.2
877.8
320.9
862.1
323.4
321.1
334.7
320.9
862.1
331.4
864.1
320.3
320.7
320.3
862.3
320.5
876.0
322.6
320.8
860.2
320.5
331.6
859.2
344.7
319.9
342.4
865.4
320.3
340.1
862.1
861.1
321.1
330.8
872.9
321.2
320.5
321.1
896.8
319.7
321.3
320.0
859.8
320.3
320.0
873.4
320.2
330.6
874.0
321.6
872.6
323.0
321.0
319.9
861.6
860.3
321.6
320.9
320.0
862.2
320.7
860.5
320.5
320.5
321.5
862.1
321.0
862.2
321.7
321.8
331.1
321.4
860.3
320.0
877.5
320.7
873.8
321.7
320.0
320.7
319.8
862.1
335.1
342.3
869.6
323.5
324.5
887.4
345.4
885.8
320.9
322.8
320.8
861.2
876.3
320.6
330.7
345.8
325.8
348.3
861.1
865.0
320.0
320.5
320.0
862.8
864.8
321.5
320.4
326.0
320.1
876.9
320.0
873.5
319.8
398.0
419.7
397.0
935.6
412.0
903.2
320.7
331.0
971.3
321.0
861.3
320.7
321.6
322.0
862.2
320.2
320.1
864.8
321.1
332.2
876.0
873.9
320.9
321.3
323.7
320.7
861.1
320.4
863.1
320.3
326.9
322.0
862.4
865.7
320.3
320.9
862.5
321.2
319.8
860.7
320.1
319.7
320.9
861.3
320.6
878.2
320.4
320.6
332.9
329.9
860.9
319.8
867.0
320.2
861.5
328.2
320.3
321.5
320.6
874.0
322.3
332.1
862.5
321.8
862.7
429.6
384.2
521.8
448.7
879.8
925.4
320.2
321.8
331.0
888.1
321.1
321.9
863.4
866.4
322.9
419.2
402.9
320.5
861.3
320.6
876.5
321.3
323.7
321.2
862.3
326.4
865.8
320.0
321.1
331.9
874.3
885.2
321.0
320.2
352.2
320.4
862.4
345.3
321.7
865.3
320.3
320.5
860.8
320.3
865.3
392.4
358.5
418.2
861.4
320.0
323.1
325.1
867.7
320.7
871.9
321.1
876.2
319.9
320.9
862.1
331.7
426.0
417.8
862.8
320.6
866.3
328.5
319.8
321.3
875.0
865.0
320.1
319.7
320.4
862.1
321.2
321.3
331.3
862.3
865.4
321.8
321.7
321.6
321.1
870.9
878.9
320.3
322.5
323.0
323.1
861.3
321.1
321.0
876.6
319.9
331.4
862.8
320.5
321.4
861.1
320.2
866.0
321.5
320.2
862.1
321.9
320.2
320.4
861.6
324.1
321.2
320.9
864.9
320.1
879.4
322.0
862.1
320.9
861.1
320.8
320.2
321.6
321.2
320.9
880.1
319.8
876.9
870.2
333.0
320.4
320.8
320.3
861.2
320.1
866.3
320.2
321.7
320.3
901.8
331.4
319.3
332.6
864.4
321.1
906.2
322.2
877.8
320.0
320.5
319.9
861.0
323.1
861.8
321.2
331.3
320.2
862.8
321.2
321.7
864.7
320.8
320.7
321.2
320.7
972.7
895.7
325.3
321.3
1012.4
873.9
320.0
321.3
320.1
862.7
320.6
861.2
320.9
320.2
863.0
321.2
320.1
497.7
427.6
874.1
321.4
556.9
320.8
877.7
862.3
319.9
321.2
320.8
866.1
320.8
863.4
322.4
320.1
860.7
320.3
321.0
866.7
320.8
862.6
321.4
320.5
862.2
321.7
320.8
320.5
331.2
873.6
320.5
862.3
320.7
321.2
371.2
368.0
872.0
864.4
320.9
331.5
863.1
320.8
320.8
861.6
320.8
862.5
321.5
320.4
360.5
863.1
320.6
331.4
875.4
321.1
332.3
321.0
863.0
320.9
320.9
866.5
863.0
321.5
321.2
864.5
320.8
320.8
320.3
861.0
321.6
320.1
331.1
874.4
320.3
875.1
331.3
320.9
319.9
860.8
321.3
861.0
331.7
321.3
860.7
423.7
447.7
398.8
387.8
876.0
862.0
319.7
884.0
321.0
333.6
321.3
331.9
861.3
352.0
322.0
383.7
865.9
362.5
861.8
321.1
862.3
319.7
320.4
321.1
875.8
321.1
320.7
864.2
319.8
860.9
320.8
322.8
332.9
861.9
331.2
320.4
328.6
860.9
865.7
320.2
320.9
871.6
319.8
320.4
333.0
861.1
321.3
320.3
864.5
320.5
321.2
861.3
462.9
924.5
540.5
454.1
518.0
962.6
1006.6
320.1
320.4
861.0
319.8
320.5
862.1
321.0
330.8
861.1
321.6
320.2
332.0
320.3
862.5
321.3
320.3
864.1
321.5
321.1
863.6
320.5
875.1
426.9
319.4
433.5
868.6
320.8
320.7
874.2
320.6
320.8
862.7
321.9
331.6
323.4
861.3
864.6
321.6
320.2
320.3
878.0
860.8
320.8
408.6
340.8
412.4
868.2
320.8
320.8
874.7
321.2
319.7
320.1
865.3
319.7
882.6
320.1
876.3
320.7
321.0
320.2
860.6
345.6
320.1
862.5
349.4
321.2
870.2
320.0
862.2
321.9
319.9
861.3
320.8
322.4
864.7
320.3
320.1
873.0
321.7
319.6
861.4
321.0
861.0
320.8
320.8
320.2
861.3
330.7
320.7
861.7
320.4
332.0
320.2
872.2
321.1
320.3
885.3
321.1
862.6
320.5
321.6
321.1
321.3
862.9
320.7
884.1
320.4
320.5
873.1
332.1
866.7
320.6
860.9
330.2
322.2
351.9
418.8
326.5
408.3
321.0
1061.1
963.7
321.0
1083.3
321.9
862.4
321.9
320.7
861.3
320.3
321.5
860.2
320.4
863.0
321.8
332.1
320.2
331.2
873.4
321.7
324.7
333.3
331.5
1133.1
320.0
938.4
1086.3
320.1
319.3
875.5
320.2
320.5
872.2
331.1
433.0
430.0
874.8
320.8
320.7
871.9
865.8
319.7
320.0
871.3
321.2
320.9
320.3
320.0
861.7
321.0
320.4
864.6
321.4
862.9
320.1
860.8
320.1
321.2
320.9
863.3
320.8
321.3
875.7
337.2
864.1
320.2
321.3
323.9
320.9
320.0
861.8
901.9
321.3
320.3
320.2
860.7
321.5
866.0
320.1
321.5
331.2
860.9
864.7
320.2
320.3
320.6
860.7
320.3
862.0
320.2
321.5
356.9
320.3
862.6
325.7
321.0
873.8
321.0
866.5
320.0
320.1
862.3
320.4
321.0
323.6
861.1
322.1
862.0
324.0
866.7
322.4
331.7
321.2
324.1
873.8
329.4
322.1
865.3
862.6
321.3
320.4
861.3
320.9
320.6
320.6
861.7
323.4
332.9
326.0
860.8
320.2
866.0
362.4
320.4
363.3
325.0
322.0
881.3
895.4
893.1
321.2
320.2
320.3
862.6
321.5
320.9
320.1
863.4
321.4
874.0
322.3
319.8
861.5
320.7
323.2
321.1
861.0
875.8
319.8
320.2
320.2
319.2
862.5
320.0
332.4
860.7
320.4
321.9
866.0
320.6
861.0
320.8
864.8
320.8
321.1
320.6
860.3
320.7
379.4
380.0
869.3
320.0
322.8
865.1
320.8
872.7
320.0
321.6
861.2
323.7
332.3
866.2
320.1
321.4
321.3
873.9
860.6
331.0
325.2
331.9
320.3
866.3
321.2
861.0
320.9
320.2
862.5
319.7
863.5
331.8
320.8
321.1
320.4
875.0
320.9
320.9
874.3
320.8
320.3
860.9
368.5
864.6
320.2
873.2
319.9
319.3
320.2
861.3
321.3
323.6
321.1
861.0
321.0
332.0
867.0
321.5
331.4
864.7
321.2
324.0
320.7
861.3
878.0
320.5
321.1
321.2
330.3
861.3
865.4
320.7
320.1
862.0
320.1
319.8
320.5
863.8
864.6
320.4
320.8
320.9
861.0
321.9
320.9
331.2
861.8
352.9
326.7
867.8
412.9
375.3
327.3
873.0
876.3
