332.3
320.8
332.3
871.0
863.3
321.6
332.9
320.7
873.3
321.0
860.6
322.7
322.0
331.6
331.7
884.0
322.1
332.4
866.5
861.5
335.4
334.7
875.7
322.3
332.3
321.0
322.4
875.2
873.8
321.6
321.5
321.3
863.0
320.8
863.4
320.9
322.7
322.0
321.8
862.6
321.5
861.5
322.4
860.9
331.8
322.0
872.4
322.4
322.0
873.1
321.8
332.8
872.3
320.4
373.8
871.8
332.7
320.0
321.3
861.1
332.9
332.7
331.4
873.2
878.6
321.1
322.6
864.4
323.0
322.1
863.6
322.3
321.9
861.1
320.6
332.6
875.0
321.1
321.3
874.9
321.3
348.7
874.2
320.7
332.3
872.4
320.7
320.9
321.1
861.1
321.4
872.1
321.9
332.7
873.0
322.2
321.7
863.6
321.2
320.8
871.8
321.5
321.0
333.4
872.8
320.7
874.4
322.9
332.0
332.3
320.8
862.4
321.3
871.9
320.8
321.1
332.7
860.8
332.4
874.3
323.5
322.5
874.9
322.8
331.7
323.0
872.6
333.2
864.0
321.1
880.6
322.5
321.0
874.2
320.8
321.3
874.2
331.4
332.3
321.5
862.0
321.7
321.8
872.2
333.0
874.4
321.2
334.0
321.1
873.6
320.8
862.4
332.7
332.1
326.6
320.1
861.0
873.4
323.8
333.3
320.8
872.4
346.3
861.9
333.3
322.1
872.3
321.2
321.0
860.9
332.4
333.0
320.5
873.3
321.5
862.9
321.7
332.5
337.1
872.0
320.6
333.2
861.9
322.5
872.2
331.8
321.4
322.9
861.2
321.4
879.3
322.3
335.2
872.6
320.7
332.2
872.2
321.1
320.6
873.9
332.1
333.7
332.7
321.0
871.1
332.7
872.3
336.2
322.7
862.8
332.2
321.0
331.9
874.3
322.8
872.2
321.0
861.0
320.8
323.8
333.3
321.6
863.3
321.7
877.3
323.6
881.4
323.3
320.6
872.9
334.8
333.4
872.0
332.7
320.4
863.6
320.9
320.9
321.7
872.7
322.2
332.8
860.8
321.7
321.5
342.6
886.9
862.6
325.4
321.2
332.5
864.2
321.5
321.1
862.9
331.4
322.3
872.4
334.0
860.8
324.4
334.3
867.3
322.4
320.7
335.5
867.6
321.8
874.7
321.2
332.4
323.5
861.0
322.8
322.1
874.2
334.7
860.9
321.2
322.4
321.0
860.9
320.6
336.4
407.5
407.3
872.6
332.2
876.9
321.8
861.8
321.0
861.5
326.1
323.1
873.3
321.3
332.4
321.2
322.5
862.1
873.8
321.1
321.9
874.6
332.0
333.4
321.3
874.4
322.0
908.5
334.6
332.2
321.7
862.0
321.3
874.0
321.4
321.2
331.6
862.4
332.2
872.3
321.0
321.0
861.6
326.4
321.7
332.7
320.6
862.5
876.0
321.4
322.4
324.1
332.3
862.7
873.9
321.5
331.3
886.6
331.8
322.7
333.2
334.4
873.2
320.9
877.9
322.6
863.4
322.8
321.9
321.2
863.0
16.1
861.0
321.1
332.8
321.4
863.0
320.8
872.7
321.3
331.9
863.5
321.8
332.1
321.7
860.6
322.5
321.4
872.3
331.7
321.7
873.1
321.2
862.9
322.9
321.9
872.5
331.7
334.2
863.7
321.4
321.3
872.9
321.5
322.7
321.4
321.5
862.2
872.5
333.5
331.5
322.4
883.4
322.8
863.0
321.5
321.3
874.6
333.0
322.7
872.1
331.9
333.9
876.1
333.0
324.1
861.0
320.7
332.9
861.0
323.9
332.8
872.1
334.3
322.5
863.2
322.7
321.4
333.2
872.7
321.4
319.9
888.4
320.9
861.3
322.3
331.7
873.9
320.5
323.2
872.8
334.3
320.6
873.0
322.7
333.1
875.3
322.3
322.1
873.8
334.9
322.4
863.9
321.1
321.5
320.0
862.4
321.8
862.2
321.9
333.1
320.9
873.7
382.2
871.8
320.8
331.9
872.2
322.5
331.5
862.7
341.9
321.5
332.0
331.9
874.0
877.6
321.1
332.0
321.6
864.0
324.2
322.3
861.5
322.9
874.1
333.5
320.8
323.2
874.1
322.2
321.0
873.8
332.0
332.3
877.8
332.0
874.3
321.0
323.2
876.6
333.2
335.4
875.3
333.3
332.0
322.2
862.2
332.5
321.4
320.8
873.5
874.5
332.7
332.8
861.6
339.8
321.2
334.0
322.8
875.4
333.6
876.7
327.4
321.2
862.8
322.3
865.9
333.7
321.3
323.0
872.3
320.6
861.7
321.8
332.8
874.1
322.0
321.5
876.7
322.7
320.6
862.9
321.8
333.2
322.1
861.8
320.4
862.0
334.7
333.5
874.7
320.5
343.0
333.1
322.0
874.6
322.5
881.5
321.4
332.9
873.9
332.6
861.5
321.1
548.3
875.0
332.1
321.7
321.5
332.3
872.1
868.4
321.5
322.0
332.6
874.3
322.0
320.7
873.0
322.0
861.6
320.9
321.4
331.9
877.2
327.3
862.7
331.7
332.1
331.3
862.4
321.5
872.7
321.1
321.4
862.9
322.3
337.0
863.0
321.4
335.2
863.1
320.6
321.2
861.2
333.1
333.1
322.8
322.1
864.2
331.5
878.7
321.5
863.5
322.5
322.5
874.7
334.8
334.5
872.9
333.9
321.2
331.7
332.4
874.8
872.1
321.7
321.3
873.9
321.8
323.8
864.1
321.4
322.6
324.0
332.0
874.7
878.9
332.2
322.2
879.3
333.2
345.2
872.8
332.7
334.0
321.2
320.7
862.9
332.8
327.4
874.2
868.1
323.5
322.7
333.4
332.1
863.4
878.4
321.9
320.8
863.3
321.4
321.5
323.3
864.0
321.3
866.0
334.2
323.5
874.3
322.2
333.0
337.2
861.8
322.7
335.0
874.2
334.1
322.1
863.5
321.1
862.7
322.1
321.2
332.7
331.1
873.9
875.0
332.3
321.4
861.7
323.6
322.2
872.7
333.3
332.7
873.9
332.4
323.8
873.1
337.1
323.9
321.5
872.4
321.5
323.3
873.4
334.9
863.0
320.6
321.9
861.1
324.5
325.6
862.7
321.2
332.3
872.7
322.8
321.9
321.6
873.4
322.9
872.2
332.5
326.6
321.9
331.8
861.2
332.4
331.6
877.3
320.4
874.5
321.3
873.6
323.7
332.3
320.7
873.9
333.5
320.9
861.1
333.3
917.6
321.1
321.5
872.8
333.1
320.5
863.0
323.7
332.2
322.1
861.0
322.0
322.7
874.4
321.8
322.4
871.5
321.7
323.1
863.0
321.2
333.5
332.3
862.9
322.1
880.0
320.4
874.7
321.9
322.5
872.7
324.0
332.1
324.2
874.4
322.2
322.1
877.0
324.2
862.8
322.0
333.8
321.5
863.4
331.8
323.9
920.8
321.2
322.0
873.1
333.5
333.7
874.7
332.8
874.7
322.7
333.7
334.9
862.5
333.9
873.8
321.2
332.7
863.1
331.4
322.6
324.8
863.4
320.8
321.4
873.0
321.4
322.3
873.9
321.3
333.1
872.6
332.3
322.3
874.0
321.0
873.4
323.1
321.1
888.0
321.5
322.5
861.3
321.1
343.9
323.8
871.8
432.1
874.3
322.3
332.2
355.4
863.0
321.4
321.7
860.8
327.2
861.9
321.2
321.6
873.8
321.6
320.9
861.8
321.9
326.7
321.5
862.0
321.6
322.9
331.9
873.6
863.2
321.0
321.6
321.0
862.7
332.8
333.4
877.0
322.0
873.9
321.7
322.2
332.3
861.4
321.5
924.6
320.8
334.8
321.9
874.2
333.1
863.8
321.3
322.1
882.4
321.2
321.1
334.8
873.3
321.8
322.3
321.7
873.4
861.6
331.3
322.7
882.5
321.5
322.4
861.3
333.5
321.5
321.8
874.3
332.4
357.3
892.0
322.0
322.2
332.9
873.3
881.3
332.6
342.4
321.0
861.8
321.3
333.7
872.6
333.2
320.9
332.0
862.1
872.7
336.2
333.0
872.9
333.6
322.1
334.0
862.6
321.0
872.1
321.4
321.3
321.1
333.1
872.6
322.0
872.9
332.4
863.6
321.0
332.1
332.0
873.3
321.4
874.7
335.7
333.4
320.8
875.0
342.3
320.8
863.3
320.7
874.7
332.9
321.4
863.1
320.7
332.0
877.7
322.9
321.1
861.0
321.4
330.6
863.0
321.7
324.2
322.1
861.0
322.8
321.2
873.9
320.9
321.1
323.3
872.5
321.2
863.7
320.4
862.4
331.9
333.1
862.6
321.3
353.3
429.1
874.6
321.9
322.0
861.5
330.0
881.1
321.4
320.6
335.0
324.3
861.8
320.2
877.0
321.5
