381.6
422.2
559.0
876.8
1148.7
1243.0
1022.7
1552.6
1591.8
1393.4
1409.6
1477.0
1490.6
1664.2
1889.4
1832.0
1336.6
1084.3
2483.3
1327.6
1661.6
1356.7
1499.4
1430.8
1292.3
1339.7
1110.5
1753.8
2992.7
3248.6
1167.4
1285.8
1502.1
1182.9
2848.2
2181.0
1411.7
3156.7
3364.1
1581.9
2587.4
2136.9
1758.2
3746.5
1404.7
1251.4
3182.0
1484.3
976.1
951.9
3554.1
1631.9
938.9
3313.4
981.5
954.9
2964.7
824.7
949.3
1068.4
1077.0
785.8
2451.6
742.5
738.2
3166.1
582.3
351.9
382.6
2579.0
320.3
324.1
2547.4
331.6
399.8
2760.6
376.0
2587.8
426.6
2300.3
338.8
399.7
2074.6
1875.6
547.8
522.3
571.4
1686.7
565.3
634.5
333.4
336.6
1612.1
492.3
1703.7
693.9
636.4
589.9
1595.4
836.0
734.6
687.9
675.7
560.7
416.1
2051.5
429.2
2112.5
423.3
734.5
775.7
2021.8
646.2
2578.4
888.6
818.7
990.7
738.6
797.9
1914.9
553.9
724.0
820.9
840.3
2304.1
819.9
633.2
781.2
710.7
2230.2
321.6
320.9
2398.9
2594.4
328.0
442.5
2361.2
482.4
2553.3
961.6
591.4
441.5
2337.6
665.0
763.3
732.8
609.6
714.6
757.4
414.8
547.1
459.3
2620.5
2318.0
324.3
2248.7
532.4
569.1
375.8
2165.8
375.1
327.8
429.1
423.3
2725.1
1914.1
2500.6
334.8
321.7
1788.5
539.5
475.1
528.0
1839.2
464.1
1830.6
1502.0
1262.0
320.4
451.2
386.8
455.9
926.2
427.3
446.5
966.8
746.9
765.9
847.4
976.5
714.7
713.8
432.1
499.5
1247.7
448.3
399.1
464.7
1309.4
514.0
486.2
573.0
1264.9
498.3
736.2
680.5
815.2
1897.5
1079.1
1354.3
1225.1
1343.6
1340.2
2494.7
1224.4
1117.4
1160.3
2460.1
1398.6
1331.0
1495.3
1311.8
1119.7
1236.2
935.0
3087.6
1211.4
3294.5
1547.6
1157.2
1562.0
3140.1
1447.9
1544.2
3679.7
1546.2
1393.9
1516.2
977.7
1628.1
3707.5
1957.0
1329.2
1404.5
1206.3
3757.7
1420.4
982.3
1153.6
983.0
891.5
706.5
681.0
3788.9
542.7
319.8
492.7
555.3
472.7
4140.6
659.7
4434.4
3895.1
511.1
4227.1
618.4
623.5
755.0
4052.6
779.0
890.2
863.2
1046.0
984.6
4385.1
749.3
1177.0
1421.7
1471.9
4178.5
1689.1
5018.9
4147.5
1377.9
1626.0
1143.0
1382.7
1550.0
1276.5
1258.7
1131.5
1464.7
1320.8
737.6
551.1
563.5
486.7
617.5
4933.1
4772.7
414.7
495.6
469.1
328.1
4992.5
324.0
4921.1
4425.2
4516.5
803.9
508.1
777.8
880.5
5364.9
949.7
786.0
651.1
723.9
679.9
790.8
5336.1
797.0
993.9
750.4
1063.1
1048.0
5048.5
802.0
493.5
471.6
5639.9
6276.8
448.8
615.6
692.4
526.1
526.7
721.0
615.1
727.9
718.5
763.0
759.8
670.6
826.5
693.3
568.7
6335.4
407.6
6850.4
4939.5
320.6
321.2
6565.4
6016.2
5937.1
358.2
6058.4
5355.4
423.9
428.6
585.5
647.4
606.7
636.9
580.5
451.4
498.1
448.3
6548.0
320.7
389.5
6498.1
320.6
360.5
668.9
7036.6
6193.5
614.9
852.5
714.9
6728.7
678.7
936.3
548.9
554.2
321.5
5040.9
6370.4
320.4
6835.1
6434.1
394.8
7951.0
660.0
683.7
562.3
636.2
6543.1
5517.4
496.6
469.1
453.4
5686.7
614.7
493.9
5334.3
522.0
5858.2
771.0
703.9
5001.0
1043.3
1023.8
981.0
1095.7
1070.6
990.1
5194.2
844.0
684.2
620.9
462.4
6364.5
523.3
485.7
620.3
593.4
6446.9
790.6
839.6
827.0
863.9
4263.9
941.5
701.8
988.8
856.9
6031.0
347.5
424.8
420.0
5532.1
5886.4
7424.8
320.8
320.6
5058.2
320.4
323.2
5466.2
5606.6
320.6
4954.6
483.1
586.4
907.0
864.3
972.0
823.9
914.2
6838.8
903.2
5769.2
1028.5
5436.9
1041.1
758.4
4996.0
5343.0
790.5
572.7
575.7
743.8
343.2
5009.8
323.0
6014.4
321.4
5340.3
359.9
416.6
416.9
383.4
346.1
457.0
5585.2
569.5
4907.9
580.9
734.0
4455.8
622.1
5040.1
769.4
822.4
515.0
512.9
4550.1
4253.7
339.1
5476.1
320.7
321.0
388.9
380.1
330.4
4963.6
414.9
4450.9
517.2
578.9
3767.6
593.1
515.5
4405.6
499.6
370.3
4164.0
4283.4
320.7
320.7
321.2
320.6
4483.2
360.2
474.6
3487.4
4536.3
620.6
3697.9
638.8
585.9
584.9
549.0
3299.1
3341.3
321.1
321.1
485.5
512.2
3597.5
767.2
775.5
885.5
932.0
3670.5
1003.1
3150.2
3492.1
1077.1
1076.8
3175.0
1093.5
696.3
1094.7
1033.9
1065.1
1019.3
777.9
704.5
3394.5
767.5
767.2
697.6
761.1
738.5
323.5
3448.8
392.0
3796.1
352.9
495.4
452.5
577.1
615.4
4108.1
3299.2
3878.4
486.0
3668.7
434.6
461.9
331.2
322.5
320.4
472.2
3445.7
3721.5
455.0
3235.7
321.1
3111.5
386.8
3003.1
625.9
715.9
874.1
905.4
3462.3
556.1
524.0
860.2
768.8
320.8
3227.6
320.8
3422.3
320.5
3006.0
384.2
2730.6
518.6
599.2
552.0
3068.7
2785.4
573.1
722.3
499.0
598.3
659.8
2921.4
517.9
582.3
657.8
592.8
478.0
2897.9
358.8
603.2
671.3
2771.0
3143.9
736.6
696.4
743.7
504.1
2759.9
689.4
485.3
370.0
2746.8
411.7
3273.7
766.4
810.5
886.1
841.5
3504.1
981.4
2913.2
1242.2
1344.7
1232.0
1385.5
1386.7
3605.3
767.2
1368.7
1313.5
3624.5
1598.4
1340.6
1646.5
1440.0
1633.9
1178.4
1145.1
3882.3
1122.2
1770.2
1185.8
915.2
4091.0
1430.7
3917.5
1088.7
882.3
699.9
546.1
321.7
4368.8
4378.3
320.5
320.3
320.4
4275.4
335.8
4138.1
561.1
4208.5
4690.3
622.2
583.0
606.3
705.5
4075.2
618.5
610.0
4151.3
664.1
740.3
740.7
769.4
613.5
4342.9
3734.7
800.9
672.2
684.5
654.0
697.6
953.3
1027.0
3958.7
1075.3
1057.9
826.8
1112.6
1184.2
822.1
3582.3
499.2
474.4
480.9
3361.3
4339.7
321.2
4720.2
320.3
321.2
3610.8
4535.5
4219.7
407.3
450.6
438.9
529.0
558.2
4401.4
4389.8
924.2
974.9
1012.3
1050.2
4512.7
1255.8
1203.1
1084.9
1377.3
1143.0
1428.8
4949.7
1303.0
1135.4
1370.6
1150.0
736.1
4137.6
483.6
320.1
4693.0
642.6
787.6
621.4
838.5
558.4
877.5
4037.8
475.1
774.2
4669.0
572.5
445.6
4273.4
387.1
494.8
4006.3
454.6
351.1
388.7
4911.8
4225.4
379.4
4462.4
510.2
4726.2
525.2
596.4
529.8
320.3
320.2
361.1
3862.9
414.7
506.4
448.9
425.3
3375.8
351.0
3983.9
332.8
349.2
5240.5
320.0
320.4
5487.4
410.7
369.9
566.8
382.9
449.2
4738.5
3751.7
4055.4
390.6
357.8
320.7
321.3
3692.3
326.6
445.5
440.2
4508.1
377.6
328.6
371.8
3387.0
329.0
479.0
4491.0
420.9
4836.1
398.5
414.8
3723.1
382.7
319.9
320.2
321.4
3970.6
391.5
4496.7
460.9
457.0
3761.0
549.1
3470.3
551.7
753.0
688.0
1096.8
1131.9
3981.5
1261.6
1118.3
1035.7
3968.7
874.7
993.9
3825.5
583.4
1206.0
649.0
787.3
758.4
574.5
498.3
355.9
333.2
433.3
415.0
4460.5
346.9
5179.8
444.6
4070.2
608.3
518.9
406.5
388.2
4328.3
5131.6
422.6
505.4
533.3
392.2
458.0
4725.1
4592.3
321.5
420.1
465.5
446.9
438.0
5254.9
413.8
564.1
4665.9
637.2
434.9
4582.8
321.3
415.1
419.9
517.1
4940.8
4759.1
320.0
320.7
320.7
4595.7
4903.8
5323.7
366.5
4551.6
328.2
477.6
517.8
331.1
4479.1
320.0
341.1
336.6
4041.2
4644.0
320.0
5039.1
322.1
334.7
4387.9
4150.1
392.3
437.9
644.4
3632.4
638.9
729.8
3419.8
806.8
807.5
682.2
559.3
3590.6
336.6
3189.3
321.2
2837.5
320.4
458.5
506.8
638.5
836.8
3136.6
830.3
936.0
3165.6
999.5
3012.5
956.5
1071.7
1149.1
3310.9
1198.9
977.8
1066.4
1035.2
1036.2
688.1
881.0
507.1
430.9
471.7
3423.4
449.5
349.1
496.6
461.5
3679.3
3542.7
331.2
322.3
3427.8
505.6
460.6
4218.3
656.3
744.7
3632.7
732.2
609.2
3526.9
3277.4
3540.7
3141.6
2894.1
2423.0
2887.8
2436.2
