338.9
332.2
514.6
657.2
924.3
1278.9
1028.1
760.2
1196.5
1111.4
1428.8
1076.3
1280.1
1180.0
1213.6
1442.4
1100.9
979.3
2270.2
2261.6
1242.3
1108.9
1150.3
1198.2
2587.8
1068.9
1488.1
2482.2
1446.9
1372.6
1142.6
1160.5
1248.3
1071.8
1217.9
1134.9
644.7
2672.2
806.1
388.5
432.1
2884.5
322.2
2765.0
324.0
2596.9
321.4
320.6
2691.7
2648.0
320.8
322.0
2223.5
2058.9
351.7
353.3
1540.2
404.2
1107.3
508.9
467.2
570.1
664.9
1164.4
323.9
387.3
1010.3
362.6
1189.3
321.5
321.4
987.7
322.7
325.5
863.4
330.8
322.0
340.7
866.8
327.6
321.9
867.2
322.9
325.3
336.3
867.5
328.0
428.4
552.2
507.0
877.2
868.4
321.7
322.5
358.4
896.9
360.5
471.6
498.5
381.4
447.3
384.4
524.1
1298.7
442.8
1263.9
320.7
1127.7
1051.6
432.5
423.6
415.9
422.0
897.9
324.8
477.1
1064.7
635.4
684.9
961.3
591.4
656.0
552.8
354.7
324.1
1042.7
405.8
452.8
475.2
409.7
1136.3
472.8
983.8
360.7
1093.1
321.4
322.3
862.6
323.3
419.9
416.6
326.4
908.9
322.4
362.5
369.2
575.8
368.3
1299.9
487.5
1165.4
428.0
320.9
386.3
1167.0
381.9
1228.1
322.3
1028.3
387.4
383.7
321.8
865.7
320.8
863.2
399.6
321.4
397.0
868.0
321.5
323.7
378.0
932.0
530.0
387.7
551.9
866.2
936.3
321.9
321.9
418.9
459.1
364.9
902.1
320.9
875.4
676.3
683.9
640.5
677.7
558.4
1109.9
401.8
990.7
389.9
374.9
368.8
322.4
1064.2
507.9
495.1
865.9
611.7
577.4
402.2
446.0
1128.3
436.7
379.0
1110.8
533.7
777.3
760.6
840.1
1724.7
790.5
1088.1
1210.2
935.3
1121.0
808.7
1085.3
1802.3
640.8
527.2
2096.5
413.0
529.4
2141.6
2092.8
693.8
2053.6
735.6
656.0
934.6
1033.9
1088.5
2098.0
900.1
1113.5
867.7
905.7
998.2
2239.9
671.5
1983.2
668.6
979.9
483.7
608.3
321.3
2112.4
320.9
2536.9
321.2
2265.9
320.9
321.3
321.0
2332.5
322.0
2050.4
1658.8
464.0
440.3
1478.1
487.9
527.5
368.5
321.4
1316.5
399.9
1244.4
453.9
489.1
713.4
411.4
523.9
478.0
1559.7
1551.5
754.0
760.2
778.1
773.7
1801.6
1073.7
1045.2
738.4
991.2
1988.9
1003.4
1004.3
805.2
803.6
852.3
790.6
691.0
2404.4
2278.1
323.0
2286.2
321.5
419.9
383.7
2008.4
2349.7
389.3
1818.1
321.6
422.2
414.5
1304.7
326.7
321.7
1685.5
1229.9
381.3
656.5
786.7
742.5
845.2
655.4
601.1
1334.5
321.9
1510.3
1410.1
707.5
838.4
703.6
1678.3
830.6
742.6
1337.1
930.2
837.6
661.0
487.9
320.9
1562.7
1453.5
404.8
506.4
651.9
640.0
1295.0
696.7
546.9
710.5
660.2
447.9
1254.1
324.3
1739.9
322.3
456.9
466.0
430.8
1639.5
322.0
1530.6
321.8
1348.9
1214.6
347.0
392.3
389.3
894.2
864.9
410.0
483.1
506.5
413.9
539.7
867.2
859.7
1115.8
1170.0
1166.9
1196.2
1195.6
1460.3
1626.9
1371.5
1822.8
2107.5
1097.5
1296.9
1331.0
1193.9
1298.8
1199.4
802.3
2116.4
1372.9
634.4
951.7
1855.2
1626.1
2000.9
324.6
322.5
926.8
365.9
597.6
651.1
491.6
431.4
876.1
925.9
406.9
324.3
407.9
324.8
922.1
321.8
346.3
997.8
740.6
706.1
836.1
1364.9
979.3
850.4
816.6
981.6
532.0
1362.0
500.0
413.9
1698.9
1410.5
321.6
338.1
1096.8
346.4
416.6
445.9
909.8
566.1
536.0
1067.3
639.1
679.1
689.6
762.5
838.7
457.4
632.8
1308.7
1293.8
1278.1
366.9
358.1
398.9
907.7
344.7
876.3
611.2
1340.2
1315.1
1304.3
1481.6
1500.8
1311.2
1402.0
1781.5
1628.2
1322.1
1595.1
1518.4
2064.5
1417.4
1548.8
1306.3
2019.3
784.4
1045.5
1121.5
768.6
1976.0
459.0
329.8
1874.3
1618.7
321.9
1282.3
426.4
918.0
436.4
403.9
402.0
321.8
898.7
380.8
559.5
875.5
758.2
756.6
795.2
908.8
658.8
713.6
484.9
912.2
401.5
322.9
896.7
321.3
864.1
337.1
325.7
354.4
338.1
863.1
866.0
366.1
590.5
716.7
543.9
542.3
864.7
480.0
322.0
875.2
322.0
322.1
321.7
865.1
322.2
320.7
875.8
435.7
623.0
675.1
484.8
563.4
981.7
533.5
988.3
324.2
321.3
1081.3
408.4
880.9
525.6
779.6
812.1
875.8
893.9
946.5
932.7
798.2
904.9
651.6
880.3
762.1
672.6
610.0
757.0
1319.5
711.1
1363.5
351.9
333.4
1238.1
355.5
1331.0
391.9
447.9
472.4
397.2
1000.1
940.6
321.3
322.3
371.9
875.2
454.5
545.4
536.5
594.0
953.3
591.3
874.0
325.8
331.3
956.8
412.4
320.8
442.0
321.3
354.5
876.7
864.7
323.1
321.2
447.0
865.6
576.5
673.3
733.2
735.8
436.3
576.5
1106.4
382.4
1175.8
322.1
1139.8
322.3
322.0
866.1
322.8
889.2
572.7
620.5
569.6
494.1
430.8
876.1
596.5
971.2
586.0
511.5
480.1
963.3
380.1
587.0
658.2
482.6
485.9
894.7
938.2
327.4
321.7
420.8
386.5
512.2
1097.5
374.1
494.2
958.6
471.0
1272.4
322.5
947.5
321.5
586.9
750.8
762.0
1125.0
891.3
974.7
1276.4
923.2
924.9
767.2
981.3
919.1
1467.4
781.5
788.5
886.6
871.8
1931.7
982.1
860.9
938.7
1144.7
1989.9
745.5
840.0
1661.1
476.9
516.7
686.9
450.4
1762.3
434.5
388.0
321.3
2341.6
343.9
1652.0
324.1
1877.6
324.3
1556.9
1055.7
337.3
864.6
322.7
367.9
436.4
458.9
941.8
547.4
516.7
650.5
470.8
987.4
638.1
375.5
525.9
552.0
1327.1
464.1
522.4
1139.3
406.7
473.9
515.5
500.6
381.0
1409.9
1224.1
1311.5
717.2
785.2
855.5
1005.6
1061.1
983.8
976.2
1572.6
926.2
536.0
391.4
1627.0
1512.6
323.3
321.8
1444.1
973.8
344.8
323.8
347.0
875.7
864.7
438.1
426.1
534.6
400.0
906.1
550.5
656.4
822.3
837.3
911.7
854.0
1452.4
643.0
1401.3
881.7
1313.8
1027.4
883.7
1622.3
1105.3
1062.7
995.9
828.4
946.6
388.1
1818.4
321.9
1501.5
1787.8
329.1
1568.7
595.2
527.4
672.9
501.8
878.1
575.6
331.4
1144.1
322.0
408.5
322.4
1063.9
953.8
499.5
345.6
390.9
322.4
904.5
324.6
871.1
321.2
413.9
515.6
460.0
863.3
495.9
322.8
873.0
321.9
320.4
952.1
447.3
425.3
866.7
545.0
465.5
488.0
944.8
400.5
342.1
412.4
868.1
322.3
337.2
325.5
872.2
469.1
465.8
402.5
391.7
921.6
324.9
952.8
321.9
891.1
324.6
321.9
409.0
410.0
866.3
374.6
864.5
322.4
358.3
866.2
504.4
447.3
419.3
507.8
358.7
352.1
1043.0
911.3
361.9
357.4
385.5
998.9
322.1
321.4
322.2
888.1
463.5
513.3
1042.1
384.3
559.5
808.3
880.2
739.1
1430.0
944.3
843.9
593.3
675.3
689.1
1580.6
330.9
1549.2
370.6
369.8
1684.3
392.3
360.6
1706.6
324.7
324.9
1321.1
1157.7
322.4
432.8
426.5
997.3
393.9
353.2
486.7
939.8
439.0
327.9
322.7
872.8
321.9
336.2
866.5
336.5
333.3
321.7
863.3
358.2
865.5
323.9
387.9
935.2
416.9
520.5
603.5
490.5
381.6
876.0
501.6
998.3
321.8
321.4
933.6
333.8
463.4
447.5
863.7
322.3
323.3
863.7
321.2
876.7
414.9
470.0
491.5
474.3
863.2
360.9
380.6
363.5
872.2
863.3
321.9
321.3
322.2
871.2
416.0
451.5
433.5
490.5
538.7
582.0
1110.8
704.0
500.5
485.4
1279.1
1151.3
321.1
1088.8
328.1
322.4
322.1
535.7
500.9
1015.5
589.3
716.7
625.0
716.0
1267.5
651.3
796.3
821.7
757.6
1569.9
490.7
1804.3
618.6
810.1
853.7
499.6
496.4
1699.7
331.3
392.3
383.9
1766.3
1659.0
337.5
1442.6
323.9
365.4
360.8
999.8
911.2
418.7
360.6
452.0
500.4
510.5
1103.3
599.0
618.8
620.2
1030.0
1224.4
1167.2
