332.7
338.3
503.7
477.0
613.8
690.5
655.6
1082.5
1119.7
1044.7
847.6
946.7
963.8
870.7
945.8
1178.0
541.9
322.8
1674.5
1411.0
348.4
1656.4
346.8
425.0
509.3
509.0
1405.8
478.6
337.0
443.3
1091.4
324.1
361.8
427.4
557.0
1852.7
490.5
582.5
1353.7
1796.3
322.0
322.5
1399.0
1339.6
321.6
320.6
322.2
867.0
334.0
322.5
863.0
326.2
322.3
866.7
321.3
321.8
321.3
863.3
321.8
866.1
502.8
601.2
531.8
633.4
519.0
864.4
322.6
321.5
876.3
324.7
864.7
322.3
401.3
321.4
862.8
321.4
385.9
401.5
464.0
868.0
321.9
863.1
321.3
323.3
322.7
862.7
429.4
387.3
480.0
419.4
879.9
883.6
326.7
323.0
321.4
464.4
862.1
466.5
607.0
607.6
868.4
325.2
331.9
322.6
350.6
923.9
346.4
898.2
329.4
377.4
867.2
326.4
421.3
361.6
866.1
386.4
399.7
447.0
867.7
385.3
451.1
437.3
1014.1
1006.4
323.1
322.2
478.5
446.8
876.7
470.5
387.8
363.0
912.0
321.8
907.8
322.8
321.4
862.6
321.8
441.7
436.3
868.2
411.3
325.2
407.2
322.5
863.3
359.3
397.8
351.8
908.7
338.8
943.4
375.7
992.3
487.8
434.2
323.4
861.7
323.7
324.4
322.3
321.0
867.2
349.4
349.6
863.9
374.5
867.4
321.7
322.3
330.8
423.7
452.8
863.2
403.8
428.5
877.0
321.4
321.9
862.7
321.5
340.8
336.9
881.5
479.9
567.7
548.1
604.0
453.1
1113.8
1148.8
359.8
322.0
1035.5
353.2
321.8
903.3
321.6
492.0
514.0
505.9
481.0
1008.3
390.7
944.1
370.7
414.4
961.2
436.8
460.6
561.1
1261.6
661.1
626.0
709.5
1214.9
659.2
1267.1
740.1
959.3
875.6
938.2
636.8
683.0
335.3
1464.8
1449.6
320.8
991.3
405.3
444.6
349.2
322.6
1046.7
444.9
873.7
519.9
582.8
519.4
588.9
1151.4
641.2
534.6
546.9
416.3
1264.1
325.8
323.0
1134.3
321.3
431.6
1120.9
427.9
1024.2
323.1
321.2
863.3
322.9
473.5
866.4
464.4
321.9
862.5
370.8
322.1
432.6
418.7
321.1
875.5
323.8
872.7
384.8
552.4
549.0
883.3
458.3
400.9
863.7
367.3
551.0
504.5
876.3
444.4
551.9
552.6
743.7
574.5
1047.2
1235.9
655.4
660.2
575.5
579.5
409.9
1330.5
321.4
462.3
1205.6
458.0
416.7
409.0
1027.8
1129.3
386.9
322.9
870.0
442.9
320.9
376.8
868.7
321.3
322.4
862.0
866.8
324.7
386.6
393.3
322.4
433.1
489.6
706.6
980.6
542.3
693.2
428.4
1057.0
1093.4
466.0
457.7
506.5
387.3
887.5
429.4
601.6
597.0
424.9
1188.7
322.2
1210.2
993.8
322.0
876.3
524.8
583.9
700.5
562.3
522.8
869.6
874.8
1399.1
1405.4
1410.4
1374.8
1445.2
1468.0
1468.7
2588.1
1221.8
1456.2
1539.4
1543.1
1482.3
863.5
1273.6
462.4
578.0
484.7
321.2
862.1
420.4
449.4
369.8
606.1
945.5
451.5
321.7
876.5
323.3
323.2
944.6
322.7
321.8
878.0
321.5
321.3
323.0
865.0
322.0
323.2
905.7
532.1
566.4
616.0
556.1
503.9
1062.3
321.2
1117.7
321.9
957.0
322.8
321.9
862.2
389.4
412.5
453.1
481.5
390.5
875.7
866.5
322.8
324.1
415.0
413.1
877.8
322.7
385.5
893.7
548.4
732.9
799.6
1095.8
729.5
907.0
1025.8
784.6
646.4
719.3
1092.2
322.8
321.4
905.8
323.3
866.7
322.8
368.4
365.0
363.2
347.1
341.4
924.7
454.8
914.0
405.0
642.5
573.0
587.4
481.1
1018.2
332.3
1072.3
1065.1
323.0
324.8
321.3
862.7
321.2
322.1
867.5
322.7
322.9
863.1
322.3
453.0
391.4
583.4
558.2
1015.4
748.1
869.8
662.0
669.8
560.3
460.9
401.9
1091.6
335.5
902.8
323.0
322.4
323.2
863.6
870.7
322.8
322.1
863.9
322.8
322.8
362.9
321.7
362.7
872.6
322.3
322.3
868.0
509.8
554.9
603.8
566.9
949.5
446.2
422.7
982.8
331.4
321.1
969.4
321.8
322.0
867.5
864.9
321.7
543.0
477.3
337.8
424.6
865.2
514.2
423.3
555.0
416.2
867.1
366.3
969.8
322.8
979.8
322.2
321.2
322.8
323.4
863.3
425.9
866.5
523.8
557.5
497.7
505.8
864.1
462.2
560.9
522.7
876.5
322.8
321.8
861.4
494.3
691.0
726.9
683.5
1129.3
768.2
566.6
1055.6
631.6
447.8
1193.4
385.5
486.8
365.3
461.3
1056.0
460.6
637.3
531.4
1119.4
1055.4
428.1
337.4
453.0
992.0
488.9
567.1
387.9
868.8
1000.4
321.5
322.1
324.3
325.2
376.7
1024.0
512.4
908.4
655.2
543.4
322.1
321.6
1066.9
865.3
371.3
340.9
357.5
322.0
321.7
863.7
863.7
322.9
323.4
407.9
964.3
524.6
552.9
689.1
710.3
343.2
426.8
1059.8
1108.3
321.4
321.5
1005.3
322.1
322.4
322.9
862.8
374.4
457.9
513.5
377.0
910.3
390.8
970.4
420.4
486.2
520.1
919.3
387.5
912.3
438.5
586.4
664.2
606.5
402.3
862.6
867.7
321.9
322.9
473.1
498.0
863.8
465.4
536.2
344.5
867.2
368.4
356.2
862.2
488.4
868.7
437.8
591.1
876.8
574.6
764.1
1034.8
725.6
692.7
1220.4
814.6
770.1
637.4
522.0
1137.5
367.7
1522.1
354.1
492.7
1190.3
623.6
592.1
822.6
652.0
616.2
463.4
1377.2
1340.1
321.6
1020.3
322.5
447.3
440.4
924.2
320.3
321.8
866.9
322.3
321.2
874.3
321.3
321.9
863.2
323.5
320.9
321.1
862.4
321.3
321.9
378.9
370.9
876.2
441.9
407.4
378.8
981.7
327.2
991.8
384.4
557.2
871.5
553.5
471.8
429.3
875.4
428.5
376.9
382.5
877.6
321.5
321.8
862.7
698.1
729.9
803.1
833.8
1118.7
699.1
934.9
904.3
633.9
1103.4
1318.6
321.9
322.3
958.6
321.4
866.6
322.7
321.5
323.4
865.3
323.5
321.9
424.9
432.8
917.7
453.0
437.8
876.8
585.2
700.9
802.5
579.9
548.7
1124.9
539.3
385.7
504.5
1327.3
566.0
607.0
622.9
547.4
1584.0
733.5
527.4
323.1
1668.4
1448.4
1212.1
321.9
964.0
322.3
320.8
421.3
520.4
448.4
437.7
864.0
361.9
888.1
322.9
322.0
873.9
321.2
320.5
333.6
866.4
322.1
322.8
864.1
321.1
323.3
868.6
323.3
324.3
427.9
420.4
863.0
321.5
877.7
322.2
321.9
321.6
863.6
398.9
486.3
483.5
392.0
878.9
862.6
321.8
321.2
324.0
321.5
864.1
322.0
321.8
877.9
347.9
356.2
333.0
862.8
321.4
321.9
877.1
322.4
866.1
324.5
323.3
321.8
322.4
863.4
360.9
867.8
323.4
351.5
328.7
865.7
432.2
432.8
466.2
415.2
866.8
346.9
338.4
873.2
321.4
322.7
867.9
349.0
349.6
365.3
864.6
322.7
416.7
411.9
330.9
888.6
322.7
926.4
670.6
789.6
790.1
687.4
577.6
1172.8
473.5
493.9
444.8
1213.6
927.1
352.9
328.1
353.4
867.0
331.4
330.8
864.7
321.9
322.8
866.2
392.4
359.4
423.8
862.7
321.9
405.3
399.8
875.7
321.2
323.5
880.4
322.3
325.1
863.2
321.4
323.4
323.1
866.5
864.6
323.3
322.7
323.0
869.5
398.5
504.9
448.4
361.2
863.5
375.5
400.2
354.4
876.7
321.4
322.4
385.5
390.0
871.5
878.5
321.4
327.9
322.3
864.6
445.1
867.3
541.5
570.7
488.5
322.8
863.6
399.0
398.0
477.7
866.8
322.4
322.0
874.3
881.0
1047.3
880.8
1167.3
1184.0
1332.3
1425.6
1467.3
1486.4
1508.0
1336.2
1557.2
1616.3
1714.9
398.8
761.4
1118.4
656.9
406.9
551.9
891.2
559.2
664.6
674.4
1088.8
655.9
660.6
448.5
508.4
477.1
1162.5
1132.7
439.8
409.5
378.7
564.4
560.1
1334.9
941.7
360.6
341.7
975.6
323.4
393.9
862.7
390.3
369.8
320.1
863.7
365.1
910.7
411.9
396.8
392.0
323.7
1008.4
459.4
609.7
641.7
525.9
610.7
890.3
1039.5
