373.5
424.8
469.1
429.8
401.3
429.0
878.4
441.0
891.3
339.7
572.1
678.8
1050.5
648.0
745.7
634.5
635.9
957.5
1065.2
323.6
878.2
323.0
339.9
465.7
423.2
1004.6
530.5
524.3
621.6
1138.5
444.2
444.4
887.3
383.1
387.6
363.0
922.7
386.4
380.6
349.3
925.4
888.9
356.2
330.5
322.3
326.6
866.1
324.1
880.2
324.4
322.7
321.4
923.4
347.7
335.2
323.3
321.6
926.2
340.2
871.2
401.8
490.3
500.8
453.7
877.9
881.6
330.8
321.3
322.4
868.8
322.3
322.8
335.1
863.7
345.6
335.5
876.7
326.3
320.9
321.0
871.8
323.6
329.0
320.9
868.2
331.1
462.4
410.0
431.2
391.1
879.3
871.9
346.0
336.5
346.7
419.8
968.4
345.3
453.8
887.9
328.5
941.4
328.9
333.9
322.6
866.2
321.6
879.5
323.5
323.6
325.0
356.8
334.2
861.8
327.2
322.3
867.5
347.7
337.0
870.0
340.3
330.2
341.3
873.6
325.0
329.0
888.4
425.8
336.9
414.0
886.5
347.1
337.0
889.6
336.5
336.1
870.4
346.6
358.6
322.8
363.2
881.0
328.6
322.6
869.7
356.3
325.4
884.7
331.7
352.7
326.0
878.8
349.1
895.7
392.5
328.6
387.5
880.0
338.9
326.6
332.1
325.7
879.5
329.7
870.4
321.7
326.1
324.5
868.3
339.5
326.6
868.8
324.5
410.0
328.1
368.1
866.5
875.8
337.0
335.0
327.7
377.8
876.7
376.0
340.5
877.8
322.4
412.7
490.5
479.1
894.1
368.7
888.0
327.1
337.5
337.7
868.1
334.7
341.1
873.3
461.5
449.2
561.0
505.6
959.4
328.9
362.4
361.1
868.4
865.6
350.3
334.9
395.2
369.8
327.9
896.1
329.2
901.2
349.6
446.5
470.1
486.6
431.6
934.3
321.1
978.3
333.8
1002.2
340.7
866.4
377.0
393.7
435.3
349.5
403.2
864.5
511.5
398.3
537.3
871.3
327.7
339.0
872.9
381.3
509.7
446.3
892.7
326.6
872.2
336.2
328.4
323.0
875.9
325.1
868.3
337.7
325.4
322.7
862.7
328.7
342.9
325.6
868.2
327.3
428.7
385.9
352.9
871.5
340.0
888.4
331.3
323.0
324.0
875.6
368.8
375.2
339.4
897.5
380.4
325.9
375.6
886.5
869.1
403.5
674.8
586.3
634.0
726.1
873.8
366.1
321.5
879.6
406.0
398.8
881.1
472.6
865.5
445.7
412.9
464.1
427.4
361.9
875.8
863.7
321.9
322.8
321.5
320.4
321.7
864.7
865.6
322.3
384.5
378.5
863.7
322.3
320.7
416.4
405.0
868.5
450.1
379.4
394.3
324.6
899.2
323.6
894.1
873.9
435.8
478.4
394.9
325.2
321.8
862.2
354.2
407.5
376.5
867.7
321.3
322.1
883.2
321.4
864.9
321.4
511.0
486.0
438.1
866.7
321.3
321.3
869.7
337.8
321.0
322.5
879.6
321.1
321.9
862.7
322.9
336.4
343.3
867.7
323.8
866.6
321.0
346.5
362.6
340.9
864.5
866.2
322.8
321.8
354.5
320.8
344.9
886.3
322.1
321.3
893.8
321.7
321.3
321.9
867.6
323.5
879.6
321.2
321.7
862.6
328.6
322.3
350.0
866.9
366.2
535.4
359.5
505.4
873.2
866.5
323.8
333.9
322.3
321.9
863.6
321.7
360.8
407.6
365.3
321.4
878.2
322.0
867.7
322.0
332.8
320.8
878.3
323.2
865.7
323.4
322.4
321.7
864.7
430.4
350.5
419.7
379.4
396.4
972.6
365.2
996.3
875.9
321.8
322.4
321.8
864.5
324.2
323.2
323.2
322.0
863.1
347.2
384.5
352.9
878.9
329.7
322.3
332.0
439.9
447.4
958.6
887.1
321.3
321.4
944.7
324.5
321.3
322.0
863.0
321.8
864.7
326.8
321.8
875.8
323.0
322.9
321.7
332.3
393.9
401.5
958.3
345.5
890.7
321.8
326.0
954.3
326.6
322.4
874.3
321.9
324.9
328.8
863.2
322.5
321.4
863.3
321.9
322.1
862.7
366.0
862.6
333.3
332.4
339.0
321.0
869.8
322.8
354.5
894.2
400.4
578.6
407.8
545.1
864.8
323.3
323.4
867.8
322.9
325.0
874.2
322.3
323.4
864.5
323.5
322.9
325.1
332.9
862.7
940.9
326.9
405.5
416.4
346.4
354.1
864.3
323.9
965.8
321.8
426.5
323.7
866.7
322.4
322.8
874.8
361.8
323.1
380.7
353.0
884.2
431.9
324.8
437.3
891.3
883.2
322.7
322.3
863.7
324.6
323.2
445.2
584.0
410.1
565.0
862.8
329.9
322.9
873.6
321.9
321.4
322.7
868.0
324.2
913.7
322.3
366.3
371.4
865.7
871.7
322.8
323.0
324.3
320.7
320.9
321.2
865.6
322.4
867.2
321.3
862.2
321.7
321.8
322.8
864.1
482.3
401.6
476.0
405.4
879.6
321.7
322.1
866.2
324.9
323.0
321.8
884.6
322.3
322.4
883.9
321.9
322.3
863.6
321.3
413.0
598.3
498.0
585.1
884.7
867.2
322.4
332.5
862.6
321.3
321.4
329.9
322.1
862.7
868.6
401.4
321.4
426.4
344.4
322.0
892.3
323.3
882.3
376.9
320.7
374.1
864.1
731.7
859.0
864.6
875.3
878.8
885.5
826.1
803.1
321.8
322.2
866.9
440.8
336.3
437.6
875.0
877.7
321.8
434.1
428.1
863.0
325.8
331.9
322.3
424.4
411.8
322.1
876.4
321.9
872.5
376.9
393.8
363.4
531.8
871.9
395.9
875.1
322.3
866.1
321.3
322.1
322.4
344.8
421.9
918.3
415.4
331.0
865.1
322.0
322.0
927.9
324.7
329.1
338.6
867.0
321.6
875.5
321.3
333.2
869.8
329.5
325.5
324.7
870.0
322.8
862.1
326.1
322.4
331.9
323.8
864.3
325.3
323.4
332.6
323.4
879.1
322.8
325.0
865.2
322.4
886.0
323.0
335.9
321.6
320.8
873.5
345.2
865.2
321.3
339.9
321.8
322.5
864.3
861.7
432.9
470.7
486.7
886.1
639.4
880.7
883.3
556.9
767.4
867.1
866.2
321.6
321.9
323.0
322.0
863.4
321.8
322.9
321.9
862.2
863.7
432.9
406.0
361.7
322.2
864.1
323.8
333.2
472.9
611.0
864.9
546.6
469.9
864.6
321.3
322.0
321.3
879.6
320.7
873.8
487.4
431.5
553.5
436.6
390.4
865.2
322.5
873.7
322.8
863.1
322.9
321.7
357.3
322.5
460.7
886.4
324.8
413.4
868.3
321.8
863.5
321.2
322.8
867.9
324.0
323.3
321.5
321.5
864.0
867.1
321.2
324.1
321.8
321.3
862.7
461.4
429.4
453.6
877.5
321.5
322.4
321.2
862.8
325.1
321.7
877.7
332.4
320.9
321.9
886.1
322.1
321.5
862.5
321.4
321.6
324.6
862.2
332.8
348.9
324.6
863.6
321.3
333.8
864.2
322.3
865.3
321.9
321.7
369.8
333.0
864.4
363.5
865.6
321.5
322.8
324.4
865.1
324.9
323.0
362.4
355.5
877.2
324.4
323.5
864.7
869.2
321.5
322.9
329.3
323.3
321.5
873.3
877.6
332.7
445.9
439.7
325.9
323.4
873.9
322.1
476.7
565.0
368.6
915.9
416.3
930.5
362.7
954.1
424.8
466.5
866.5
323.3
322.3
322.3
322.3
863.9
320.8
322.3
865.6
322.4
331.4
863.2
321.5
321.3
322.2
864.6
323.0
332.9
321.8
863.3
322.5
322.2
320.9
867.0
323.9
321.4
321.8
872.6
321.8
878.0
322.1
325.7
322.7
862.2
407.3
326.4
406.0
861.8
320.7
322.4
333.9
866.0
862.7
323.3
322.8
321.8
423.1
419.9
864.1
863.1
325.4
321.2
862.2
322.3
332.9
429.4
352.9
426.0
863.3
322.4
875.3
326.1
321.8
865.2
323.3
322.3
321.8
862.5
321.5
362.5
351.8
321.8
875.7
334.0
440.0
877.8
436.8
333.0
865.8
322.3
867.2
324.0
322.1
321.5
322.8
326.0
872.2
322.7
321.9
357.4
878.1
322.2
352.4
868.7
400.1
869.2
346.6
406.8
337.8
867.1
322.8
323.4
352.2
341.1
883.7
321.8
866.1
323.0
864.2
322.2
323.3
321.8
321.5
862.2
322.2
321.9
321.6
866.9
387.3
321.8
392.4
863.0
417.9
930.6
539.4
569.5
572.5
516.3
945.3
884.2
