336.3
334.2
323.9
338.3
322.8
874.6
334.9
332.3
888.6
322.4
510.0
429.2
1033.9
587.2
671.5
561.6
507.1
864.7
962.9
322.9
322.3
864.6
321.8
323.5
323.1
378.9
369.1
874.3
866.0
324.5
323.0
321.4
864.4
322.1
874.9
525.8
606.8
769.7
788.5
790.3
865.4
876.4
359.8
336.1
323.0
322.4
321.5
866.1
322.9
861.7
321.3
333.3
862.2
321.3
322.4
323.6
863.8
321.4
321.7
861.6
435.8
396.4
389.9
342.8
322.2
864.9
321.8
322.5
867.3
874.2
325.8
321.4
320.8
322.4
864.3
323.1
864.2
401.9
356.2
437.5
322.3
862.0
322.2
322.4
873.5
322.9
322.0
334.8
322.3
321.8
874.6
867.7
321.5
321.4
321.4
863.4
432.5
440.5
455.7
448.0
865.4
322.9
323.4
864.9
323.9
876.6
321.8
321.9
863.2
323.4
322.2
329.1
326.0
862.3
322.4
322.3
325.0
321.3
864.7
865.7
347.4
323.5
333.5
864.9
322.1
333.4
873.4
344.9
322.5
343.9
321.5
878.0
322.8
863.0
321.2
321.8
321.9
873.6
325.2
322.3
320.5
865.0
321.9
322.8
331.9
864.0
324.8
333.9
863.4
326.3
322.8
324.1
874.9
869.7
327.9
458.4
456.1
861.9
322.1
323.7
322.4
863.2
321.8
320.9
863.7
323.4
334.3
321.9
873.8
322.0
321.1
323.1
332.3
863.1
322.0
321.6
323.2
867.0
321.8
862.9
321.3
321.7
332.5
875.4
322.0
333.3
380.6
862.1
354.4
379.5
886.0
321.8
863.9
322.1
323.5
321.8
865.2
321.9
322.1
894.8
322.5
386.6
380.4
352.8
879.7
322.9
337.5
321.5
870.2
866.6
322.1
321.7
324.6
324.4
321.9
865.1
322.5
867.6
321.5
405.6
357.6
368.6
321.3
873.4
888.0
321.4
326.4
321.7
861.6
321.3
322.8
321.1
320.7
863.1
323.9
877.4
321.4
385.8
373.4
863.0
329.8
334.2
321.8
861.8
321.8
321.2
877.6
321.8
321.8
322.1
879.1
879.3
322.6
321.2
333.4
323.2
322.9
865.2
873.2
322.3
333.4
327.3
321.8
867.2
322.6
408.4
333.5
406.4
863.2
322.3
874.1
322.3
863.3
322.7
455.9
451.6
321.4
869.1
326.0
322.0
331.8
864.8
662.0
662.6
764.0
767.4
759.1
865.9
924.8
376.4
322.4
331.9
922.7
322.8
323.2
322.9
865.1
321.6
323.3
321.8
863.2
322.5
867.6
321.9
322.7
864.9
323.3
321.6
864.7
325.2
323.6
323.3
322.6
874.0
878.8
322.1
321.4
322.9
323.5
333.4
321.9
890.6
321.3
891.7
322.3
321.5
866.1
320.9
471.2
389.3
424.6
864.2
322.1
325.7
322.8
887.7
321.7
873.6
321.6
323.1
865.8
322.3
864.2
321.6
470.4
524.0
392.0
322.7
864.6
337.1
341.8
869.8
402.0
939.8
329.5
542.3
347.4
323.0
870.8
324.0
331.9
321.6
881.7
863.7
322.4
329.9
333.2
323.9
861.7
322.9
320.8
321.7
321.3
876.6
321.4
335.7
878.2
323.9
332.8
861.7
321.4
321.9
876.9
322.8
322.7
873.0
321.8
321.1
323.2
328.0
862.2
322.4
462.5
864.8
519.1
377.4
332.6
875.3
324.3
863.2
322.5
322.8
322.2
864.9
325.4
367.8
357.4
320.6
863.4
321.5
865.9
323.4
392.4
360.8
873.1
372.9
321.3
864.2
322.6
376.4
345.6
862.2
459.3
384.9
376.9
321.3
867.2
323.5
337.2
863.2
322.0
863.6
321.8
878.1
321.9
322.3
321.9
324.9
323.4
871.5
322.9
321.6
866.6
323.3
320.8
383.3
325.2
875.1
369.7
323.8
875.4
322.3
863.5
321.3
321.8
321.3
863.0
321.8
875.1
322.1
388.2
863.1
322.1
323.1
321.9
373.1
334.4
863.3
367.0
332.4
320.9
876.5
321.2
322.0
863.3
321.4
866.2
321.7
323.2
321.8
865.2
322.5
322.1
865.2
321.6
321.6
862.3
324.1
332.3
323.3
332.6
873.7
322.5
876.8
325.4
322.3
321.4
547.3
479.3
893.0
444.7
867.9
323.0
321.9
863.5
323.9
321.5
864.7
322.5
322.9
863.7
439.4
345.8
420.2
322.8
322.1
874.0
403.3
327.6
414.7
863.2
320.9
324.7
866.7
873.0
331.3
321.7
324.2
328.2
862.9
321.4
863.8
355.9
333.3
348.9
321.3
862.7
322.3
322.8
438.8
430.1
862.7
321.6
877.0
331.9
322.1
872.4
357.8
488.0
481.8
352.9
886.2
326.4
864.7
321.8
322.4
321.5
321.9
863.7
325.5
874.7
323.4
415.3
447.5
490.1
865.7
321.8
866.8
322.2
332.9
322.1
324.6
864.3
321.8
886.9
321.4
320.9
322.3
321.9
873.6
885.8
473.8
395.4
469.1
364.4
863.7
324.9
321.4
870.4
325.8
321.6
321.0
867.0
321.8
321.9
875.6
323.7
321.7
869.1
326.8
494.4
503.8
511.4
574.5
862.7
865.2
321.1
321.7
865.4
322.5
322.2
322.1
322.8
861.5
321.8
324.7
386.8
393.9
867.1
324.9
321.8
874.1
863.6
323.3
461.8
467.0
321.8
862.4
360.9
322.7
392.7
357.1
864.1
323.4
877.8
321.9
321.4
863.3
321.8
366.3
360.2
330.8
863.1
322.6
321.4
866.7
322.3
864.7
321.4
321.8
378.8
395.6
332.3
861.7
321.1
321.8
876.6
321.9
370.4
364.8
865.3
322.8
865.2
322.1
321.3
863.7
322.6
322.4
331.8
381.0
886.6
401.4
323.0
868.2
374.3
322.4
864.8
322.3
323.3
422.9
872.9
416.3
321.9
862.0
322.9
322.6
865.1
321.9
325.0
862.6
322.0
322.3
324.7
863.6
321.9
323.3
321.7
333.8
862.2
321.9
332.9
878.7
322.0
322.4
862.8
321.5
863.6
362.6
381.5
411.2
322.9
322.5
874.2
322.3
396.4
401.3
895.5
427.5
965.1
324.6
409.6
529.0
499.1
977.3
406.1
581.4
477.3
384.2
865.5
982.6
321.2
322.7
874.0
323.4
323.0
863.8
322.9
333.4
321.3
863.2
322.4
321.7
333.4
321.8
863.7
878.0
322.3
320.9
322.5
467.2
462.5
863.9
332.4
874.3
322.6
322.3
864.3
323.4
321.3
354.9
432.4
864.7
440.0
354.0
321.7
876.3
321.4
861.9
322.2
861.6
326.3
321.5
322.9
321.3
322.3
877.0
322.4
321.9
866.3
322.2
322.9
863.1
323.3
321.9
321.9
864.2
323.4
333.9
321.8
863.9
321.4
863.6
322.3
323.4
321.9
321.3
321.9
964.2
984.2
321.9
323.3
322.8
865.1
320.9
354.4
321.0
862.1
357.4
320.9
878.6
323.1
321.3
332.0
862.7
321.5
862.2
322.8
322.7
322.2
321.8
864.6
323.0
322.6
861.8
321.8
862.7
321.2
322.8
322.3
322.8
322.0
889.1
868.4
321.8
322.7
335.2
864.3
321.9
332.3
325.0
324.3
862.5
321.8
321.8
321.9
874.9
321.7
322.5
862.1
321.7
322.9
324.2
864.7
322.8
323.4
332.7
862.5
321.5
868.8
322.0
786.2
864.5
947.3
976.8
1053.9
1080.0
2214.5
583.6
871.0
891.2
1264.2
322.3
864.2
322.3
322.1
866.0
323.1
321.3
322.0
863.2
322.3
321.6
333.3
321.9
862.8
323.6
324.9
864.0
320.8
864.7
323.7
320.9
322.1
875.0
322.0
333.9
861.6
322.4
325.1
863.3
321.8
321.6
323.1
862.4
321.6
427.2
419.9
863.2
322.7
324.0
333.6
875.9
372.9
322.4
868.2
326.8
322.9
321.9
866.2
321.0
335.1
322.6
861.9
874.3
325.1
502.6
549.0
353.3
862.1
322.3
876.4
326.3
430.9
431.4
321.9
863.0
323.2
877.1
322.8
387.4
381.2
322.2
322.1
862.2
437.3
382.4
442.3
874.2
325.4
325.0
865.9
864.1
321.7
323.1
322.9
325.3
321.9
863.3
322.1
886.7
324.6
324.4
322.1
331.3
863.1
360.4
321.2
361.8
866.7
862.2
321.4
321.9
322.8
448.0
442.2
865.6
326.1
322.3
861.7
863.7
322.4
321.3
320.8
873.7
321.9
322.4
323.7
864.5
322.8
325.3
333.1
864.6
321.6
501.9
408.5
566.5
863.1
400.7
410.7
877.6
