873.2
332.6
334.4
331.0
862.5
322.3
321.4
321.8
873.8
321.7
333.9
330.4
323.1
872.3
333.5
869.3
322.3
332.8
873.4
352.7
322.8
861.7
333.3
321.3
322.2
332.5
321.5
862.7
879.1
321.6
323.1
332.3
862.0
322.3
325.2
334.1
873.2
321.2
332.9
321.1
863.7
321.9
334.2
864.0
334.2
322.3
873.0
336.0
321.4
874.1
334.3
331.9
321.9
873.4
332.8
322.0
322.9
862.6
323.2
321.8
333.8
339.5
873.6
332.0
878.8
322.0
332.9
873.0
348.1
328.9
872.6
390.0
322.7
340.0
874.7
323.0
332.3
333.8
322.8
861.8
322.4
875.2
333.9
332.8
872.8
322.4
332.2
321.9
323.1
874.3
321.0
864.4
322.3
323.9
333.2
874.2
332.7
332.3
321.8
321.5
875.8
325.4
861.8
322.0
322.8
862.9
332.3
321.9
322.9
334.5
321.3
873.6
323.4
875.2
322.0
322.4
331.8
873.2
322.4
862.2
321.8
323.9
332.8
864.8
321.9
333.3
875.4
335.3
340.7
322.4
872.2
322.5
323.0
862.9
322.9
332.7
324.7
873.5
334.3
325.8
322.3
873.0
321.8
334.2
321.9
862.6
322.7
872.1
322.3
321.6
322.6
874.6
322.0
373.4
332.8
324.8
862.7
321.9
873.3
321.8
333.9
873.6
323.0
332.4
323.5
322.5
874.6
322.3
875.9
332.9
321.9
325.5
333.8
873.4
333.3
863.4
321.6
321.3
332.4
873.7
322.4
335.2
873.2
323.3
322.8
322.3
323.7
334.2
862.1
323.5
878.2
325.9
325.4
874.7
335.3
323.4
864.2
333.8
322.3
333.1
322.4
873.2
331.9
320.9
876.7
332.7
323.3
861.4
324.3
321.4
875.3
347.8
334.3
350.3
323.5
864.2
321.9
865.2
323.0
322.3
332.5
321.4
863.7
332.9
874.8
322.3
321.9
321.3
863.1
323.7
332.8
321.7
874.7
321.2
322.4
875.2
321.2
321.8
332.7
873.1
322.3
332.3
862.1
323.9
322.1
321.2
864.2
321.3
323.4
333.1
322.0
885.3
321.5
862.9
321.0
332.9
322.1
875.4
332.3
863.5
322.4
336.5
332.8
861.7
334.9
323.9
321.7
874.2
332.1
322.6
872.9
321.6
321.2
322.3
332.3
874.1
322.4
875.6
323.1
322.5
323.5
863.0
322.4
322.7
324.7
331.8
320.8
874.7
876.1
321.8
321.9
322.4
863.5
323.9
321.5
862.1
321.9
333.0
333.3
322.4
873.2
863.8
320.8
321.8
334.1
884.8
324.4
333.2
875.9
334.1
332.8
321.7
321.3
874.2
332.4
322.4
862.2
332.3
324.4
320.9
889.9
332.0
863.2
322.1
333.5
333.9
878.7
323.9
331.6
323.1
333.3
864.5
321.3
861.6
322.8
321.6
862.7
325.0
334.2
322.2
862.7
322.6
322.0
322.9
334.5
332.8
865.4
872.8
322.3
322.7
334.2
863.6
322.1
332.9
863.6
334.5
325.1
874.6
333.4
321.9
322.8
881.8
321.9
323.0
863.6
332.7
333.0
332.7
873.4
322.3
323.6
875.7
333.8
333.1
321.4
864.2
323.1
323.4
873.3
321.4
323.1
333.8
874.1
322.4
322.8
875.1
322.0
322.8
323.3
332.2
861.6
321.8
322.3
323.4
874.2
321.8
874.2
334.8
322.8
874.2
323.4
322.7
332.4
872.5
333.7
321.1
873.7
323.3
333.5
321.3
863.3
323.1
322.2
321.6
867.0
324.4
332.6
861.7
321.7
321.9
320.3
862.5
332.7
321.1
321.4
873.4
322.0
874.2
322.3
322.1
322.1
332.1
863.7
330.3
872.7
333.2
321.9
332.4
863.9
321.7
321.9
321.9
861.7
322.4
323.2
861.8
325.5
321.5
333.9
873.6
321.8
335.2
863.6
332.3
326.0
862.0
321.6
332.8
332.8
877.2
322.6
332.9
873.8
322.8
333.8
333.0
332.0
332.9
873.2
877.3
323.3
323.9
322.9
861.2
321.6
320.9
862.8
321.3
345.1
333.3
873.1
325.3
335.9
876.3
333.5
340.8
322.4
323.9
874.6
333.2
863.2
321.9
321.9
368.2
323.4
861.8
322.6
323.4
321.3
864.2
320.9
862.1
339.5
335.0
875.4
335.1
321.4
332.5
875.5
321.9
333.0
333.0
322.4
872.7
339.6
321.7
862.3
322.6
321.7
872.6
332.3
321.5
873.1
321.8
334.0
872.6
321.8
322.7
336.9
874.2
322.4
322.3
862.2
332.9
333.9
321.8
873.6
321.8
321.6
322.7
321.3
864.4
321.4
875.2
322.4
333.8
862.1
403.3
430.1
506.8
322.1
874.6
320.7
322.4
862.5
321.7
322.6
322.1
863.6
335.7
321.9
861.2
322.0
321.6
874.2
322.6
322.9
875.9
324.2
334.3
334.1
323.8
872.7
322.4
864.4
322.3
324.1
334.7
875.4
322.5
334.0
387.4
327.1
877.1
395.7
864.2
334.0
322.6
862.5
332.8
321.9
321.9
875.1
333.2
322.8
873.6
321.9
321.9
332.9
874.7
322.4
333.3
329.3
332.6
323.3
862.2
321.9
874.7
332.8
862.6
322.3
322.4
332.8
875.9
324.5
322.1
322.4
321.9
873.4
324.2
875.6
333.9
322.2
322.0
333.8
863.7
321.9
864.8
332.8
320.4
332.8
875.2
321.3
322.1
861.8
323.1
333.5
875.0
322.0
333.3
322.3
320.8
873.2
322.1
321.9
874.6
322.3
321.9
878.0
332.6
323.0
332.5
873.7
323.1
323.4
873.5
321.8
322.0
322.1
862.2
321.9
321.3
863.2
334.0
323.5
873.2
324.6
395.7
394.6
322.4
336.9
875.2
335.3
876.0
321.9
322.9
861.8
322.9
326.5
320.8
332.6
864.2
332.8
862.4
324.6
321.8
874.5
322.0
322.8
335.5
863.1
333.3
332.4
873.7
322.2
321.6
337.0
322.1
864.4
321.4
321.9
881.6
321.0
323.5
874.2
322.7
322.5
321.7
332.1
873.2
320.9
862.6
321.9
333.3
874.7
321.8
358.2
320.8
873.6
322.8
333.8
332.3
322.7
873.7
322.1
321.9
878.5
321.6
322.7
874.7
322.1
322.0
874.2
321.9
332.2
861.7
321.4
321.9
332.9
863.9
321.9
333.6
873.7
322.6
336.2
321.3
333.1
873.9
323.5
322.8
863.3
459.4
461.4
864.1
322.3
321.4
862.8
332.9
332.4
323.4
333.8
332.9
866.0
321.4
875.8
322.9
322.3
862.2
322.3
322.8
874.5
323.3
321.8
322.3
326.4
867.3
333.3
321.9
875.6
322.7
323.0
323.0
862.5
332.3
332.8
874.3
322.7
323.7
875.1
321.9
333.2
874.3
334.5
321.9
324.5
322.1
873.7
331.9
1050.1
322.9
389.7
332.2
861.7
333.6
321.4
322.4
874.1
333.2
321.5
873.8
322.8
321.8
875.1
332.8
371.6
322.3
875.7
321.8
321.9
322.4
875.1
322.4
332.3
862.3
334.3
322.5
864.1
333.3
333.5
325.6
321.0
874.5
333.0
875.1
322.4
321.0
334.4
323.1
321.9
863.1
321.4
873.8
323.9
333.3
863.3
322.9
321.7
872.1
321.2
396.0
332.3
877.5
332.4
324.9
324.6
873.7
323.1
321.5
864.4
334.8
321.8
333.7
322.0
863.1
321.6
873.5
321.8
322.3
337.2
868.6
322.1
322.8
874.6
332.8
321.9
874.2
322.3
321.5
322.8
863.7
322.7
334.1
873.4
333.3
321.3
322.9
321.8
333.9
862.3
873.5
332.9
337.5
321.9
873.5
321.7
334.4
878.7
333.6
323.3
335.3
333.9
865.4
324.9
875.5
321.5
332.4
333.9
862.7
322.3
334.3
333.3
863.6
328.8
322.6
865.1
332.9
323.1
323.1
874.9
333.0
325.5
321.7
874.7
332.9
321.4
332.2
874.1
332.3
874.7
321.4
332.9
324.6
333.3
862.2
333.3
875.8
322.8
334.5
322.6
873.6
321.9
321.9
323.9
873.2
332.9
323.6
321.9
862.1
322.4
324.0
877.0
332.6
909.0
333.3
321.9
321.4
333.1
862.2
333.0
863.1
321.9
321.3
321.3
324.3
876.1
323.0
322.2
873.5
321.8
322.4
321.8
873.7
333.8
321.8
332.4
874.0
322.3
323.2
862.4
327.8
322.9
873.1
332.4
323.9
324.4
874.2
321.4
874.7
321.9
335.1
333.6
862.2
333.6
322.3
323.8
364.6
874.2
371.5
321.9
861.6
