384.8
465.6
986.3
874.2
768.2
1130.0
1286.8
1199.0
885.9
1158.2
1090.0
1540.8
1395.7
1414.9
877.0
1585.1
865.3
1749.9
1575.5
2436.1
1720.3
876.2
1621.5
2914.5
875.7
3154.1
2352.4
3702.8
2630.0
2860.4
2173.8
2466.0
2653.8
862.7
3137.2
2856.2
2476.7
3081.4
2836.9
2731.9
2278.9
3217.8
861.8
2404.9
2580.7
1825.9
3201.2
3906.4
2894.2
3836.4
1532.5
2825.4
864.2
2669.3
2399.0
1962.6
2944.6
1848.8
2097.9
867.5
1817.2
2903.9
2335.9
2026.0
2049.7
1849.6
1965.0
2521.7
2483.2
1951.4
862.0
1639.1
1976.0
1816.2
1596.8
1589.1
1449.1
1266.5
1110.0
1380.9
1500.6
864.6
1208.6
1084.0
1148.8
866.3
1062.9
1201.9
1179.8
1542.4
1224.1
1415.5
995.0
863.8
1367.6
1366.4
1134.4
914.2
866.6
1345.6
1366.1
1817.9
1560.0
1596.8
1299.3
863.5
1898.7
1370.3
1835.9
1067.8
1839.9
885.2
1626.3
1250.0
1943.2
1446.9
873.9
1729.0
2373.3
2214.5
878.0
2396.0
2040.1
1504.1
2168.5
1312.4
2160.7
2335.2
1156.4
1999.8
1732.5
1753.7
2132.4
2347.8
861.8
2197.8
1421.3
1675.1
1004.1
1353.3
867.1
1869.9
1316.2
1781.1
871.3
1650.1
2322.9
1403.0
1784.0
2007.6
1975.3
1820.1
1840.0
1501.9
861.4
1702.1
1517.5
2260.3
1537.6
1159.1
2225.4
1604.5
866.9
933.4
1548.7
1587.2
1065.0
1598.5
1249.1
1186.3
1044.4
1011.6
862.4
582.5
1025.1
939.9
842.8
946.9
298.0
298.8
384.4
480.3
559.2
861.4
670.9
766.4
874.2
912.7
936.1
938.7
1075.8
950.5
1163.0
909.0
875.6
864.6
1051.9
890.2
710.5
865.6
1119.8
1181.3
1260.0
1387.8
864.1
1736.8
881.0
1900.3
2006.0
1453.9
863.6
2194.3
2372.2
2210.8
2233.8
2348.7
877.5
2314.7
2781.5
2533.1
2495.5
2707.5
863.2
2636.8
2586.0
2459.7
2782.4
2721.6
879.7
3018.3
938.3
3078.1
3443.7
1600.1
3094.8
3157.0
2823.4
864.3
3130.6
3565.5
3325.8
3414.1
2834.1
3376.1
2646.8
2666.8
4124.2
4263.8
2602.6
864.0
2748.8
2896.0
3639.3
4188.6
4396.5
4238.3
867.6
4580.8
2666.9
2826.7
875.8
2773.4
3827.2
1674.8
3711.6
878.3
3628.9
4411.2
879.1
2500.3
2321.4
877.9
3168.0
3498.7
3937.2
4262.5
4968.1
3185.0
3358.1
4667.4
4657.5
863.4
3011.8
2775.1
2834.9
5276.0
3597.9
4585.5
4261.1
5635.5
865.9
3287.4
4648.9
3952.5
3251.8
4770.1
863.9
5053.4
5246.2
875.3
5754.2
4793.5
5299.8
5706.4
861.3
4091.1
3695.4
5056.7
5575.3
5478.4
866.0
4929.3
3215.8
2416.8
3780.9
4408.6
4846.9
5154.6
876.5
3982.3
862.1
3441.3
5301.1
5451.6
4256.7
5143.1
4693.2
3371.6
867.2
4965.2
8126.7
4271.2
5734.7
3280.5
6120.1
4821.3
4372.2
862.6
3767.3
8141.8
5050.7
5521.5
4161.0
865.9
4108.4
7421.3
4285.1
5876.0
5224.4
6426.4
5123.7
6704.3
7718.8
3825.8
3222.9
4132.6
873.0
7219.5
3215.7
4806.0
5568.6
3419.1
6059.7
5586.1
869.2
5367.6
4328.7
5559.7
874.4
5679.3
7658.3
4038.0
3892.0
7380.4
3898.7
5879.7
4585.2
4831.0
4126.9
5156.5
863.1
3232.6
4232.1
7755.9
5832.7
5665.2
870.8
4770.8
3075.2
3809.5
5521.4
5953.7
4027.4
4891.2
5495.1
4584.5
864.9
4638.3
875.1
5051.8
5284.3
4489.7
2697.3
5959.2
4121.7
5469.1
873.3
4305.0
3948.6
4775.1
865.2
2612.2
6112.6
876.6
5037.5
3909.3
5007.0
2592.0
3428.0
3596.4
3243.2
5279.6
862.0
6310.7
5498.2
5528.1
5547.3
5371.0
4743.2
2035.7
4934.7
5373.1
3192.5
4739.8
861.7
2082.7
5509.0
4156.9
3950.0
3481.1
7791.9
6314.0
4229.6
6587.9
6403.1
14.8
863.4
3558.8
5146.4
4951.8
4298.8
4190.2
874.6
5054.9
1309.1
4020.1
6415.1
5911.7
5534.9
862.6
4370.8
5548.1
2986.6
6038.6
4288.7
2701.0
3933.3
3198.2
3228.5
5233.1
863.0
3626.7
3605.6
2346.5
2852.7
1884.3
4222.7
3333.2
2040.5
3860.7
4428.9
5503.6
4566.2
4076.7
864.3
3353.2
3553.1
867.8
1411.1
3194.5
4258.5
1626.6
862.1
3389.6
2809.7
3113.2
2279.6
3090.6
2557.1
2197.0
3493.3
3196.0
1997.5
862.5
4290.8
3430.2
3472.0
3525.7
1725.6
1754.0
2493.3
865.7
3215.2
2258.2
1614.5
3823.3
1948.8
2791.3
1823.3
4022.7
1438.0
2799.9
1929.4
1346.9
2205.9
2501.6
865.0
2728.6
1672.0
1412.5
1333.3
876.0
1067.7
2298.7
1203.1
1683.1
1655.3
1844.6
1485.7
2004.1
1446.5
1602.7
863.1
1275.8
876.7
1301.4
1501.6
1333.5
2425.6
862.4
1791.1
1946.0
2132.4
866.0
2220.4
1900.3
1696.4
1806.7
1456.4
2421.6
2376.7
861.6
2055.1
2198.6
2315.5
1583.7
1280.5
2920.6
2436.4
1754.8
2393.4
1806.5
865.6
2224.0
2500.4
2419.8
1376.2
864.7
1679.5
2178.5
2170.8
1416.4
1803.4
1453.2
1620.5
1667.5
1852.0
1596.0
863.3
1244.9
1398.9
2083.2
1502.7
1351.0
1345.3
1813.5
862.4
1569.1
1653.7
1125.1
1779.9
866.3
1615.0
1425.7
1138.1
1497.8
1042.1
1535.7
1596.6
970.9
585.1
609.6
651.3
742.9
877.2
928.2
1046.0
1084.7
1042.0
866.3
1258.5
1441.1
815.2
1594.3
864.6
1581.1
1569.6
1680.0
1770.3
1255.8
1275.0
1333.7
1484.5
1341.0
878.6
1782.6
866.5
879.8
1518.5
1571.9
1256.4
1643.3
1815.6
1526.9
873.3
2201.6
2014.5
865.6
1972.8
1639.3
2615.1
864.6
1834.7
1468.6
2175.0
2211.7
866.7
2277.4
2616.9
3323.6
862.2
3333.8
1727.9
2805.1
3119.5
2439.4
2102.9
866.7
3335.5
2632.2
3992.2
3128.9
2583.3
3023.0
3002.9
2868.1
2245.4
3574.9
2518.3
3630.4
1509.2
873.0
1807.4
2914.6
2965.6
2872.6
2404.6
2923.9
2725.0
3894.8
2661.9
2110.6
1218.4
862.8
1667.2
1544.7
1637.7
866.9
1460.1
1833.7
1753.5
1601.2
863.4
2066.9
2677.5
1235.6
863.0
2009.5
2283.2
1604.6
3046.0
896.9
2512.8
2380.2
3416.3
2675.2
2937.3
1809.4
862.8
2949.2
2166.1
2567.6
2597.2
2515.9
3697.0
3427.0
1655.8
2961.6
3727.4
1187.5
2282.8
3097.6
3083.0
2975.9
861.9
2437.0
1643.5
1509.6
2205.0
3209.8
2256.0
862.9
1647.9
865.0
1983.8
1933.0
2021.4
873.5
2396.8
2026.9
1937.5
2185.6
2368.1
2408.5
866.4
2546.2
2349.2
2249.2
2973.8
2139.4
2270.5
874.1
2984.2
2427.8
2939.1
2690.4
3237.7
3120.9
2488.8
1754.8
3221.6
868.9
3440.9
2560.6
1704.5
2620.6
2256.5
862.2
1834.9
2687.7
2758.0
2641.3
3053.8
1862.2
2173.9
1858.5
863.0
2189.5
3249.9
2824.3
2226.6
1889.5
2846.8
862.1
2044.9
1506.5
3058.5
1789.2
2073.8
2626.3
863.3
2955.5
1557.5
2662.1
2186.4
2906.8
1777.0
861.3
2615.1
2369.5
1361.3
2553.1
1096.4
865.8
2991.3
1919.3
2325.7
1703.9
2594.7
2518.8
1815.9
1608.2
1791.5
2290.0
863.0
2694.3
1528.1
1466.9
2131.4
2114.4
1883.0
1757.7
863.0
1373.9
2095.0
1529.2
865.9
1511.3
1861.3
2183.7
1799.3
1839.2
1510.4
1113.6
2203.0
862.1
2212.2
1180.7
2347.5
1631.2
878.5
2583.7
872.1
1566.5
1928.5
2081.5
1880.9
2188.7
2603.6
3067.2
862.0
3763.4
2567.2
2716.6
2107.6
2662.9
2696.3
1647.9
879.8
2472.2
1982.4
1731.1
3426.4
3426.4
1937.2
3245.6
862.1
2522.5
3824.5
1925.7
3206.6
864.8
2994.2
2579.0
3345.8
2857.7
865.2
3159.3
2680.8
2232.8
2217.5
3112.4
2791.5
2278.6
2375.8
866.0
2810.5
3356.0
2353.4
3642.5
2712.7
2908.3
874.7
2987.5
1587.3
2867.5
2368.3
2829.5
2771.4
2830.6
1999.4
2547.9
3435.6
2835.4
3197.8
1909.0
2639.6
861.8
2355.1
2452.8
1338.7
1819.9
806.7
1224.6
1762.3
975.0
863.5
1361.9
1555.8
1665.9
1171.2
949.7
1065.6
1174.0
625.0
603.4
493.1
302.3
863.1
565.2
537.0
622.5
1035.7
1021.2
892.0
642.5
982.9
1105.8
988.8
817.9
863.4
493.2
365.0
408.2
428.3
604.4
778.7
865.0
937.0
877.5
1200.3
1458.3
1234.5
1623.3
1333.8
864.2
1896.1
1437.2
1546.6
1458.3
1207.5
867.3
1552.7
2028.3
1613.2
1429.1
1845.2
1693.3
1028.3
2133.6
1534.6
862.0
1382.9
1660.7
1259.8
1532.6
1464.3
1396.4
863.3
1278.7
1319.1
1343.2
866.0
1583.4
1035.9
1208.7
1201.4
1347.4
1177.9
1309.8
