467.3
422.6
1136.6
1225.2
1389.9
1320.6
1401.1
996.1
1336.9
1408.8
1330.1
1160.4
1330.8
1373.3
1375.4
963.6
1577.2
1144.9
440.8
1568.5
2659.7
2590.7
752.5
1713.4
1756.7
1822.7
495.8
320.3
3343.3
3423.5
2044.0
3524.3
3190.2
2685.0
2834.2
3480.9
3733.2
3674.8
3156.5
3225.3
4034.9
1660.7
3913.3
2415.3
1519.7
2356.4
4432.6
4209.4
3482.1
1911.1
2958.1
3301.4
2527.5
3798.9
3934.5
4402.3
1976.4
2537.1
1651.2
2395.0
1968.6
2448.8
2486.4
2376.6
1835.0
1711.7
4399.0
1770.3
2377.7
4165.6
1368.6
1741.2
3573.3
1453.1
1593.3
1706.9
1240.8
4566.9
3635.4
4061.0
1442.4
1417.5
1102.3
1513.8
1412.3
1483.4
4040.0
1373.4
1149.9
1344.7
1646.2
1278.9
4008.0
1419.3
3605.9
1550.9
1572.2
1620.3
1427.2
4407.7
1355.1
1741.0
1324.5
1499.3
1673.4
1880.1
4304.9
1230.2
1745.5
2066.1
5121.5
2233.2
1823.7
1970.9
4610.9
2444.4
1709.5
1328.0
1758.7
1770.9
1952.2
4353.4
1474.1
4920.8
1779.6
2317.1
4501.6
1462.3
5764.1
1367.8
1724.7
1535.6
1362.4
1919.1
1686.5
4692.3
1744.0
1650.4
2005.0
1759.2
1711.7
5560.5
2274.8
1481.3
1770.8
1741.9
1164.7
4623.5
1249.0
1630.6
6686.7
6184.4
989.2
1530.1
1316.6
1206.5
901.8
1365.7
896.7
6223.3
839.4
769.8
818.1
725.9
6233.8
321.5
320.1
350.9
6235.5
440.6
490.8
5826.0
6269.3
5821.5
712.4
920.2
5598.4
952.7
933.3
1009.5
974.7
6189.8
919.9
787.5
1006.5
748.3
6293.5
1155.1
743.8
1015.7
1122.9
5603.0
6221.5
6536.5
1496.6
5191.6
1696.2
1738.9
1621.7
2080.7
2281.9
1914.1
1334.1
6159.1
1909.8
1460.6
1776.6
2118.6
2068.6
2520.2
7183.5
2723.9
6438.8
3283.3
2773.0
2744.5
2266.6
2399.5
2625.0
2708.2
6571.1
2522.8
2404.2
2753.3
3095.5
2545.4
2544.5
3086.1
3220.3
3139.3
2697.6
3044.7
8351.5
3057.3
7891.9
8930.6
3076.0
3090.1
6917.2
6622.8
7777.8
2539.6
2932.3
2078.9
2393.6
2719.3
3386.7
2206.1
8838.3
2457.8
3460.6
2578.0
3045.9
2036.3
4191.8
3734.4
9758.9
3019.8
3446.0
2687.9
3959.4
4122.3
3267.7
2909.3
3016.1
9205.3
7456.4
2799.2
3185.5
3786.8
7741.4
10156.4
4319.4
2927.6
2837.9
3611.3
3610.9
4682.1
3206.8
2646.3
3125.6
4565.2
5122.2
5211.7
3962.4
2684.2
2864.5
3749.3
3815.6
5572.7
4491.0
2950.8
3643.8
5151.2
3999.4
3853.8
4616.0
4033.3
2382.6
5233.4
4214.1
4225.4
4044.8
2798.9
5516.6
4444.4
10378.9
3854.5
4583.2
3693.2
4978.1
5453.2
3175.0
4909.4
4354.2
4262.2
4268.1
4055.6
2379.4
3322.1
3898.1
2137.4
4813.9
3795.5
1581.6
3338.0
4290.3
4394.6
4882.6
5835.5
3967.2
3338.9
4123.7
3123.2
1861.6
3477.8
2340.2
3997.8
3226.9
3300.1
2564.8
4773.2
4191.4
4956.7
2555.2
4135.6
3314.9
1799.9
3205.9
4122.5
3767.8
3760.6
3348.5
2812.0
2411.2
2073.0
2911.6
2823.7
2889.3
3433.1
2098.6
3704.9
2320.4
3034.5
2053.8
3424.6
2898.8
2944.8
2785.1
3535.3
2996.2
4211.5
3573.8
4171.0
3340.5
3560.8
2253.0
2628.0
2947.8
3361.2
3663.6
2866.3
2591.6
3597.3
2047.6
3217.2
3718.8
4188.5
2828.6
3651.2
2874.9
4311.7
3219.8
2874.3
1798.6
1825.2
2048.4
2966.5
2890.4
2384.6
2173.1
2378.0
3056.1
2333.0
2461.4
2967.1
1537.0
2360.5
2577.6
2772.0
1870.3
2408.1
2401.1
2060.5
1602.7
2149.7
1841.2
2061.9
2059.6
1938.3
1681.3
1849.9
1907.6
1893.6
1808.6
1828.9
1506.9
1702.7
1873.3
1382.6
1880.3
1162.7
1496.0
1391.4
1622.0
1186.5
1314.2
1186.7
1073.9
1396.8
1152.5
775.1
514.9
479.9
403.3
454.7
325.1
776.6
815.2
574.6
629.8
811.7
745.3
413.0
349.9
519.3
619.1
831.5
1046.8
985.0
1067.5
1480.9
1160.9
1461.1
1491.1
1344.4
1253.1
1184.0
1363.4
1644.0
1284.3
1145.1
1142.7
1053.6
1227.0
1247.1
889.9
1049.7
874.2
1088.7
1122.2
975.6
962.5
995.8
770.4
879.3
735.9
700.1
703.1
569.7
538.2
418.3
541.5
437.2
548.9
877.7
951.6
995.9
936.0
780.3
734.8
435.2
320.5
319.1
320.3
428.8
505.0
742.3
832.5
717.9
832.9
786.7
799.7
728.7
745.4
564.2
777.6
884.1
684.2
558.6
899.1
925.3
963.3
1021.8
1033.7
929.1
1055.5
1041.6
1074.3
1362.3
1114.7
1198.5
1518.2
1876.8
1641.7
1994.5
1884.7
2046.5
2159.5
1916.5
1911.8
2474.6
2091.1
2067.5
2443.0
1967.3
2438.8
2461.1
2542.3
1926.1
2208.3
1695.4
2249.1
1963.0
1731.4
2185.6
1316.1
1209.0
1673.4
837.9
437.8
600.4
501.9
856.0
1073.5
1096.2
931.5
1039.1
1289.3
1266.4
1463.9
13.9
1467.8
1577.3
1337.6
1752.4
1662.3
1548.2
1605.8
1681.0
1485.5
1455.5
1475.4
1436.6
1508.4
1688.2
1664.8
1397.4
1658.3
1072.6
1189.0
852.7
886.6
731.8
450.0
484.5
438.7
733.6
879.6
1051.0
1298.0
1176.7
1391.9
1453.2
1079.0
1354.4
1552.0
1849.4
1673.1
1462.8
1555.9
1425.6
1778.6
1336.9
1965.8
1365.4
905.9
1171.4
1505.3
1119.8
1036.4
1625.9
1534.1
1638.7
1260.7
1539.7
1036.7
1307.9
1246.2
1135.9
1014.6
957.9
1146.9
922.2
1005.6
1078.4
1030.4
912.3
1191.1
1196.4
1034.1
1034.6
994.6
1094.6
901.3
830.3
861.9
876.6
846.5
902.3
931.7
817.1
1073.5
978.3
669.8
841.4
506.9
590.1
435.4
530.6
653.9
347.5
527.1
612.8
555.2
637.9
767.4
501.0
854.0
738.3
482.0
375.2
348.9
432.1
567.5
566.8
831.7
869.2
1085.4
973.3
1259.3
1299.3
1187.3
1492.9
1440.8
1125.7
1326.9
1519.9
1284.1
1170.5
1035.0
992.5
1285.9
1148.4
1024.1
1003.6
1046.4
1081.0
1216.7
1203.9
1303.3
1180.6
1266.0
1159.7
1124.4
1373.0
1305.9
1397.9
1654.1
1278.5
841.0
1483.1
1304.3
1443.9
1476.5
1086.8
1578.9
900.5
795.4
1069.1
929.6
682.7
321.0
456.9
447.3
488.3
572.3
516.6
584.1
536.3
351.3
372.9
321.1
387.2
384.4
425.7
642.2
797.6
910.8
962.5
948.4
936.9
860.9
769.7
807.5
359.2
320.3
411.7
675.2
964.4
1049.7
1237.5
1019.3
1193.9
862.9
1318.3
1274.7
1448.9
1434.2
1366.9
1568.0
1433.6
1193.8
1292.6
1482.6
1072.6
979.5
1367.8
825.2
1412.4
1297.0
1200.1
1027.7
1323.4
1051.5
1295.8
1049.9
1164.4
1116.1
1026.6
