526.0
631.2
942.8
1074.7
1340.5
1062.9
954.6
1336.9
1355.9
1056.3
1207.9
1263.1
1259.4
1579.3
1509.9
2446.2
2334.6
1747.6
1055.9
1364.5
2270.4
1657.1
1724.7
3143.1
1308.5
1736.8
3340.4
1986.0
2992.7
1729.0
1996.0
3093.6
2039.5
2433.4
3598.5
1864.2
2340.5
3468.0
1650.9
3475.7
1481.7
1551.5
1891.0
2975.3
1371.4
1492.2
1001.4
3840.7
1151.4
1054.1
1277.4
3719.2
1010.6
4183.6
930.7
3733.0
1117.2
3312.5
1119.7
1251.6
1199.6
762.2
3159.4
1030.3
994.6
487.6
724.8
444.7
328.0
337.1
353.0
344.1
2899.5
3325.7
319.4
4231.7
321.8
3272.2
320.2
424.5
3367.5
524.0
416.7
3125.4
576.7
616.5
328.7
3049.5
319.6
577.8
563.0
3055.7
2844.7
615.3
2283.2
918.4
898.2
860.6
809.9
775.5
644.0
589.1
319.5
2762.6
480.7
3017.2
686.2
469.9
647.7
746.6
752.9
679.5
641.7
3334.8
797.6
3072.4
709.3
786.6
853.4
706.6
762.4
813.1
3469.0
857.8
790.6
539.1
3967.8
364.1
3531.5
320.5
348.9
688.2
687.5
3940.6
3624.7
704.6
957.6
744.7
935.1
3995.2
4031.6
860.0
933.5
870.5
837.3
944.3
614.9
650.6
3839.7
461.3
4239.8
433.5
451.5
415.5
397.1
4164.1
3767.6
320.3
440.5
430.4
325.1
321.1
3978.4
408.1
3735.8
629.5
623.2
448.0
581.9
4459.6
4418.4
531.7
4015.8
320.1
4278.5
339.9
3664.5
396.5
3126.8
486.7
471.8
3986.4
620.0
691.8
574.7
811.3
2973.8
559.1
588.2
633.1
457.3
4107.4
520.3
816.2
684.9
814.3
912.2
960.7
985.6
935.5
3962.5
1131.7
3633.1
4167.1
1404.6
3547.9
1467.8
1495.3
1427.6
2031.0
1691.3
2027.6
1752.9
1796.9
2043.4
1732.8
1461.8
1890.6
3647.7
4470.3
5213.4
4243.8
1274.3
2067.3
2031.7
1276.3
1976.5
2188.4
1849.2
1682.6
2024.9
2176.3
1125.4
4486.4
2085.5
2668.5
1652.3
1986.8
2672.1
1260.9
2135.2
4951.8
2070.7
1343.4
6298.0
3080.5
1849.6
6135.4
1391.7
1502.4
5923.4
1123.8
1698.3
1439.2
5936.0
1598.1
7039.6
1563.3
1609.0
1500.2
1781.6
2078.4
1897.2
1093.0
2203.5
1725.8
2658.0
6984.1
2609.4
2293.7
1961.2
2011.1
2756.2
7428.0
2093.3
3004.3
2370.5
1742.5
2991.6
7501.6
7180.1
2675.2
6756.6
2327.0
2052.1
1985.1
1169.6
8093.6
2559.7
2751.7
9311.2
1678.2
6628.2
1812.5
2174.6
1566.8
2215.5
6331.2
1833.6
7292.5
2264.9
1969.0
1760.8
2270.7
7313.0
2087.1
1891.8
2038.6
2390.8
1552.4
9600.2
2249.9
1853.9
2252.5
2018.5
1977.4
2273.9
8100.6
2496.3
1692.0
8128.5
2572.3
1942.9
2292.9
8309.9
2205.2
2118.7
2072.3
7310.2
2466.1
2508.5
2272.2
8267.9
2232.9
2150.7
2114.4
2571.2
1469.6
10195.3
2320.3
2022.2
2099.4
9269.1
1905.6
2236.2
1415.3
1669.4
1265.5
1700.0
10536.5
1271.1
1239.8
1011.7
1457.0
1458.8
1337.8
10246.3
1203.5
9362.1
1022.8
1249.2
1017.8
1244.4
1057.4
8470.5
1176.7
10225.0
985.9
9219.5
1235.0
8947.1
1386.3
1198.8
1193.2
1098.0
8946.4
1101.4
884.7
708.4
10381.9
352.6
320.0
9189.1
478.8
542.2
557.3
493.9
660.4
8576.7
437.7
10021.6
590.7
543.8
608.0
10147.8
673.3
9100.2
883.8
809.8
9485.6
933.8
1127.8
1020.9
1291.2
1236.5
1147.8
1184.7
742.3
847.5
881.2
550.6
608.7
10103.6
926.8
844.7
10768.1
888.4
1104.0
1069.4
1130.3
1186.9
1134.9
1103.9
1079.6
868.4
637.1
741.4
565.1
434.9
320.2
10462.7
321.2
320.3
10183.2
403.6
521.7
9280.1
9742.7
873.5
1037.1
988.9
994.7
1220.3
792.2
1081.0
1265.9
1174.2
838.1
10760.0
870.6
9565.9
798.2
808.4
455.7
487.5
319.9
319.9
8947.3
409.4
320.5
10272.1
320.3
706.1
512.7
471.1
8051.6
617.8
737.9
774.3
762.5
850.1
667.4
623.3
405.2
429.8
320.3
8768.4
363.8
410.3
397.7
357.3
505.4
10963.7
517.0
604.3
492.9
658.8
557.4
10274.7
10894.1
320.3
320.6
8065.8
370.0
321.5
361.8
10735.9
9282.8
503.9
532.8
588.2
8853.0
565.5
685.9
610.4
639.4
8490.9
321.1
319.5
10528.1
414.0
10502.6
851.7
856.5
1017.4
1059.0
1158.9
921.6
781.1
7244.3
984.5
965.7
785.7
1258.3
1165.8
1178.3
802.2
976.3
10980.5
765.5
1058.2
947.4
898.6
1164.2
479.6
477.9
10899.7
427.1
489.1
7550.0
517.3
10167.8
540.9
662.4
687.5
10810.9
504.9
420.3
442.0
398.8
410.8
426.8
375.6
322.8
9767.1
323.7
402.2
8325.8
770.2
843.4
823.9
872.4
790.0
687.5
773.8
442.6
319.9
320.0
10124.7
419.6
528.2
818.3
852.7
10577.7
897.5
1116.7
1010.5
860.5
9735.5
880.6
1147.7
9656.4
649.1
897.4
691.0
10378.1
1021.1
965.5
645.5
884.6
897.4
916.8
847.8
869.8
733.3
798.0
622.6
8534.3
834.0
10050.3
905.9
1095.4
1192.2
977.5
1182.4
1201.0
10170.5
1443.4
9989.7
1767.2
1731.2
1567.6
1594.0
1745.2
8845.2
1630.3
1691.3
1903.2
1923.8
1795.5
1981.6
2191.5
1904.2
1713.0
10974.7
1530.6
1782.3
1680.0
1326.8
1429.9
1624.6
1214.4
1055.3
747.1
7938.0
400.9
320.2
319.9
320.4
455.4
664.9
735.7
606.0
850.5
777.1
931.9
693.2
846.8
1029.0
853.9
1205.7
900.5
1022.9
1101.8
997.1
1245.4
1136.7
1118.3
1414.4
1360.6
996.7
9950.4
1542.0
1493.3
743.4
1449.3
758.8
764.9
436.7
532.0
9407.4
383.0
320.9
321.4
444.4
527.3
561.4
9178.7
944.6
765.6
1041.4
1274.2
1389.2
1249.1
969.7
1530.5
1397.0
913.4
1758.1
1527.0
1515.2
1272.3
1593.2
1072.2
1010.9
858.5
1124.1
932.4
782.2
943.0
1050.2
1027.2
794.5
793.6
801.0
796.4
823.4
765.2
638.7
466.5
326.1
407.5
452.1
475.0
599.5
324.0
339.8
341.8
326.3
449.4
410.5
458.4
426.8
320.0
321.3
322.5
320.4
477.8
481.8
483.6
662.6
536.3
692.8
505.1
465.5
328.1
324.4
321.1
319.8
397.8
320.7
414.9
511.5
10733.4
705.3
736.7
632.0
737.6
642.4
697.2
442.4
434.7
329.7
351.0
415.8
9231.6
542.3
456.4
876.8
10398.1
1199.4
1260.7
1403.2
1495.4
1494.1
1420.2
1437.5
1288.9
1199.7
1314.3
954.9
1041.8
1182.6
946.1
1073.5
792.2
894.7
993.6
960.1
975.3
849.0
812.9
1070.9
887.0
951.2
949.0
896.5
736.2
1021.6
795.7
653.9
887.2
925.0
814.8
863.7
1035.9
933.5
1030.9
745.7
978.8
724.8
584.4
670.1
583.8
320.3
320.3
320.8
370.8
336.8
492.3
537.1
331.1
321.3
348.6
344.7
401.0
320.0
393.7
320.0
452.1
543.2
820.1
805.6
768.6
673.0
873.4
661.4
387.7
321.2
320.4
492.2
614.1
668.1
886.7
1055.6
1184.2
1085.3
978.5
1190.1
1135.7
1278.2
1387.6
1201.4
1344.7
921.2
1326.5
1049.4
979.3
695.1
850.9
490.9
655.5
660.8
418.5
526.0
491.0
703.0
862.5
772.5
728.5
837.9
713.9
10525.3
10140.5
10392.4
10232.1
8935.1
10357.8
9458.7
10025.2
9091.9
