466.7
485.5
887.7
860.0
987.6
1279.7
917.9
1295.0
1418.9
1507.9
870.5
1191.9
1368.1
1647.5
1526.2
1582.5
860.7
1890.3
1219.1
2099.5
2156.9
1368.2
2015.9
878.7
2546.2
1491.6
1465.4
1356.5
1855.0
2287.2
1638.2
2728.6
2150.6
1622.1
3161.3
2435.7
2195.7
1536.7
1964.7
916.8
3349.5
1821.8
2003.0
3625.0
2189.8
3959.5
1985.2
1771.9
1612.3
2457.6
3894.8
1479.7
859.1
3472.5
4219.6
1516.0
2580.2
3112.6
1801.1
2665.4
1010.2
1553.5
2735.5
2008.6
2585.0
1087.7
3000.4
1975.2
2896.4
904.3
2743.6
3411.5
3136.9
2629.4
2358.0
2009.9
902.8
1761.2
2482.1
1802.4
2165.9
982.4
1442.5
1020.1
2292.7
859.7
2415.1
1642.2
1604.5
1294.5
991.4
2312.2
1171.3
2090.1
2749.2
1096.9
904.6
2275.4
2932.2
2070.3
1181.2
2576.5
1828.9
2307.3
2612.8
1295.3
857.8
1158.9
1685.3
2711.0
2502.3
3175.0
2068.5
1820.6
1162.4
1438.0
3425.0
1145.9
2991.2
3860.1
3263.5
903.3
2826.9
1658.5
2505.1
1056.6
3022.2
3084.0
1138.6
3066.8
2045.3
2891.8
3847.5
2464.9
3877.5
859.2
2082.2
3086.4
1522.5
3517.4
1320.4
1153.1
4675.2
1007.6
4485.9
919.5
3264.7
3293.7
2414.8
867.8
2666.3
3106.2
2857.9
2149.0
3113.4
3468.4
873.3
4024.1
3628.0
3214.0
2357.3
2700.8
893.8
1740.1
3142.8
3181.8
2697.5
2565.6
858.1
3136.1
2202.7
2017.4
2162.4
2277.3
1146.6
3973.0
3005.2
1009.4
3491.1
2393.1
1678.5
904.5
1307.0
3173.2
1151.1
1746.9
1592.7
2218.3
2590.7
2197.0
1397.0
870.2
2928.4
1393.8
2875.5
3047.4
1859.4
3214.9
1743.2
911.9
2289.0
2883.0
2791.1
2557.2
2181.9
2070.8
3943.3
3868.9
3812.3
905.7
2275.5
4320.5
4080.7
2867.5
2659.2
867.6
3474.1
3577.6
4623.4
3796.1
3436.9
3616.3
2738.2
3780.6
2664.0
4891.7
3931.3
2718.7
4976.0
3962.4
4963.3
904.0
4096.6
3673.7
2995.4
2560.7
2416.1
5256.9
3591.1
4038.7
5818.6
860.6
4062.4
4571.1
3090.9
4028.8
4548.0
2474.5
869.1
2776.6
5152.3
5431.8
6004.3
5911.9
5938.7
6551.4
2881.3
4565.5
6562.3
5652.4
6104.4
5245.9
905.2
4534.1
3363.5
4950.5
5529.5
5061.0
6049.4
4498.0
3410.1
4079.0
4237.6
3578.9
3275.9
3045.6
7118.1
4721.1
858.8
3155.3
6301.8
5685.3
4796.4
5896.6
5647.8
4217.6
3907.4
903.4
6357.7
3676.0
7014.9
3516.1
3188.4
5767.9
5829.2
5984.0
859.3
7413.5
6396.3
6730.8
3593.5
7264.8
3553.6
3302.1
857.6
6730.1
6219.0
6972.6
6373.6
3284.0
5810.7
5424.9
6887.5
7656.6
8059.9
7343.1
3366.0
4067.7
6728.0
8521.0
904.2
3362.5
3861.2
8521.3
2975.1
3668.9
5508.2
6072.2
7768.6
8522.6
7860.5
6229.5
3290.3
860.1
2339.4
7333.1
8674.8
7650.9
2927.4
7479.0
8132.7
5913.2
8447.3
8072.0
2813.4
8203.5
6947.6
2673.1
8606.0
8738.0
7060.7
6089.3
6029.1
2342.1
915.5
8008.9
4020.7
9308.7
2419.8
2162.3
5858.6
8781.9
7168.7
6725.3
9148.7
8029.6
8066.3
9125.9
858.3
7886.9
1948.9
1915.3
8075.6
9223.7
8275.5
5689.8
8516.9
7464.2
8000.6
2197.4
870.1
7231.3
6659.0
7603.3
2241.5
8813.4
7013.9
8059.2
2354.1
2231.7
8505.5
903.2
7415.0
2361.5
7614.6
7564.7
2146.0
8992.4
6285.9
2255.3
8389.7
5838.5
7089.7
7791.8
869.6
2253.7
2089.7
8946.4
8087.7
1740.8
1169.5
9026.5
7746.2
8186.8
8449.5
6351.8
8561.4
8355.8
6827.9
8534.1
9099.3
859.7
1327.0
8032.4
1538.5
5982.1
6234.7
6932.5
9328.8
1629.4
1484.1
1207.8
8206.9
904.4
8566.7
8146.0
7680.0
929.9
7742.7
8452.4
8803.7
7323.5
951.7
7533.1
6790.5
8151.3
8487.5
9819.5
6881.8
8955.6
973.6
858.1
7553.0
8443.9
4297.0
8712.1
7364.4
7926.9
968.2
5913.4
7263.4
9478.3
998.5
7474.2
8032.6
897.0
7882.4
8198.4
914.5
869.6
5930.8
950.0
8922.9
8015.8
8813.1
7571.0
929.9
10066.3
7384.2
5231.6
4158.9
9218.6
8109.6
869.6
7530.8
7548.8
6752.9
1066.7
9563.2
8201.2
7384.7
10299.7
7035.8
1008.6
8394.2
7954.6
940.3
5430.5
7134.8
8422.1
7996.6
915.6
8456.8
898.5
9123.2
8056.5
7876.0
7119.0
6251.1
6535.5
858.3
7529.1
1453.3
5217.8
1402.0
7062.2
6320.5
1167.3
5884.5
8331.1
7966.2
8527.4
1383.7
7896.5
7615.7
919.8
1383.2
1086.6
8871.5
6357.6
6452.5
1145.2
938.7
5212.2
859.1
6199.1
7982.6
5586.9
4169.9
7603.7
9146.5
6869.0
5475.4
1049.8
5604.1
9004.1
4613.5
8659.7
890.4
7959.6
8271.7
967.9
8118.9
6009.6
916.0
7743.8
950.3
1164.9
8099.2
7767.9
1080.6
10112.4
8456.1
6985.2
858.2
6549.5
935.1
8973.3
4824.8
7746.4
932.7
7136.9
1114.6
7821.2
859.7
8152.4
6039.4
6602.5
9712.3
5618.5
4863.5
8015.0
8548.1
1333.2
1232.1
9309.0
6640.3
6430.9
8706.3
9338.1
9806.5
7964.4
8124.8
8734.4
906.8
1290.2
4919.7
1185.6
9450.4
1146.4
8673.4
5961.5
5756.6
6213.1
870.2
7920.8
9442.5
9666.7
1735.9
8081.3
1605.5
859.7
7043.0
8086.2
2037.2
5581.7
9779.7
7610.9
9481.6
2009.1
7747.4
903.8
9552.3
2164.1
2202.4
8070.0
9474.9
6847.8
1846.7
9890.0
7955.7
1571.6
1451.6
8791.1
5936.4
7692.8
989.8
8596.4
8119.4
9615.0
858.5
9086.7
10936.6
7360.7
7375.8
874.8
8618.4
7562.9
1113.9
8069.3
6938.6
905.1
8910.8
1421.5
6593.0
9466.8
9276.9
8716.7
1481.0
7739.9
8407.8
6968.4
8443.7
869.3
8522.7
1941.7
10082.9
7794.1
1853.9
1769.9
9334.1
1686.4
10986.3
9917.9
7641.2
1245.4
8773.5
8356.6
904.1
9478.5
891.9
9136.9
8229.4
9159.8
942.2
8592.8
9038.1
10228.2
859.4
7783.2
8227.8
10104.5
10631.0
9236.0
9114.4
8483.3
9344.3
1315.7
10334.2
8788.3
1334.6
870.0
7595.8
9367.3
10638.2
7353.2
9924.8
1672.1
10062.7
9012.0
1742.8
1244.2
10031.2
9653.5
1417.8
914.6
9860.8
1365.4
10020.6
1108.3
9479.4
1116.3
9328.7
973.5
9609.6
9424.9
862.8
944.3
9028.6
9319.0
10214.4
9544.6
10130.7
8506.1
9682.2
880.1
10317.4
9364.9
11009.8
9128.8
10308.1
862.1
10068.2
873.3
9009.9
9786.6
9368.1
870.1
10095.3
9031.9
9533.6
8994.2
10188.5
903.1
9858.8
10234.3
916.6
902.7
904.5
10673.7
8532.4
10031.5
9901.1
9621.1
868.6
8592.5
9102.0
859.3
8701.5
10358.4
10403.4
944.4
1067.1
9973.3
8955.5
1029.9
869.9
10727.0
1107.3
10813.1
10425.8
10585.5
9898.0
1138.9
11033.9
10361.8
11037.4
10475.7
9194.2
10639.1
904.9
10538.3
9625.9
8193.9
1746.0
11390.9
1558.9
11620.9
1548.5
10021.9
10117.7
868.5
10871.1
11066.8
10679.5
9686.5
1656.1
13090.9
1281.6
11200.3
9445.8
7160.9
10762.1
7136.0
1369.0
10130.9
9327.4
10414.4
858.0
1211.3
8636.2
11505.2
7467.8
11165.4
1196.6
10509.8
1605.6
10223.8
12071.4
905.9
1473.3
8573.2
11043.0
9865.8
10961.0
9934.7
1455.3
1385.7
11930.2
8499.7
10404.6
13039.2
858.0
1349.7
8018.0
1141.5
12916.8
11681.7
12013.2
7614.0
12704.3
10918.4
870.8
9821.6
9415.1
869.3
12584.1
11815.2
10317.6
9802.8
903.5
870.7
11997.1
10159.6
10271.8
12255.5
9795.0
894.6
9100.5
9289.9
11527.5
1034.2
861.9
11980.3
926.8
12932.1
9356.5
12861.5
1065.0
11676.1
11980.3
10018.9
12024.5
10508.5
10395.9
1135.5
916.6
8907.3
11535.0
11718.1
11840.6
1252.7
12248.6
12382.0
8943.8
10013.7
11641.3
861.4
1584.2
12072.4
11874.1
12075.4
11239.4
1686.1
10379.9
11350.7
1644.5
10883.9
1429.0
11529.6
11917.2
11877.0
1118.8
869.2
9838.1
9561.1
1139.4
11707.4
10863.7
11646.9
1082.8
11924.7
11877.0
11488.9
1119.5
11730.7
11550.6
10333.0
10324.8
10740.8
13478.5
12018.0
11096.9
11431.4
11527.8
11884.1
11981.6
10731.9
10981.1
11189.8
11310.3
10277.6
10065.7
11055.3
10755.0
10238.0
10451.2
9030.6
8759.5
10401.1
10830.3
8848.1
11032.5
10025.2
10606.5
8965.7
9673.5
8435.6
9650.4
10392.4
10891.0
9742.4
9501.7
8820.1
7854.6
8433.6
8083.4
9914.7
8133.8
8810.0
8481.0
8780.0
6841.4
7905.5
10412.5
8776.2
9171.8
8456.7
9702.3
5909.4
5906.3
8969.6
6933.2
7568.9
6433.0
6885.5
8032.2
6139.2
7272.2
8354.4
6090.4
6174.6
8339.7
8128.5
6672.3
7596.2
6167.1
6653.9
7277.9
8645.2
