311.1
308.0
487.3
558.6
586.4
894.0
774.4
840.0
952.6
895.9
1154.4
939.0
892.7
937.0
993.6
893.3
1122.6
916.0
725.1
1472.8
541.8
875.5
712.3
547.0
884.9
866.2
878.3
1041.4
950.2
873.1
865.7
915.6
630.4
1040.2
887.1
1241.8
869.8
674.4
1090.0
893.6
958.0
877.9
395.1
864.7
384.7
372.4
425.6
417.4
302.3
303.0
305.6
868.7
301.6
301.9
357.4
341.6
304.3
866.2
298.7
864.3
467.8
552.0
561.0
622.3
494.5
303.7
877.1
433.7
353.7
403.1
299.9
299.9
863.3
301.1
302.3
302.5
301.5
876.3
522.8
522.5
300.1
307.5
864.2
308.2
315.4
300.0
519.5
616.3
650.2
515.4
601.9
865.7
303.8
301.6
301.8
872.6
400.0
566.5
496.5
595.4
879.3
373.4
411.6
353.8
350.8
343.6
339.2
867.1
361.5
866.5
555.4
626.9
487.7
433.7
500.0
440.9
868.7
625.7
540.7
455.0
867.4
494.5
611.8
692.5
301.6
309.3
314.5
498.4
418.2
865.8
474.1
397.0
440.1
884.0
313.7
308.4
300.4
889.4
333.9
385.4
435.6
350.6
436.0
875.5
381.4
425.9
336.4
309.2
458.6
362.8
467.3
884.5
378.3
886.3
435.0
472.7
523.4
386.3
312.0
869.3
468.9
436.4
321.7
301.3
875.3
368.5
439.9
432.0
376.2
300.3
347.6
864.5
373.3
418.2
393.3
515.5
398.5
875.0
306.8
307.1
328.6
426.5
425.4
320.8
868.0
578.1
625.6
877.7
736.1
703.1
727.3
510.3
871.8
329.0
346.1
359.6
299.2
303.5
302.6
880.1
376.1
424.0
428.0
481.8
868.0
317.2
417.2
421.0
381.4
879.8
508.9
498.5
546.5
579.6
869.0
644.7
832.5
689.6
869.3
676.1
967.2
1009.7
1082.6
934.1
880.0
797.1
880.3
542.7
430.5
867.5
538.6
531.6
536.3
519.9
717.6
698.4
866.0
687.4
772.0
897.8
829.3
869.0
920.3
669.5
737.1
869.3
884.4
597.1
523.5
424.1
497.0
315.6
383.9
372.2
871.9
301.5
305.4
299.9
866.1
428.9
301.4
428.8
301.1
863.3
387.1
374.1
417.9
527.2
406.5
299.9
865.5
300.9
299.3
325.0
451.2
367.3
499.2
384.0
877.6
373.6
409.9
398.4
880.3
623.9
793.4
750.4
823.8
818.3
866.4
805.2
878.9
743.6
788.7
576.6
637.6
465.5
866.2
610.1
749.4
744.1
735.9
575.6
476.1
869.6
306.5
306.3
316.4
317.8
306.7
307.2
865.3
435.6
365.4
375.6
869.9
301.0
300.6
427.2
623.9
881.4
677.0
773.8
846.7
750.9
879.7
791.0
711.6
551.5
504.2
462.9
548.3
864.1
605.5
717.5
669.1
555.2
710.5
490.8
877.1
313.4
877.7
301.2
300.9
424.7
578.8
624.8
564.0
863.8
451.8
788.1
319.9
585.6
462.0
868.3
327.0
299.4
428.7
388.3
863.7
544.3
520.9
368.9
301.2
869.4
301.4
313.0
396.6
381.7
301.8
863.9
325.9
310.3
385.8
501.8
440.7
456.6
326.9
865.8
302.8
300.2
338.1
868.2
330.8
302.5
303.2
863.7
301.6
300.9
317.1
328.8
563.2
388.2
868.2
572.7
585.6
771.9
877.8
638.2
331.1
418.5
865.9
306.9
306.1
306.6
328.2
530.5
545.1
685.5
539.3
870.6
505.6
343.0
313.0
420.4
389.4
867.4
302.9
300.1
364.0
878.4
490.2
648.1
740.9
724.4
865.8
670.9
812.1
670.5
634.5
866.3
356.0
334.3
328.3
300.9
304.4
868.4
345.7
315.5
356.1
427.5
534.6
431.7
889.0
426.6
447.5
584.9
575.1
661.4
893.7
588.7
514.4
887.1
406.6
300.0
301.6
307.3
302.0
863.5
300.9
299.4
299.8
866.7
304.0
302.3
361.9
517.0
373.2
550.5
549.2
864.6
1061.3
1063.6
1144.7
1244.6
1383.9
1463.6
1488.5
1508.3
989.6
1535.6
1300.5
1408.6
1136.9
1058.5
709.2
430.0
773.9
299.6
863.6
357.2
350.9
391.4
327.3
299.9
302.9
878.3
459.5
534.0
674.3
626.5
666.4
408.3
864.9
481.3
329.7
351.2
311.8
882.2
302.9
301.8
864.8
328.9
477.5
456.2
377.6
328.4
874.5
300.8
477.9
653.2
510.4
716.4
436.4
408.4
867.1
300.1
299.7
865.3
299.1
302.3
301.2
300.9
371.0
563.7
479.9
597.1
865.1
516.6
472.0
571.4
559.5
877.7
300.3
301.9
863.8
354.5
321.8
400.1
738.1
797.2
876.2
744.3
788.4
568.7
454.7
867.1
555.0
516.2
561.2
482.4
601.4
877.8
524.1
594.2
600.7
877.4
408.2
301.5
419.3
423.5
392.6
476.2
416.3
444.4
874.9
305.5
307.4
377.6
869.6
403.0
356.5
481.3
464.2
605.5
603.2
873.7
378.6
304.3
870.5
302.3
429.5
423.3
421.6
302.8
414.5
864.4
301.4
310.5
401.1
868.8
588.1
632.0
770.7
845.6
867.3
826.5
598.6
466.0
583.0
300.6
866.0
298.5
301.0
301.6
875.3
512.4
439.8
501.0
547.4
716.1
488.0
370.8
869.3
405.9
380.2
417.0
326.5
874.1
531.5
585.2
636.3
651.2
483.9
547.5
871.1
301.0
301.2
472.7
490.8
864.3
465.6
541.0
423.8
879.3
504.4
473.0
402.4
503.7
876.6
482.9
635.3
780.6
887.3
868.1
862.7
1050.9
865.3
1010.0
1000.0
969.6
1007.8
1067.9
819.1
1057.9
457.2
868.5
803.7
780.8
814.7
816.8
877.7
882.6
686.5
908.8
824.8
572.7
301.4
867.3
305.8
325.1
319.7
299.9
301.8
866.2
301.3
299.4
299.3
300.0
864.4
300.0
298.9
303.4
863.7
300.6
303.4
302.6
361.2
302.0
436.3
410.5
432.3
865.5
458.6
377.3
318.9
868.0
300.7
391.6
321.8
494.7
365.7
511.5
865.1
372.8
472.5
495.4
415.7
882.8
367.8
867.2
646.0
870.8
959.3
955.3
876.1
823.3
1000.6
835.9
1026.7
1099.7
394.2
865.9
300.2
302.6
301.8
863.3
305.2
329.7
326.3
302.6
299.1
417.0
366.8
412.2
357.6
865.3
309.3
508.2
565.0
879.0
636.3
827.5
869.3
754.1
697.7
654.8
607.7
702.4
879.1
739.6
890.5
761.6
866.0
983.2
986.9
682.8
849.3
833.8
307.3
865.9
305.1
324.2
345.8
527.4
654.9
555.7
515.0
510.1
877.1
299.5
303.0
299.9
871.5
300.9
300.8
379.5
489.5
462.0
866.2
384.7
300.4
301.8
864.1
302.4
311.2
399.6
433.1
417.9
867.4
301.9
299.6
300.6
300.6
869.2
362.8
300.8
461.5
343.5
410.1
863.7
299.8
298.9
306.2
303.1
303.0
867.2
301.2
301.4
312.9
310.9
310.4
302.6
878.9
302.9
302.5
864.7
302.9
303.7
304.4
379.0
370.0
364.2
863.1
300.3
300.4
300.2
304.0
880.0
527.2
529.7
395.9
336.2
358.4
360.9
867.4
348.5
305.4
866.0
340.2
307.0
340.5
332.6
866.9
383.5
398.5
447.9
374.7
302.1
877.7
407.4
632.2
842.3
883.9
878.4
781.5
784.0
786.0
451.7
620.8
615.2
882.5
303.3
305.0
306.3
312.2
303.3
303.0
867.1
301.5
306.7
868.0
403.6
338.1
355.8
399.5
865.5
318.1
468.6
457.1
303.8
393.2
867.0
406.5
311.2
300.4
300.1
299.8
369.5
367.4
862.6
345.6
303.4
345.2
866.6
303.3
396.1
463.3
361.1
394.7
867.4
359.2
299.2
864.8
302.6
303.7
298.5
395.5
391.8
865.7
305.2
302.4
306.7
299.4
876.2
482.4
533.2
538.5
483.0
302.7
865.2
301.5
304.9
307.1
864.9
300.9
302.5
301.9
301.8
444.7
387.5
535.6
461.7
466.0
865.7
533.6
552.7
617.3
477.0
879.9
425.9
878.7
298.6
300.8
306.2
299.8
405.9
535.8
647.7
875.2
571.6
584.1
535.8
663.1
868.4
764.5
694.6
509.7
614.3
685.6
876.9
388.9
487.7
500.5
602.1
580.0
876.4
367.2
337.4
865.2
300.0
327.7
350.6
366.9
479.7
457.3
450.8
870.8
420.7
312.7
375.6
412.6
316.6
864.5
401.7
623.5
623.8
629.6
570.6
878.0
867.8
