311.1
324.2
568.4
554.1
798.4
984.0
747.9
1091.9
1128.2
1137.3
1202.0
887.6
1045.1
1092.5
1120.2
1187.9
1012.8
1151.0
1130.8
349.2
865.6
889.1
1001.7
877.9
1024.4
1210.0
876.9
1278.6
1471.3
1426.2
2489.2
867.8
2918.9
1933.7
1506.0
1254.5
2873.1
1571.9
865.7
1690.4
1827.5
1819.5
1797.8
1007.4
1450.7
906.9
804.0
1029.5
436.7
864.8
485.6
745.6
457.4
356.9
395.9
401.0
325.5
865.0
299.0
361.7
867.5
508.4
520.0
488.1
864.2
714.2
818.4
865.9
911.7
956.5
1024.8
979.2
975.9
867.6
347.5
699.6
514.1
302.7
393.8
304.7
300.3
865.3
300.3
301.5
347.1
863.4
421.3
628.0
589.5
500.9
582.5
878.2
302.9
299.8
398.2
866.7
495.9
637.6
597.1
629.0
869.1
679.9
642.7
598.4
640.2
433.3
866.1
577.7
471.0
505.0
869.3
482.9
469.6
369.9
385.4
874.6
545.0
714.0
731.6
502.2
605.4
582.1
868.1
864.5
320.7
494.4
763.1
571.8
713.4
727.9
456.8
629.3
878.0
305.9
868.9
300.1
302.5
298.7
404.9
466.0
369.3
300.3
868.7
428.9
410.1
354.2
455.2
870.1
575.4
490.9
487.0
472.2
870.9
874.0
431.2
535.4
536.8
422.1
369.5
509.7
872.5
504.6
370.3
313.3
316.5
875.8
390.2
383.6
299.5
870.4
301.7
298.4
304.1
427.5
520.0
440.0
616.1
864.9
300.4
337.7
867.1
327.4
395.9
332.0
542.9
879.8
574.7
812.4
714.9
732.1
880.4
637.7
645.0
383.4
415.0
425.3
369.4
886.6
325.4
481.0
507.6
432.9
868.1
565.5
868.6
543.8
485.4
580.8
467.0
503.6
876.0
802.0
676.1
809.8
751.9
978.1
1072.7
895.3
1003.6
774.1
896.4
1015.8
1046.3
918.7
1174.3
717.1
1070.1
654.2
462.4
867.6
581.0
566.4
609.0
572.0
868.5
903.4
875.9
931.2
1024.9
1011.6
888.5
1251.5
1273.1
1061.6
1376.6
1191.7
1191.0
868.6
831.3
1254.2
900.9
787.0
1160.5
762.2
868.0
491.4
424.5
460.4
302.6
477.1
447.4
865.1
345.7
300.8
868.6
462.9
589.7
553.6
382.6
591.0
864.7
408.1
454.7
598.5
592.8
637.1
878.0
682.9
567.8
761.6
869.8
764.6
858.5
762.6
809.8
934.1
950.0
1109.4
1125.3
881.5
1110.2
1172.6
895.2
1368.2
1226.9
1124.1
1363.3
882.3
886.9
808.9
1061.1
1102.3
963.8
864.1
303.8
399.6
332.6
523.1
336.9
388.4
867.3
298.8
391.3
387.3
881.4
301.6
367.0
509.3
545.9
866.7
826.4
860.9
847.4
754.9
868.8
692.9
806.8
757.0
429.8
590.9
611.5
928.9
710.1
869.6
765.0
762.9
815.0
786.9
596.5
496.2
923.9
303.3
305.4
381.8
590.8
723.9
439.3
718.0
962.5
867.8
462.7
644.8
638.0
448.0
423.9
434.6
970.5
592.0
550.5
374.6
653.2
599.1
868.6
300.3
864.3
318.8
445.4
420.5
298.8
863.7
300.4
398.0
430.8
570.0
657.1
568.4
864.1
540.6
418.0
411.5
462.4
880.0
403.7
302.6
365.1
307.1
866.2
301.7
327.2
365.2
864.9
697.4
702.1
725.5
743.9
725.7
884.2
713.6
431.0
359.2
864.5
299.5
300.3
867.4
357.5
714.4
757.6
691.5
596.7
557.7
878.0
337.7
333.4
344.8
394.0
359.2
325.3
879.5
305.0
961.2
713.8
801.8
798.9
1040.5
969.9
1015.1
895.3
1011.7
965.9
982.9
634.5
528.6
517.6
308.3
300.7
875.1
392.3
353.5
462.4
604.7
872.8
582.9
789.4
794.3
869.2
837.5
876.8
949.7
899.8
783.8
931.7
732.1
601.1
329.2
335.0
355.1
303.3
875.5
298.1
869.1
301.8
300.5
300.0
464.1
521.4
546.3
930.9
613.1
880.7
889.5
1004.3
886.0
727.8
923.1
938.7
870.4
936.4
792.1
501.1
867.8
648.4
468.3
490.8
309.8
304.3
865.2
306.1
299.0
392.4
863.8
379.9
409.5
352.8
303.6
303.4
869.6
408.5
554.0
769.9
732.6
704.1
874.9
607.9
701.9
868.7
367.9
554.0
542.1
300.7
300.3
867.6
300.3
301.5
361.9
385.7
410.2
863.7
497.3
386.5
644.0
526.4
558.1
864.5
440.1
302.6
878.2
300.2
300.2
299.3
302.6
301.1
866.8
445.1
457.6
607.6
597.1
875.8
337.0
560.9
727.4
620.1
867.4
300.8
300.1
864.9
410.0
343.9
523.0
876.3
782.7
929.2
894.9
894.2
867.8
858.8
953.4
864.5
907.7
791.3
1153.2
977.9
946.6
867.1
884.7
895.9
809.5
400.1
332.7
395.1
524.4
509.1
491.9
874.4
416.8
869.9
300.3
301.9
358.0
331.1
355.4
866.6
486.0
621.3
452.1
624.5
405.8
881.2
308.8
864.0
307.0
527.0
452.5
474.9
349.5
349.6
876.2
302.1
301.9
452.2
868.1
651.6
686.6
788.2
856.0
866.4
912.8
610.2
672.2
408.9
326.6
946.0
300.3
301.0
299.8
871.0
497.5
479.4
621.8
512.9
667.9
867.3
678.0
651.9
527.3
680.0
475.7
628.1
868.0
504.8
547.1
669.0
600.5
466.0
865.3
875.3
478.0
423.2
432.4
629.0
636.8
634.7
654.9
876.0
373.7
596.2
573.2
880.0
301.0
435.7
643.8
952.3
843.0
850.8
875.9
671.6
1152.4
1258.8
943.3
1165.0
1128.5
1079.9
873.1
1074.5
1293.9
869.2
1166.4
1280.8
1044.8
1241.8
876.6
1225.5
1151.9
1342.2
1376.3
1283.2
1145.4
1206.5
865.2
997.1
1013.0
981.2
1072.6
882.6
999.0
843.1
779.6
631.9
550.1
311.4
307.6
868.2
300.0
300.4
305.5
309.4
870.8
425.5
329.0
457.6
703.9
605.3
877.0
563.2
713.0
870.8
408.3
668.7
561.9
506.0
658.1
870.2
747.6
699.0
621.2
522.1
606.8
668.9
875.7
343.7
300.8
867.3
838.9
905.4
1032.8
884.3
856.7
1026.6
1119.1
1127.9
1133.7
875.1
586.1
466.3
301.4
298.9
863.3
313.6
299.7
303.7
305.8
865.5
301.9
413.4
402.2
321.8
377.9
889.7
559.2
590.0
877.2
841.3
870.7
969.8
921.1
949.9
997.7
880.4
979.2
1223.5
867.8
983.0
1366.6
1170.6
1239.0
1066.3
1022.4
1148.3
1326.4
480.0
343.8
876.9
335.2
306.9
627.6
599.0
561.2
540.7
864.4
405.2
344.9
883.8
326.3
335.9
332.8
304.8
342.5
348.8
876.8
327.3
300.3
301.5
867.8
299.3
468.2
515.4
509.2
461.6
866.0
374.7
869.3
398.7
417.5
417.3
299.6
533.5
868.7
511.7
505.6
506.3
299.1
879.6
304.3
300.0
302.5
300.9
299.2
864.7
300.4
373.2
423.8
344.0
408.9
867.9
309.0
304.3
864.8
300.9
301.9
441.1
402.4
541.4
875.0
500.5
303.6
418.2
424.0
868.4
393.4
443.5
523.6
533.9
398.6
881.9
400.7
347.9
303.5
866.2
300.8
402.4
864.5
533.0
394.1
552.3
398.0
525.7
360.6
629.9
1008.6
605.1
596.6
949.7
984.8
978.0
1021.1
891.7
928.0
699.3
1148.3
860.5
747.6
896.3
420.8
327.3
436.9
439.2
407.8
339.9
866.3
300.4
299.4
352.9
299.9
1000.9
352.6
301.3
870.5
379.2
473.0
403.0
300.8
401.0
869.7
375.4
397.4
419.1
495.4
868.6
410.4
351.6
300.5
864.3
405.5
401.5
568.0
601.0
869.5
647.0
672.6
678.9
567.4
606.2
875.3
457.0
349.2
394.4
355.7
461.3
868.1
886.6
571.6
582.4
622.8
633.6
527.6
867.1
618.5
619.0
545.7
357.4
301.9
877.7
304.6
314.3
866.0
301.9
301.3
306.9
299.3
462.7
436.2
412.6
535.4
914.5
879.0
714.6
708.2
700.1
794.3
461.7
555.4
909.7
301.4
299.9
299.9
417.4
371.1
865.6
432.1
643.7
867.7
778.4
811.0
652.6
837.8
863.3
660.2
876.6
1019.4
876.5
836.2
658.4
951.2
881.3
996.7
887.0
871.8
614.0
711.7
337.7
867.3
301.3
377.2
364.3
465.4
451.7
499.0
411.9
866.6
427.2
379.4
449.2
356.0
970.5
653.9
629.4
657.7
651.1
599.0
883.6
977.7
