310.9
391.7
339.1
429.0
555.6
734.7
934.7
919.1
1529.7
842.0
911.0
1067.8
1543.4
1001.4
1032.3
748.0
688.1
630.8
610.3
806.3
724.8
2363.9
868.8
786.3
618.5
2552.1
771.9
2708.1
2624.8
854.3
895.5
754.6
648.4
792.1
826.6
784.2
352.3
2550.6
340.5
325.4
318.9
2741.1
3180.4
341.4
3411.6
304.2
342.0
3066.4
2948.0
297.0
301.1
2657.0
313.8
299.9
298.4
2582.6
1826.2
2461.4
385.5
566.7
502.2
474.4
299.1
369.9
1918.5
362.1
1893.1
299.4
299.2
1655.8
297.2
1747.9
299.2
1414.8
996.5
296.9
298.9
297.9
874.2
297.5
300.9
863.7
298.6
300.4
866.5
588.9
462.3
537.8
894.7
526.3
529.4
887.3
304.8
308.8
361.5
485.0
989.8
448.1
549.7
351.5
398.8
360.4
1401.6
333.3
297.3
1471.7
1361.4
303.5
536.1
519.8
383.1
1566.2
1095.8
365.7
414.0
409.7
453.7
1268.3
387.4
452.1
428.0
1376.3
297.8
302.2
425.9
1628.9
366.0
1500.4
588.3
472.5
345.1
300.8
1442.2
1361.9
297.5
1215.8
301.4
948.0
302.0
416.0
415.5
297.1
913.1
297.1
298.6
343.2
440.5
1134.8
384.4
457.9
401.9
1391.4
301.9
362.9
359.1
1513.9
1365.7
299.6
423.7
1245.9
441.5
969.6
318.7
297.4
299.3
997.7
299.4
887.1
298.6
298.7
965.8
303.9
308.6
345.5
328.3
369.1
869.1
869.1
296.8
297.8
304.3
885.9
309.6
354.6
863.1
390.8
580.1
528.0
590.3
475.6
360.0
298.9
1351.5
1221.5
348.0
297.1
1285.6
324.2
413.9
1203.5
528.3
446.3
593.9
1119.8
311.7
318.0
1110.1
984.7
1539.6
1767.1
1468.3
1894.7
1897.5
1806.0
1967.6
1989.6
2112.9
2184.1
2056.8
2356.2
2548.1
1901.1
2776.1
1783.9
1280.0
2997.0
3136.7
1607.9
3201.9
1687.2
3422.4
3216.1
1592.1
1639.7
1258.7
1909.8
1556.1
2582.6
1735.1
1440.9
1479.6
1147.9
1872.8
3692.5
1037.1
1390.1
1086.0
1547.1
506.5
644.8
305.1
373.3
381.1
3945.8
298.5
4001.8
4180.6
346.1
300.4
367.2
318.7
3946.2
3053.7
354.9
4403.3
3774.3
297.7
299.2
435.3
471.1
481.6
351.4
505.5
402.7
3324.3
4209.4
396.8
643.1
755.8
721.8
732.6
579.5
3827.9
867.4
580.1
653.5
626.1
667.0
4014.2
724.8
751.5
674.2
487.2
4152.4
297.6
4365.1
300.3
312.8
4338.8
302.2
300.3
3327.0
4395.0
377.4
342.4
415.5
4682.5
4317.4
298.2
303.4
4318.1
448.0
4210.0
577.9
660.4
3929.8
651.3
604.3
527.8
486.0
4469.3
453.3
490.9
538.9
485.0
544.7
617.8
609.7
430.7
4259.7
3535.0
383.9
4204.9
296.9
443.4
504.0
593.1
660.6
3916.3
495.6
474.6
548.0
4512.9
464.6
357.9
297.9
4327.3
4532.7
393.8
391.7
457.7
3904.2
453.3
297.9
3956.3
296.4
303.5
301.3
297.8
5357.1
4880.0
3653.3
4295.2
340.3
4245.0
378.5
457.8
421.9
367.1
4085.5
323.0
299.3
310.0
309.3
3735.2
298.7
4506.6
4131.0
306.4
303.4
3381.4
299.1
3626.5
299.2
2519.1
439.9
441.6
3039.9
557.8
431.9
642.2
491.1
303.1
3071.3
298.7
3126.3
297.6
2885.6
301.2
2405.3
2798.2
2419.5
391.4
438.6
2431.2
525.4
382.0
440.5
318.6
298.6
1937.8
314.6
1522.1
297.8
297.7
1536.1
298.2
497.3
1731.1
721.0
663.2
666.4
588.6
781.7
764.6
1941.3
378.4
303.2
303.1
2093.6
303.7
2058.4
2117.1
1855.3
357.4
379.2
366.5
514.3
507.1
1851.1
302.5
579.3
554.5
665.5
700.7
459.0
2067.1
642.3
1957.8
297.1
298.8
1996.8
301.7
1799.2
297.6
2519.5
2382.5
515.0
1696.4
1242.1
299.7
299.3
299.1
310.2
614.0
691.0
1126.7
657.9
719.9
783.5
740.2
1349.1
558.8
646.8
452.6
1601.1
297.4
303.1
298.9
1533.4
298.7
1737.5
299.6
1683.1
298.8
1339.1
1046.8
299.1
375.2
866.0
417.0
379.9
342.4
297.6
934.1
453.8
425.2
899.2
580.6
694.4
657.4
488.3
493.0
1001.9
318.0
310.9
1028.3
297.1
1003.3
301.2
971.6
298.0
301.6
298.9
303.0
862.4
867.6
478.5
437.6
603.7
535.2
388.0
874.2
453.8
867.7
298.7
863.0
296.9
297.2
299.6
299.0
861.8
330.7
390.7
389.7
487.0
351.5
985.7
457.9
478.0
1001.4
1086.6
296.5
298.1
878.0
556.8
639.7
667.9
796.5
846.7
654.7
656.0
1140.2
1389.6
544.4
630.9
502.6
648.1
601.7
549.2
551.8
1819.2
298.5
298.4
1814.6
425.1
346.5
2001.9
482.8
394.3
1684.0
1777.6
407.2
1369.6
296.4
1211.5
383.6
311.9
1006.7
428.2
385.6
435.4
427.9
1060.8
314.9
299.6
1194.8
1285.2
960.1
333.8
422.6
429.5
300.6
299.2
871.4
297.2
868.3
298.9
445.5
983.4
655.5
598.2
639.0
717.2
450.2
430.8
1102.3
321.2
298.3
1321.2
1051.9
296.1
298.1
297.0
861.6
375.4
384.0
406.2
421.9
371.6
909.3
345.8
448.9
1186.9
440.3
341.4
1036.1
376.6
1218.5
511.0
532.5
454.0
439.9
945.1
1172.8
297.0
298.8
321.5
398.1
397.7
995.1
314.9
326.8
318.3
1326.5
297.0
1281.6
1320.1
427.7
453.9
569.1
522.3
431.4
496.6
1286.7
1220.6
666.8
675.9
719.7
758.0
556.1
741.1
603.5
1732.3
833.2
896.8
897.5
769.2
971.3
767.3
2081.8
611.4
381.7
2191.2
398.2
362.5
483.3
305.4
298.3
2654.5
303.3
2527.7
300.6
2544.5
296.7
2652.0
299.8
2314.8
2079.2
1856.8
298.5
1523.3
304.5
300.0
879.1
378.7
326.9
884.0
550.2
621.5
575.1
445.0
477.0
1083.4
298.2
973.9
378.9
334.5
418.7
401.7
1286.1
297.5
337.5
371.2
338.1
1456.2
298.4
1519.0
309.5
769.0
1699.4
766.9
842.3
735.7
885.1
1656.8
876.6
654.7
424.8
299.8
297.1
1538.6
2066.1
2062.3
310.9
299.3
1424.2
305.0
1218.3
299.4
969.6
300.3
409.8
399.7
390.3
1015.7
498.7
639.1
1143.1
745.4
684.8
668.8
565.7
700.2
655.2
743.4
1860.8
716.0
900.8
896.3
848.4
632.4
740.9
2089.5
1955.8
298.1
297.4
2025.6
1898.7
321.7
1904.9
310.7
384.9
1719.8
425.9
361.1
305.2
323.6
298.9
298.4
1269.8
1674.7
300.4
1745.0
363.5
315.1
305.4
1375.4
298.7
298.3
1183.2
1180.7
297.6
376.6
335.0
415.9
975.3
379.5
306.5
1066.0
380.7
1142.3
299.5
298.3
327.7
379.6
354.5
1107.4
890.1
297.2
298.8
1069.4
300.9
298.8
899.9
298.9
304.6
867.6
327.7
403.5
341.1
329.6
900.8
298.2
910.8
296.8
896.1
299.2
375.6
431.1
389.4
871.4
297.9
864.9
299.9
308.7
400.5
867.0
436.6
389.9
452.9
307.3
304.6
936.2
304.7
1006.2
299.6
986.1
297.3
415.6
415.6
941.4
339.3
414.8
415.6
906.3
321.2
550.0
499.1
627.6
1283.2
868.7
639.4
866.7
591.9
565.8
505.9
1588.5
297.5
1578.4
1539.6
300.5
302.3
298.1
1502.0
297.4
298.7
1237.7
299.9
1344.2
377.4
306.7
1105.1
346.6
351.7
324.3
370.3
1199.3
315.5
302.4
298.9
1247.0
299.5
295.9
1278.0
299.5
297.7
1408.3
323.1
299.2
1313.1
319.1
1118.6
438.0
412.2
446.5
997.5
390.0
375.2
403.0
1059.9
298.8
300.9
1156.9
301.5
310.4
1120.0
1052.9
957.5
298.3
299.1
299.5
297.7
864.4
376.9
420.1
338.3
300.2
870.4
299.1
872.6
300.7
301.2
866.2
298.1
298.2
299.1
861.6
300.1
480.3
443.1
383.1
868.2
328.1
536.1
566.1
341.1
1096.0
391.1
1209.5
298.4
1110.0
299.1
298.7
298.7
386.6
1092.3
521.8
930.9
495.1
538.3
540.9
671.1
443.7
537.2
459.8
315.1
1644.9
413.3
413.9
384.8
1686.9
298.2
296.8
2012.4
297.6
2013.2
299.9
311.1
308.0
1880.6
300.2
2179.0
334.8
1786.6
329.3
1368.8
1077.6
328.3
457.2
421.0
369.4
500.6
555.2
474.8
610.5
1281.0
1446.6
1163.8
1390.0
