310.5
543.8
477.4
620.3
729.1
620.7
492.1
851.0
873.4
790.8
807.0
793.7
914.5
873.7
963.2
993.3
864.9
891.2
410.2
298.2
299.0
1744.2
570.1
622.1
610.9
719.0
743.6
756.6
866.8
599.1
484.4
636.4
609.0
422.5
478.5
473.0
645.6
565.7
533.6
719.8
561.3
861.2
298.3
299.3
322.6
323.7
392.7
381.7
298.3
298.9
865.9
300.2
298.6
296.9
300.9
299.8
302.7
298.0
297.9
863.2
459.3
635.9
655.5
710.7
633.7
568.8
299.0
308.0
298.6
297.8
874.5
299.1
299.2
297.9
303.8
300.2
306.6
298.3
299.7
300.4
863.3
298.9
297.0
303.2
300.9
298.7
299.0
376.4
535.0
447.4
437.3
862.3
301.8
304.7
303.3
298.4
378.2
425.8
448.0
396.4
872.6
372.7
334.3
341.9
446.9
365.5
329.5
322.8
300.8
872.9
548.1
474.6
412.3
410.4
316.6
308.9
455.4
471.7
379.2
371.0
866.9
363.6
543.2
538.1
403.3
372.8
448.6
326.8
374.6
362.0
863.4
814.4
843.0
2081.5
870.9
819.4
750.2
530.0
297.1
360.3
359.5
861.2
298.9
362.1
322.0
365.2
297.5
298.6
328.7
365.3
410.0
972.2
413.3
414.1
324.3
340.8
362.9
339.0
864.8
300.5
415.4
433.6
298.0
322.1
296.7
343.8
331.7
371.5
874.6
297.7
297.8
343.9
300.4
399.9
498.9
598.9
509.0
402.6
297.1
297.6
875.8
302.3
360.6
348.5
304.2
340.0
388.7
443.7
476.4
641.0
429.1
861.7
488.8
368.6
305.8
393.5
343.4
298.4
297.8
872.5
501.5
599.3
505.1
568.2
628.3
302.9
444.1
504.3
348.0
869.2
417.9
717.2
761.8
619.8
835.8
626.8
783.4
738.7
863.0
725.2
922.6
904.4
1114.4
1077.5
967.7
785.5
813.7
455.6
298.1
862.0
385.8
516.9
563.6
461.9
555.0
650.4
525.6
452.7
609.8
861.7
402.6
593.4
609.4
719.4
694.0
646.2
682.0
451.1
300.4
407.5
402.1
864.2
341.7
326.7
364.7
327.6
298.9
317.2
396.2
300.4
875.3
394.8
297.5
298.4
350.1
384.9
391.7
412.8
312.4
309.6
863.7
298.7
302.2
422.6
495.0
541.9
510.4
437.9
302.8
337.4
409.9
369.6
862.9
468.3
842.6
843.5
863.2
896.1
874.1
833.7
641.3
959.7
788.8
768.5
790.9
786.6
530.6
344.4
534.8
610.8
485.4
653.9
872.3
400.3
297.9
381.1
306.7
390.2
300.8
299.9
861.7
312.6
490.9
549.5
531.1
299.6
328.1
331.0
310.8
505.7
617.7
861.7
770.9
776.2
691.8
775.2
660.0
466.8
379.7
445.1
536.6
458.4
862.4
535.1
638.9
707.2
686.9
528.3
423.2
300.0
863.2
299.3
298.9
550.0
619.5
604.0
728.8
584.3
391.5
438.1
412.0
874.6
394.9
415.8
299.9
299.8
298.2
310.2
302.0
375.4
478.6
383.1
862.7
297.8
296.8
392.0
333.0
419.9
298.1
863.1
302.4
298.1
424.7
589.0
506.8
444.7
599.9
374.7
300.1
297.1
299.5
863.3
298.2
299.0
297.7
298.5
299.0
299.6
299.2
335.2
325.3
873.2
795.0
792.1
783.6
759.2
553.3
721.5
309.7
298.9
874.1
297.3
298.3
297.7
387.4
557.1
571.9
677.9
470.4
375.2
862.9
297.4
298.7
299.7
410.1
402.6
312.1
299.9
315.1
388.2
862.7
736.5
926.2
1033.6
967.1
909.4
765.9
769.7
665.8
864.9
298.2
302.4
329.9
326.5
296.8
298.0
299.0
303.8
308.4
317.3
380.5
360.1
874.1
396.0
566.7
659.6
653.1
623.6
654.5
541.1
875.1
439.5
337.0
312.4
341.5
368.3
319.4
296.4
298.0
863.2
298.8
298.2
298.4
297.3
354.7
364.2
400.6
649.8
639.2
480.4
876.1
607.7
435.0
705.1
511.4
505.6
590.0
392.4
303.2
301.0
874.9
298.9
331.6
326.3
300.0
299.1
304.2
297.9
869.7
298.3
353.7
298.3
456.0
414.9
303.7
299.2
343.7
464.6
527.3
475.8
511.8
872.7
341.8
473.1
473.2
324.3
300.1
320.1
297.2
863.3
298.3
380.5
491.1
393.9
395.1
482.4
356.5
389.7
299.0
396.9
367.4
457.8
872.7
348.3
361.4
345.9
297.3
298.6
297.9
298.0
861.5
298.7
499.3
384.2
578.2
538.3
629.7
443.3
407.1
501.7
503.3
863.3
299.5
299.0
298.3
299.2
299.1
467.7
554.5
751.0
874.4
712.5
739.8
538.5
456.2
304.8
381.0
384.4
309.8
358.6
861.8
464.1
527.2
569.3
648.1
543.5
297.9
301.7
337.5
412.2
512.7
863.6
491.7
465.6
380.3
298.7
299.7
299.1
300.6
298.0
876.8
652.2
615.8
648.1
492.1
699.2
360.7
298.3
861.3
427.0
402.6
429.8
398.8
376.0
305.2
381.9
300.7
299.1
321.2
862.3
365.5
645.5
863.2
941.6
1022.1
411.1
1053.9
517.4
298.4
863.1
298.0
298.9
299.8
303.8
297.0
413.7
378.0
403.4
409.9
334.5
299.4
873.0
299.7
373.1
601.8
564.2
503.4
420.3
449.6
448.2
678.1
695.1
872.6
431.9
514.0
301.3
429.5
429.8
477.8
422.9
473.7
475.9
874.4
353.3
357.2
430.6
317.6
297.1
461.5
629.5
862.7
723.5
817.0
751.6
833.3
810.4
935.0
778.4
743.2
873.0
982.2
777.0
724.9
620.6
335.1
335.4
297.9
307.0
863.0
582.0
661.5
672.7
650.0
636.7
751.4
389.5
533.5
297.7
374.9
452.2
391.9
873.1
321.2
301.4
300.8
298.1
299.4
298.5
298.0
862.2
296.8
297.8
298.8
299.8
307.4
296.5
299.1
302.7
306.1
307.2
440.0
863.2
394.6
410.1
379.1
297.8
298.8
316.6
395.4
402.7
387.8
386.2
863.3
364.3
365.1
363.6
476.6
415.7
298.3
862.5
589.5
706.6
860.1
1034.2
873.4
956.6
1084.3
1173.5
1196.3
937.8
705.1
335.6
297.8
319.5
298.4
314.3
299.7
301.3
296.9
873.1
299.6
315.2
468.0
433.1
437.4
369.5
298.8
344.6
494.7
864.8
711.5
724.1
739.9
627.2
473.6
598.3
520.7
339.8
378.5
873.4
595.6
845.9
930.0
789.8
974.4
674.4
787.8
632.2
296.7
862.4
297.5
299.4
417.8
586.3
544.1
635.0
605.6
454.6
300.7
862.2
298.5
297.5
299.5
301.5
300.4
299.9
298.8
299.8
297.8
873.9
299.9
300.4
298.9
302.6
395.5
496.3
397.4
494.9
861.2
297.6
299.7
339.4
323.0
299.4
315.7
370.4
364.1
421.9
313.7
862.0
299.2
298.5
305.3
303.0
299.0
318.1
297.8
300.3
297.6
297.8
861.2
298.5
398.3
393.1
300.3
301.9
296.6
298.4
401.9
861.2
543.0
440.0
435.1
297.5
317.6
417.6
413.4
298.2
300.2
355.5
347.3
861.4
336.5
381.5
433.5
308.5
302.4
299.7
875.6
347.7
474.9
423.2
381.7
409.9
510.4
467.4
466.0
361.0
461.6
608.9
861.4
791.2
853.5
911.1
749.1
912.9
838.3
519.7
625.4
477.3
863.5
297.3
299.0
379.3
373.5
392.3
298.6
296.3
297.2
298.1
862.9
342.7
341.8
370.1
367.5
299.5
298.7
314.4
305.6
879.4
357.3
318.4
370.0
297.4
356.5
410.7
355.1
302.4
297.6
863.0
299.5
388.5
378.7
309.8
468.6
516.5
521.8
537.4
444.1
346.2
329.5
874.9
299.5
298.3
301.0
451.3
357.6
394.5
872.7
297.9
380.9
373.8
425.2
297.0
444.3
581.2
590.5
422.7
298.0
866.2
298.3
326.5
427.0
400.8
299.4
312.3
298.9
300.0
398.6
339.2
394.0
426.2
363.9
874.1
485.0
509.1
475.5
505.8
299.2
297.5
863.7
297.8
300.2
297.9
299.9
317.4
340.4
323.6
388.8
460.8
861.7
512.0
429.6
572.3
532.0
433.4
477.2
484.0
373.2
874.8
488.2
528.1
634.8
654.1
638.5
615.5
344.5
303.2
863.5
297.1
300.5
345.4
341.1
299.4
432.4
415.9
445.8
351.8
309.0
422.5
428.0
310.0
861.5
545.0
461.2
734.1
503.8
741.3
715.8
863.5
