344.3
312.9
953.2
953.3
1074.9
935.7
966.7
1088.8
1200.0
960.2
1267.8
1094.7
1195.2
1366.7
1314.0
1256.5
1329.9
1433.6
1336.8
566.3
531.8
393.3
1266.6
1170.8
1570.5
659.6
2005.4
1832.1
1409.4
546.5
1608.8
1358.6
1398.4
1073.7
2868.2
1403.4
2116.1
2357.9
2818.5
2270.9
1204.6
865.2
2944.5
3470.6
873.9
2511.6
1552.8
1919.5
868.6
1900.3
2863.0
1457.5
1621.9
931.8
863.6
997.8
1365.0
1232.6
992.4
871.2
1277.7
1195.5
1162.3
865.3
1183.9
1396.1
943.6
1478.6
987.2
1003.1
558.5
867.7
522.4
662.1
407.2
330.0
303.0
337.5
874.5
314.6
303.3
871.6
309.0
317.9
474.1
420.0
868.6
574.8
722.2
709.6
610.6
872.1
386.8
300.6
466.3
451.0
865.3
645.2
626.4
749.9
881.5
574.3
825.6
557.7
772.7
907.8
572.2
364.4
889.9
299.6
434.3
526.3
345.2
611.0
872.1
511.1
663.3
864.4
770.4
801.9
664.4
755.5
698.3
867.9
423.0
564.5
531.0
686.3
1102.6
844.7
623.6
746.5
918.2
372.1
300.5
1050.4
301.4
300.6
359.1
455.2
428.3
348.2
892.0
385.9
461.4
507.5
876.4
558.0
547.7
510.1
533.1
1007.4
602.1
328.8
927.7
518.0
387.9
328.3
909.3
336.7
299.8
372.2
343.7
346.7
867.7
307.5
399.8
400.6
867.9
303.7
308.7
864.5
383.9
643.8
575.8
568.2
507.5
877.0
301.9
377.3
865.6
394.1
395.9
385.3
344.3
885.8
590.5
782.2
723.7
739.3
624.1
999.2
547.4
957.7
511.7
577.2
466.6
418.7
457.6
920.5
772.9
736.9
715.1
876.6
893.0
728.3
757.3
1038.7
1089.5
1080.4
998.1
1050.4
968.6
1296.2
1514.3
1046.2
1483.9
1737.1
1159.1
1353.6
1606.9
1445.4
1435.4
1981.4
1047.8
1790.4
1547.1
1341.7
1955.5
947.1
1411.8
1355.3
1121.0
1454.4
1128.7
1656.4
1372.0
1213.4
2191.1
1614.4
2445.6
2218.2
1021.1
2702.6
1994.7
2465.0
1234.4
2070.4
1719.2
864.5
2210.7
1734.4
1754.7
2361.9
1788.0
1867.0
880.1
1086.6
930.1
1767.3
1808.4
1601.9
1333.6
1173.6
866.7
920.9
873.6
1204.5
1200.4
1215.5
1133.0
881.1
1263.4
1317.0
1070.6
990.1
1319.1
1903.2
1433.1
1177.7
1352.6
1437.4
2117.6
2023.0
1988.1
2235.3
1247.7
1705.3
1394.8
1267.9
2090.2
1073.1
2355.3
1719.5
2111.5
1604.6
1402.2
1954.4
2558.1
1869.7
867.7
1556.8
1872.1
2092.0
2005.1
1180.2
870.5
1318.1
1389.9
934.0
866.5
1531.3
1422.7
1627.0
1661.7
1170.7
898.5
1356.1
1077.2
1002.0
1253.7
1826.0
1070.8
1561.9
1668.6
1624.8
1934.3
987.9
1687.7
1238.9
940.3
1474.2
1738.9
930.8
1219.3
1551.5
1545.6
1710.0
1909.2
883.1
1249.2
1179.9
2302.2
873.3
2169.2
1192.0
1036.9
1548.4
872.4
2156.7
1765.1
1844.6
898.7
1945.9
1496.2
1954.1
1265.1
875.7
1151.9
1317.0
1571.5
2307.7
2024.1
1702.9
1124.9
807.7
894.9
868.6
824.5
514.5
416.6
382.9
460.9
573.4
623.5
497.7
945.4
477.2
868.2
677.3
568.1
469.9
420.4
359.4
938.5
315.7
305.7
869.2
352.1
406.4
895.5
784.7
675.4
870.0
912.0
958.7
887.5
521.6
843.1
474.7
904.2
304.2
300.4
867.7
547.5
757.0
749.2
740.1
668.6
742.1
868.8
482.8
531.1
456.4
876.3
628.3
579.4
628.7
877.0
824.6
1033.7
1120.5
1083.9
1038.6
1114.7
1047.0
1235.3
1095.7
1163.6
1213.2
715.1
833.9
1015.5
777.8
572.4
869.4
582.9
671.7
689.1
695.5
879.0
866.2
1055.7
973.9
1064.1
966.0
1105.8
952.0
843.8
1081.6
1067.8
1010.2
913.1
528.1
506.6
485.3
875.9
310.1
309.4
883.6
301.1
305.0
528.2
478.9
949.9
896.2
726.2
858.1
1128.8
1283.2
1158.7
1137.6
1086.8
1201.4
822.4
1104.6
1196.3
1138.4
848.2
1097.6
930.8
781.6
801.6
768.7
438.2
356.2
882.9
305.5
313.2
410.9
368.2
332.2
303.4
324.7
867.4
870.4
607.1
555.8
662.2
857.1
911.2
838.3
737.5
761.2
868.7
573.4
618.7
314.2
453.8
906.7
306.0
309.0
415.6
370.6
397.1
869.5
397.0
875.8
473.3
593.3
580.4
680.6
543.1
880.0
593.2
302.1
299.8
869.2
299.7
302.8
302.2
866.1
335.4
464.6
691.8
689.5
868.1
708.3
669.3
635.5
679.2
866.7
334.5
307.9
872.3
455.0
510.9
702.9
929.2
890.5
1035.5
955.8
1045.6
958.3
1128.5
1052.5
1183.6
1154.5
1155.4
1369.3
1049.5
1042.8
1074.9
1278.1
1100.6
1198.0
862.1
997.3
917.4
891.6
868.8
796.5
876.8
797.6
868.5
367.5
332.8
320.8
335.9
438.6
877.3
630.9
663.2
698.8
641.6
505.9
879.9
394.7
331.4
879.9
421.2
489.6
413.1
366.9
453.0
869.0
299.6
301.5
499.9
866.8
570.5
876.3
812.3
928.2
930.2
943.6
579.3
723.5
514.4
876.3
349.5
872.1
302.6
345.6
300.7
300.2
541.8
589.9
498.4
890.6
886.4
740.6
736.6
523.9
736.0
699.5
860.4
924.3
682.1
715.6
735.9
683.8
867.2
590.0
298.9
878.2
326.0
451.0
870.7
737.9
659.9
667.1
560.4
876.1
562.8
620.3
318.4
868.3
301.9
645.0
934.2
1000.7
941.2
1089.6
1006.0
1065.9
1036.7
1141.7
1209.5
1497.4
1510.7
959.2
1661.9
1280.1
1824.7
1803.5
1099.3
1004.7
1471.7
1595.9
1748.9
1810.5
941.4
1469.6
1919.1
1839.2
875.2
1984.8
1565.7
1979.8
1392.5
1380.8
1321.9
1671.5
866.6
1362.3
1413.2
805.5
1018.8
1337.7
653.9
331.8
300.0
872.3
339.7
309.4
474.2
639.6
677.9
549.1
975.7
701.2
787.7
671.8
1018.4
702.5
729.3
1148.0
781.7
985.8
717.9
953.4
1158.4
928.8
825.8
743.0
960.8
901.8
1241.1
1069.3
888.4
1181.1
984.2
1153.1
1273.7
1131.5
1338.5
1203.0
1395.2
1080.4
1380.0
1025.7
952.4
657.6
720.0
561.0
442.6
313.0
389.0
877.1
301.4
303.9
412.1
406.6
1012.3
593.6
929.6
579.8
823.0
1151.5
960.7
1114.8
1323.8
1014.9
1556.0
1241.6
1262.1
1338.6
949.8
1604.3
1365.6
1314.1
1399.1
1253.4
1485.4
1931.4
1486.4
957.1
1441.1
916.1
818.7
671.8
642.7
874.2
907.6
927.6
753.3
925.6
870.1
776.4
691.6
484.9
747.7
864.7
602.5
471.4
591.3
832.4
533.0
867.2
359.2
328.8
301.8
866.4
398.4
515.1
487.1
533.5
867.3
301.5
383.5
398.5
324.3
865.6
487.0
477.5
453.6
439.4
879.1
301.3
866.4
309.4
302.9
327.8
299.9
866.8
399.9
304.1
487.2
597.0
866.7
614.8
542.1
422.2
402.1
868.7
334.7
323.9
303.6
308.8
1035.5
439.5
362.7
867.2
302.4
428.0
545.9
936.3
653.5
549.9
693.0
518.9
868.8
702.7
526.3
414.9
922.2
421.9
381.8
302.6
361.4
355.3
369.2
905.3
545.4
515.6
681.0
954.6
1106.1
924.4
1042.8
1050.4
801.5
1097.9
1046.4
1236.4
1133.0
915.4
1040.1
1109.2
1190.0
570.5
868.4
678.0
842.5
837.7
687.6
547.0
866.8
423.4
438.6
437.9
463.5
868.2
497.9
361.0
455.0
490.6
873.4
434.2
605.3
865.8
654.4
616.2
569.4
546.5
463.1
417.9
879.5
300.4
409.5
867.7
459.0
451.0
548.3
868.4
666.9
869.8
672.2
699.5
592.4
573.4
306.8
439.5
866.9
375.2
453.1
418.5
866.8
300.4
309.9
303.0
311.2
864.8
375.1
448.0
477.6
531.4
366.5
866.8
300.5
430.0
421.6
864.3
351.5
305.9
344.4
868.2
455.6
396.9
699.2
594.9
1041.9
868.8
767.2
780.7
779.5
847.3
563.8
708.8
345.1
1036.9
344.7
300.6
396.4
911.6
567.1
674.7
991.6
925.2
878.4
957.6
998.4
769.2
1116.3
1112.3
1061.6
1264.2
1268.0
1349.7
984.2
943.1
1152.2
1030.6
1099.9
1241.6
969.6
1030.9
959.2
868.4
577.7
776.9
841.3
724.6
514.0
630.4
547.8
880.0
437.7
410.6
487.5
559.1
1090.0
744.8
743.1
767.0
629.5
712.2
975.3
1013.9
