876.7
499.0
439.9
496.7
538.7
525.2
612.7
563.0
540.0
381.8
867.3
845.1
950.0
973.0
775.1
878.4
1046.4
1035.0
849.0
308.5
307.7
312.8
864.8
302.5
420.4
651.9
638.6
551.6
589.7
374.0
305.1
303.2
304.4
305.4
863.8
318.4
415.6
451.7
581.4
538.0
393.5
863.8
300.1
299.9
299.0
303.3
322.0
317.7
298.0
299.4
299.9
299.4
878.8
300.7
302.3
317.4
312.8
302.1
313.2
311.5
490.3
460.7
567.9
480.0
415.6
876.1
307.8
301.3
316.9
306.3
300.3
866.6
298.0
302.8
298.9
300.1
300.9
386.4
472.8
380.4
300.2
878.5
298.9
300.6
300.7
299.9
415.0
378.8
532.5
574.1
327.0
876.8
300.3
304.7
302.1
300.8
333.6
421.1
413.0
443.4
875.7
334.7
302.5
327.6
312.5
299.3
303.2
311.7
305.1
299.3
305.8
302.9
301.5
864.9
299.8
470.5
398.5
550.0
457.2
428.8
304.0
360.6
349.4
879.0
363.1
391.4
396.9
307.5
408.0
392.6
298.7
319.2
310.5
880.2
300.3
301.6
301.5
310.4
342.5
303.7
338.3
870.0
302.1
311.8
303.5
301.9
301.8
305.7
303.0
312.5
360.0
301.2
344.1
879.7
332.5
438.7
442.8
331.9
348.2
302.5
306.8
303.7
300.9
866.3
301.2
305.5
374.2
371.2
300.6
300.8
302.6
875.4
305.9
363.5
344.3
359.9
327.0
300.8
300.0
308.1
300.7
343.9
876.6
332.0
299.6
299.5
396.6
476.8
533.9
506.9
314.0
365.2
868.2
313.9
303.7
315.5
308.9
299.1
301.9
302.8
438.3
435.5
478.5
483.3
876.7
458.7
450.9
442.4
592.4
466.5
374.0
452.8
932.5
649.6
553.9
538.0
472.0
328.9
300.1
302.5
361.1
456.4
389.4
875.9
305.4
302.0
305.5
302.0
304.6
299.6
299.8
300.7
304.7
300.0
863.3
489.1
441.3
481.8
594.9
518.8
306.3
347.3
405.4
897.2
371.1
491.3
482.9
315.3
307.4
299.2
299.9
867.7
353.8
300.6
351.7
309.0
318.2
317.6
301.1
300.8
301.9
303.6
876.2
302.1
302.5
358.3
465.2
402.4
475.6
359.3
300.8
312.5
864.9
519.8
536.7
510.2
472.3
367.5
302.5
300.3
301.2
300.9
874.9
448.0
729.4
770.6
806.6
846.1
798.9
470.4
334.9
332.2
864.3
364.6
448.6
388.2
309.7
435.4
445.5
516.2
386.2
329.9
314.2
888.5
301.9
338.5
301.1
421.6
373.8
299.7
865.1
452.7
437.1
433.1
418.7
300.2
300.6
309.8
322.9
333.4
355.5
337.3
399.5
332.2
865.2
446.1
353.3
301.7
309.2
393.2
395.1
302.9
301.1
933.8
402.3
557.9
538.9
378.1
300.9
300.8
864.6
301.0
302.2
554.9
582.5
694.8
673.2
695.4
547.1
337.1
300.5
303.2
300.5
868.6
298.7
300.2
298.7
299.5
301.0
313.9
305.4
299.4
881.0
303.8
300.4
436.8
415.0
442.4
418.7
299.8
315.7
314.8
876.9
509.0
328.1
520.2
369.5
312.8
301.1
304.1
298.7
300.0
889.5
314.3
318.4
324.4
704.1
847.7
882.8
920.2
1028.4
1093.9
998.6
1155.4
1182.2
968.2
1129.9
866.0
461.1
428.7
865.1
300.1
301.0
303.3
377.0
582.6
646.3
559.6
483.0
401.4
875.7
300.9
299.1
424.1
368.1
357.5
300.3
301.7
345.7
303.8
327.8
536.4
878.1
732.2
719.4
808.8
695.5
729.2
508.6
599.9
307.2
299.8
865.9
300.1
299.1
297.7
438.3
405.1
430.3
394.5
299.2
300.4
873.8
302.8
502.9
577.9
631.3
485.6
608.9
626.8
308.3
299.1
866.5
347.4
300.8
343.0
300.6
324.7
301.0
300.4
299.3
866.6
302.9
310.2
302.2
312.4
389.9
538.8
601.2
497.1
366.3
302.0
307.7
876.4
308.8
366.2
358.1
299.4
298.9
308.5
300.6
301.7
865.8
301.1
301.0
302.3
299.3
300.0
301.8
300.3
345.1
302.0
331.4
866.0
299.7
300.3
328.1
381.6
538.3
385.9
574.3
877.6
329.1
422.6
406.6
302.7
299.2
299.8
301.8
299.2
864.5
437.2
323.4
424.0
305.8
379.6
376.5
380.4
355.5
314.4
298.6
300.2
863.6
300.2
306.7
300.9
300.0
300.4
300.4
299.2
299.3
875.3
411.9
334.4
478.8
588.6
418.9
305.6
316.9
344.5
335.4
863.8
301.5
304.0
299.2
300.7
300.2
538.9
580.2
701.0
568.2
561.9
875.6
368.3
312.5
313.5
374.8
399.3
500.4
365.0
400.7
866.4
602.4
603.0
597.2
491.5
299.7
298.9
312.3
300.6
388.0
329.3
370.5
876.4
300.8
300.7
303.9
299.9
331.5
320.4
866.9
538.2
528.2
615.4
598.8
488.5
299.7
300.3
301.7
301.3
300.5
299.8
875.8
328.5
300.3
327.4
304.6
299.7
298.5
300.5
622.8
627.5
650.7
724.1
639.7
877.0
327.5
317.2
337.9
301.7
865.8
299.6
334.0
311.7
300.4
362.1
315.2
540.3
433.7
420.5
300.5
300.7
864.3
409.6
511.6
583.7
414.1
379.2
300.2
490.4
484.4
375.7
330.3
307.3
874.6
368.9
319.9
384.2
304.0
367.9
392.8
364.0
865.8
299.7
405.7
395.7
299.7
299.0
300.2
383.6
402.2
418.9
368.9
343.5
865.0
340.1
388.4
420.5
493.6
490.0
392.7
354.3
863.8
300.7
298.5
301.1
328.2
428.5
427.9
380.5
431.4
410.8
410.0
384.7
873.5
301.5
302.5
299.4
300.3
300.2
302.2
298.7
864.6
301.7
299.3
302.4
298.4
299.7
298.3
302.2
874.2
299.8
301.9
303.2
300.0
299.8
327.0
380.7
425.4
331.4
339.9
317.8
360.1
865.4
309.8
301.2
299.2
374.7
418.7
383.1
310.6
301.3
884.7
299.2
302.6
367.4
312.4
358.0
299.8
298.3
492.7
864.6
654.1
980.7
1008.6
780.4
799.6
1013.6
935.5
782.3
874.6
298.9
298.4
299.7
301.4
307.2
302.0
304.0
300.1
301.4
863.5
399.7
376.2
390.9
343.9
312.0
325.2
382.6
555.0
513.6
503.3
550.0
450.3
865.1
300.9
301.6
299.7
302.7
314.3
299.9
412.2
543.0
404.2
643.0
863.8
437.4
525.0
413.3
301.6
299.7
864.5
300.5
301.0
482.4
547.5
650.7
641.5
452.7
481.4
302.5
299.9
301.2
877.1
298.1
300.3
301.3
417.3
318.3
421.5
301.8
301.2
864.7
299.9
299.7
443.3
465.9
485.8
492.7
473.8
298.5
299.3
300.5
862.8
299.6
297.9
299.8
443.7
386.8
404.1
352.7
299.7
301.1
864.6
298.7
301.2
303.1
298.3
312.9
311.8
302.4
354.1
410.8
875.3
367.0
298.7
300.7
301.2
300.8
300.8
320.3
302.8
320.2
863.5
301.3
301.6
402.8
401.9
301.1
445.4
409.3
338.7
298.6
874.0
306.9
336.6
328.2
299.8
300.7
301.2
301.7
305.0
300.0
865.5
375.6
446.2
443.7
371.8
300.3
301.0
398.0
473.4
713.1
674.5
490.9
876.2
490.8
443.6
354.8
463.0
418.1
875.1
300.8
298.8
356.3
316.8
359.0
303.9
301.2
298.1
299.5
299.8
867.0
301.5
326.0
319.9
297.6
299.0
385.7
460.3
379.3
299.1
300.2
298.3
873.7
366.7
404.6
407.3
373.1
329.5
398.3
299.9
301.3
300.7
874.3
473.0
505.5
460.5
517.1
312.8
306.7
299.7
299.2
862.5
301.3
302.3
447.8
459.1
429.7
451.3
300.7
299.6
304.5
873.7
300.7
426.7
583.0
597.3
495.1
482.0
297.8
352.9
363.9
864.1
429.2
300.8
300.2
297.9
301.9
302.2
300.8
299.2
429.8
429.8
864.1
540.4
535.6
623.7
619.2
449.7
306.1
877.0
300.2
299.1
301.3
300.7
300.4
301.5
384.6
420.2
370.7
312.7
375.8
392.4
367.3
875.1
373.3
403.4
459.7
421.2
433.0
300.4
360.2
418.6
399.5
863.6
443.9
334.7
333.0
364.8
299.7
299.6
302.4
300.2
866.0
400.4
303.5
406.8
306.1
305.2
356.7
349.4
298.7
876.3
476.6
478.8
721.9
822.3
823.0
666.2
616.8
