348.7
429.0
721.1
757.6
1145.4
1012.7
1115.4
1274.3
1138.2
1143.9
1217.4
1109.3
1277.6
1279.6
1334.9
1377.5
931.9
1388.2
973.7
988.9
1202.8
2461.6
1447.1
1555.7
1214.9
1330.3
1616.5
1917.0
1210.0
3172.1
1740.0
1118.5
1928.8
2681.0
1736.4
1818.8
2283.1
865.1
2142.4
2114.1
1149.8
1660.4
3287.1
3730.2
1907.3
1521.9
863.2
1849.4
2840.0
1540.1
1114.2
1499.3
1663.5
831.2
876.2
1241.8
1110.4
529.9
1138.5
863.6
1575.5
1278.9
866.3
1193.9
1163.4
1143.4
777.7
887.6
904.9
1122.0
583.5
512.1
864.9
476.9
299.7
297.3
866.6
304.8
350.7
342.5
302.9
863.9
298.3
297.4
368.1
863.2
482.0
636.3
690.7
614.4
604.6
876.7
322.7
299.8
384.7
865.0
457.1
694.1
715.2
795.1
886.3
760.5
884.3
795.8
733.4
648.8
863.5
611.4
356.4
865.6
554.9
591.3
460.3
615.9
871.1
623.1
688.5
679.3
760.3
875.1
633.6
818.1
861.9
872.7
734.1
787.6
566.1
954.7
865.3
917.5
933.1
730.5
864.0
777.5
548.1
314.1
297.2
861.8
308.6
465.9
462.2
360.5
445.3
865.0
702.6
740.4
566.7
650.2
864.0
740.9
635.4
706.7
875.7
804.0
528.3
564.7
511.8
384.0
865.4
324.6
299.3
317.3
392.7
343.9
876.2
311.2
367.2
353.3
876.2
298.8
298.3
865.9
446.4
629.1
579.7
480.3
564.7
862.7
297.9
446.8
370.4
861.9
531.4
458.7
625.2
867.8
651.9
817.2
864.7
916.8
751.7
910.4
804.7
596.5
712.7
786.9
876.9
542.2
555.9
936.9
759.5
842.2
778.6
908.1
929.3
693.2
798.8
892.3
1181.6
875.3
1316.0
1225.4
1194.2
1011.5
1516.2
1539.1
1832.3
1278.9
1157.1
1093.3
1384.1
1924.1
1668.2
1895.4
1341.9
2112.6
875.3
2153.2
2227.2
1814.8
1643.8
964.4
1659.2
1014.0
1294.3
2205.6
2179.9
1582.6
1919.0
2206.1
2417.8
1050.7
1783.0
2185.4
1602.3
2100.9
2575.9
2056.3
2657.1
866.1
2094.3
1864.0
1880.5
1850.0
862.1
2903.8
2581.0
1724.1
987.6
1651.3
1989.7
876.4
1268.2
1683.2
1714.9
875.7
1388.8
1534.8
1560.6
1246.0
865.6
1971.1
1443.3
1168.4
1636.2
1023.3
885.6
1717.1
1462.7
1204.2
1367.1
1116.8
2725.4
2722.9
1864.9
2544.3
1738.7
2053.5
1014.6
2675.2
1056.0
1429.6
1683.0
1732.0
3290.0
2908.0
2318.8
2756.2
2425.3
863.5
2871.4
2868.6
2578.9
2401.4
864.7
2641.1
1789.9
1741.4
2201.1
1997.0
2231.9
1666.1
2125.6
1196.2
1147.6
953.5
2312.4
1058.1
1835.5
1553.3
2406.7
1504.5
865.9
2112.3
871.8
1901.1
873.4
2270.9
2463.0
2167.6
2560.9
885.9
1785.9
1875.8
1676.0
2180.6
864.1
2592.2
2339.4
866.7
2274.2
2616.9
1516.8
3166.7
1941.1
1707.0
863.4
880.0
2093.5
2459.3
1979.2
2522.3
3119.7
1961.1
2940.3
2430.7
864.3
1905.4
1572.8
1643.4
2448.7
1825.5
2179.9
952.1
2137.5
1954.0
861.6
1210.9
1619.1
1595.7
865.7
867.0
1176.6
1277.3
1203.2
1277.6
862.7
1246.3
794.9
1101.6
1307.4
1051.6
864.5
1085.5
882.4
814.7
749.8
743.5
939.6
865.5
886.2
869.6
1226.0
1265.1
1063.9
1098.9
1008.8
757.4
749.4
626.6
1195.4
303.9
301.1
863.6
533.1
632.5
650.9
501.7
754.6
864.7
723.0
488.6
501.1
546.0
612.6
863.5
525.9
865.3
587.4
984.3
909.2
913.0
1230.1
1165.5
1147.4
876.1
1244.7
1355.3
1259.3
1165.5
631.3
1022.0
862.5
899.9
526.9
864.4
585.5
707.6
787.6
774.4
1003.8
865.9
1151.3
779.9
1326.5
974.0
1142.7
1203.4
1068.7
1150.5
992.4
1068.2
1030.3
581.8
519.1
680.5
429.3
866.5
331.4
297.7
303.8
861.0
297.9
298.8
411.8
751.5
740.2
1043.6
973.0
1101.9
1003.1
1186.3
1213.5
1213.1
1000.2
1080.8
1046.1
808.5
871.5
591.4
830.9
838.4
739.5
421.0
453.9
865.5
351.2
298.3
362.1
449.7
863.4
473.2
378.0
334.6
357.9
866.9
523.6
719.2
812.0
892.4
935.4
897.0
661.5
846.5
874.9
626.0
576.9
442.6
359.8
884.7
298.1
300.2
400.6
355.8
382.8
863.4
377.2
875.5
660.8
646.3
683.8
747.9
640.5
622.5
863.0
406.6
297.2
304.1
864.5
303.6
297.8
875.7
527.5
565.3
643.1
758.2
867.0
642.2
785.8
630.8
692.6
862.6
338.7
344.0
353.1
579.2
1122.3
963.6
974.9
891.3
1018.3
943.8
1108.8
1119.7
954.2
1294.0
1223.0
1032.0
955.4
1319.5
1350.2
1073.5
998.6
1177.6
1290.8
1367.7
700.4
1073.1
865.5
1114.3
945.2
910.8
863.0
788.0
1009.7
477.0
430.7
319.2
444.5
616.4
863.4
551.6
692.2
730.3
490.2
732.4
866.1
458.9
863.5
342.5
459.8
495.0
444.3
348.4
470.6
878.6
299.0
300.3
544.8
862.6
540.4
720.4
789.1
854.3
866.2
1104.0
738.3
862.3
763.6
563.7
425.8
301.3
298.8
298.3
863.2
352.0
499.7
418.3
579.4
473.2
679.6
969.0
441.4
633.1
986.4
643.8
565.1
905.3
609.4
588.0
740.3
854.5
865.2
645.8
646.9
314.8
364.8
437.1
478.0
957.2
647.7
712.9
555.4
874.8
522.6
498.8
297.1
954.6
396.4
484.2
865.8
926.1
965.5
1029.5
1104.4
1087.8
903.7
1050.3
1395.2
1306.4
1202.5
1502.6
1397.1
1658.8
1134.5
1115.0
1003.2
1587.0
1765.3
1541.1
1657.9
1718.0
870.1
1768.2
1867.6
885.8
1437.7
1831.3
2278.2
1309.9
1273.7
2014.0
1232.1
863.4
1781.5
1517.3
1410.8
1241.5
966.0
799.7
637.0
324.2
337.2
303.8
328.7
865.7
297.7
459.1
455.5
679.3
921.6
634.8
691.0
640.0
920.1
645.2
882.8
694.5
730.3
666.1
952.4
735.8
878.2
866.5
958.8
867.1
863.7
959.6
1037.2
1091.4
1016.6
946.7
1174.0
1205.5
1165.7
1409.0
1338.8
1331.0
1092.9
808.5
1348.2
1494.0
843.4
581.8
708.6
316.7
413.3
866.3
355.2
297.7
865.8
352.4
470.6
538.5
419.8
863.2
968.0
968.6
932.2
939.0
1362.1
1154.2
1495.7
1544.7
1505.1
1182.5
1251.2
1288.7
995.5
1308.3
1817.3
1476.4
1274.4
1458.7
1575.4
1629.0
1300.5
979.7
1551.2
1186.3
996.9
917.9
757.3
886.9
862.6
898.3
874.2
1026.8
922.5
731.6
879.2
740.8
865.9
837.3
744.1
840.2
554.6
761.6
873.4
869.8
493.8
519.8
306.1
447.8
602.5
863.8
511.2
561.5
397.0
874.7
297.0
333.4
297.7
311.5
862.0
512.3
499.6
480.9
487.3
310.6
865.6
300.7
297.8
297.6
863.8
455.3
405.2
489.4
874.8
466.2
427.4
411.2
874.0
874.2
989.2
1238.2
1335.3
1399.8
1344.8
1459.1
1444.7
2665.6
991.4
1614.8
900.0
1199.5
1732.8
888.9
1806.1
2057.7
978.8
697.5
1371.6
1930.3
1803.6
948.1
1944.0
1747.7
910.8
1091.2
1878.4
1391.6
978.3
1197.2
1494.8
2069.0
1181.7
1833.4
1629.9
1427.2
1908.5
924.8
1521.3
1260.4
1800.6
1950.9
2068.7
876.7
1924.3
2060.4
862.4
1330.0
2157.0
1257.0
2177.7
1489.1
1953.7
1572.3
871.0
1009.3
1574.1
1757.9
1551.4
864.1
1090.2
1721.8
866.1
1492.3
1277.0
1443.0
1111.9
2041.5
864.8
1666.1
979.9
1462.1
1162.6
863.1
1102.5
1549.2
1932.7
2030.9
863.4
1276.7
1458.3
912.3
1515.1
938.3
1317.7
1628.4
1586.7
1356.4
1626.3
986.2
1080.6
797.5
928.0
906.6
987.1
352.7
298.6
299.3
313.7
862.1
300.2
499.1
428.9
512.4
298.3
874.6
318.1
456.8
438.0
864.0
332.5
299.7
333.2
862.7
302.6
551.1
654.2
698.4
985.1
848.2
765.6
819.8
889.1
818.1
609.0
693.8
354.4
1001.5
296.8
298.0
595.5
574.2
964.8
645.1
884.4
778.7
982.8
1089.2
998.1
1205.9
1221.8
967.0
1188.6
1187.8
1232.3
1345.1
911.0
1032.6
1378.7
819.7
872.2
1260.0
1338.9
1416.0
1339.1
883.5
787.0
896.9
862.0
758.3
575.7
680.7
545.4
878.5
410.3
417.5
445.2
863.9
752.9
711.1
854.6
839.2
825.1
875.0
744.6
807.4
