308.6
328.8
502.6
761.4
843.5
733.4
957.8
982.9
944.5
874.8
838.7
1270.3
1322.3
893.0
1078.1
1363.9
1342.9
1157.8
728.5
1431.0
463.3
742.8
516.5
786.1
596.9
668.7
634.2
874.6
770.5
815.2
622.3
615.8
608.6
489.9
501.3
476.4
744.2
506.2
649.6
705.0
578.6
872.2
299.1
300.7
331.1
301.1
374.0
345.9
297.2
298.0
296.6
297.5
875.1
297.0
303.0
303.5
300.5
300.1
298.6
300.6
441.5
501.9
464.9
597.5
443.3
861.8
302.2
305.5
336.2
347.9
297.6
298.9
298.9
299.2
298.6
297.4
341.0
384.7
428.4
864.2
318.7
298.8
298.2
303.3
299.0
394.1
430.0
498.3
638.3
470.7
527.1
874.9
302.6
302.3
299.2
298.3
878.3
1499.7
1544.4
1602.9
1628.9
1659.0
1766.0
1605.9
1800.9
1516.4
1841.1
1930.7
1395.4
1059.2
1183.1
1320.4
1111.7
791.8
1092.5
864.8
846.0
787.2
986.2
886.1
777.8
728.6
749.9
657.3
362.3
369.9
421.2
300.9
416.3
411.7
874.6
682.3
693.1
800.1
821.0
627.6
579.5
386.7
408.2
452.3
348.3
300.7
344.0
873.0
354.4
336.1
327.4
303.2
340.0
328.5
299.8
430.3
405.9
415.6
299.6
332.2
322.9
865.6
299.8
373.5
344.0
416.1
301.4
305.1
296.9
298.8
304.7
296.6
874.6
300.5
298.0
335.9
341.4
602.0
487.8
416.0
659.5
450.3
298.2
299.0
301.6
352.5
347.2
875.2
299.1
362.7
728.1
688.7
760.6
740.7
810.4
577.7
624.0
375.8
357.9
313.7
876.6
296.7
299.7
298.9
361.5
547.2
520.9
600.4
555.2
354.9
411.2
314.2
439.8
875.1
404.7
626.8
754.0
551.4
847.3
811.6
685.2
767.4
1009.2
874.7
816.7
943.8
1106.5
704.1
1081.9
1028.6
852.1
479.4
360.5
296.5
299.2
303.5
315.7
307.5
876.6
528.6
460.8
623.3
619.3
673.4
624.8
638.8
757.6
691.7
657.4
617.0
365.1
863.3
329.9
298.2
394.3
387.7
298.1
350.1
351.0
391.6
302.5
389.6
409.5
299.7
861.4
395.3
297.0
297.1
354.5
528.3
520.0
414.1
632.4
425.6
345.9
296.9
300.1
873.8
484.6
639.5
668.6
536.8
575.7
619.4
564.4
538.8
499.5
571.4
733.6
745.3
755.0
863.3
869.7
763.3
826.8
680.9
976.9
696.0
748.3
767.3
604.6
354.4
475.8
711.4
442.3
604.2
872.7
470.1
297.7
401.0
460.7
476.3
438.5
338.2
301.5
861.5
438.5
479.1
435.7
341.0
319.9
363.6
357.3
567.4
647.0
775.7
750.0
700.0
689.5
864.0
610.5
439.5
404.5
644.3
654.3
706.7
597.0
706.3
634.9
696.2
418.1
669.6
876.7
506.6
312.6
298.5
297.8
609.9
656.2
751.8
772.4
695.5
616.8
391.1
476.6
385.0
874.0
414.2
300.9
301.6
298.6
347.3
353.7
377.6
541.6
542.2
296.9
863.4
298.4
465.2
483.3
491.9
437.9
297.2
317.1
309.4
463.1
375.2
514.8
350.8
402.6
303.2
863.2
324.4
299.1
300.2
299.0
299.7
296.9
299.2
298.5
298.5
392.2
410.2
456.2
873.4
592.0
721.0
725.4
810.6
605.7
789.0
363.9
359.1
298.4
298.9
298.4
862.2
377.6
693.9
701.8
641.7
655.6
490.8
639.3
298.4
299.6
298.6
298.4
296.7
310.8
877.2
302.3
298.6
494.6
788.6
794.1
879.8
869.7
900.8
846.8
585.6
695.1
874.0
297.7
361.3
300.0
355.3
298.0
297.8
435.4
513.2
597.3
451.1
402.4
354.0
861.5
399.5
650.1
805.3
804.7
870.0
897.5
890.6
593.6
802.9
495.5
312.8
299.1
309.4
862.2
296.6
296.7
297.4
298.5
299.0
298.0
297.3
309.4
384.3
418.7
640.7
654.7
539.0
863.3
547.4
603.5
608.9
535.3
630.5
602.5
371.3
305.1
297.2
298.8
332.6
876.1
326.4
303.1
299.6
296.8
298.6
299.1
301.5
351.5
352.0
298.4
310.2
300.4
863.1
383.5
406.9
687.8
787.7
746.5
668.1
536.2
584.1
585.5
303.1
301.2
874.5
297.1
300.5
296.7
312.2
428.4
416.2
328.0
433.3
403.8
389.1
299.9
388.7
360.8
412.0
872.2
371.8
339.2
299.9
321.9
298.0
302.4
299.9
298.9
455.6
874.9
381.6
528.5
600.1
668.3
663.7
430.3
616.8
731.2
663.1
297.6
299.5
862.1
301.2
365.9
802.8
832.0
856.7
797.3
844.4
966.1
673.4
838.3
531.7
627.9
476.3
406.0
331.6
879.8
619.3
472.4
613.2
517.6
695.9
300.1
297.8
299.1
298.0
405.3
378.4
379.6
324.6
862.1
314.7
298.4
300.1
393.9
345.0
338.3
388.2
416.7
451.6
420.8
298.7
875.9
359.0
364.1
300.6
450.6
451.6
429.2
392.5
327.1
354.6
302.4
299.9
872.4
310.1
571.6
735.4
892.3
952.0
900.7
899.8
527.0
666.0
608.3
296.7
862.9
298.8
299.9
300.6
297.5
409.6
396.7
498.7
529.1
553.4
493.6
419.2
468.5
874.6
549.3
553.1
506.6
417.2
663.5
672.7
752.4
786.7
672.9
550.9
592.8
316.8
332.6
297.6
862.0
537.5
622.3
554.9
619.0
461.9
444.7
530.7
409.1
297.6
587.1
630.8
862.3
583.2
751.4
810.3
952.6
1056.9
799.7
986.3
952.5
859.9
672.3
960.7
875.9
608.1
340.1
313.7
299.9
426.5
805.3
756.8
822.0
610.9
881.1
787.7
470.6
407.1
874.8
298.5
299.7
392.0
441.2
451.3
308.2
304.7
398.1
345.6
328.0
312.7
861.7
297.1
297.2
298.7
298.8
299.0
299.9
298.4
359.5
365.9
456.1
445.3
444.1
365.3
411.1
358.0
873.4
326.6
328.0
316.8
572.0
601.8
498.2
685.0
519.0
426.3
390.7
518.5
553.5
862.0
353.4
298.4
343.4
912.8
811.0
1017.8
884.3
862.6
1155.9
811.9
996.1
1020.9
673.7
344.9
300.3
333.8
300.0
316.6
299.0
301.7
300.3
863.1
298.8
330.9
464.5
404.1
447.0
358.9
389.7
490.3
491.9
608.1
728.4
756.5
601.6
875.6
500.5
649.6
508.4
489.3
546.3
571.4
662.8
771.1
869.6
840.8
858.4
515.2
694.2
863.8
298.8
297.0
297.7
299.2
310.3
528.7
313.7
752.9
729.5
642.0
297.9
872.9
298.5
297.6
300.7
298.4
302.0
298.7
300.2
383.9
422.4
339.1
297.7
862.2
302.9
305.7
448.7
501.5
619.8
534.6
519.6
297.9
299.3
335.8
318.1
299.6
507.1
526.0
863.7
454.7
577.5
430.7
297.6
314.0
299.7
305.2
299.1
300.8
298.0
298.8
330.6
317.2
862.6
299.1
399.3
391.5
301.9
299.4
297.2
299.3
299.5
382.1
327.8
343.3
874.8
296.7
342.9
364.8
411.4
398.9
462.7
399.7
605.9
531.1
479.6
735.0
874.1
931.4
980.6
1028.4
1060.0
849.4
964.2
937.2
839.2
484.5
628.2
754.6
491.4
863.0
508.2
728.8
908.0
1053.3
1001.3
1076.9
853.7
796.2
1035.0
607.7
639.1
518.5
874.3
297.8
299.7
334.4
419.3
369.3
312.3
299.1
299.9
300.4
300.6
297.6
300.5
299.1
862.2
296.8
386.5
440.0
477.6
426.0
298.2
389.0
379.6
299.5
304.7
299.8
343.7
862.5
336.4
374.3
398.0
344.6
373.5
318.3
327.9
556.2
501.0
549.4
347.8
336.2
329.7
876.9
299.3
298.2
300.7
312.2
372.7
379.2
298.8
300.0
299.0
299.1
861.8
298.9
402.7
591.1
623.0
554.1
553.0
306.5
298.9
300.2
411.3
418.9
299.3
297.1
299.2
876.1
402.6
521.4
538.7
624.0
515.7
652.1
414.0
520.4
569.1
438.5
316.3
861.8
401.6
296.4
298.5
300.4
302.7
299.0
393.2
470.0
551.5
507.1
551.4
451.2
443.2
543.4
872.9
375.5
569.2
502.4
521.9
484.3
332.1
500.6
446.0
414.7
408.3
862.4
299.5
409.7
404.9
296.4
353.6
388.4
421.1
313.8
298.3
301.4
299.0
874.6
397.2
459.6
400.5
493.9
319.8
547.5
617.0
617.1
650.7
729.0
631.9
875.5
