308.2
471.9
666.6
912.8
1022.7
873.8
947.9
1261.2
1046.1
1429.6
881.8
1160.0
1388.1
1333.0
1399.6
1391.5
1962.1
1522.7
862.3
1561.4
1286.6
2545.6
1662.8
863.1
2341.6
1826.1
1595.4
1927.5
2533.5
2666.2
2674.1
3060.9
2753.3
1310.1
2685.3
2176.4
1070.3
4631.6
2487.7
864.3
2496.6
1949.9
1619.9
3404.9
957.1
3478.1
3586.4
2374.6
2106.7
1638.1
3381.3
1794.5
1683.9
1473.4
862.1
1386.0
1230.6
1156.5
1699.7
1093.6
1185.6
1582.6
1131.3
952.2
1524.5
1494.2
867.8
1512.4
1136.6
1087.0
891.3
553.8
577.2
919.3
534.4
339.1
331.7
309.1
321.2
302.2
297.6
872.8
357.5
300.0
349.8
298.1
385.6
614.4
635.3
510.9
576.7
864.3
340.0
297.1
360.9
384.8
543.4
501.2
663.6
633.8
866.6
569.5
922.0
799.5
902.3
678.4
595.5
814.9
871.4
571.1
563.6
549.2
735.1
714.1
685.7
519.0
879.5
940.9
864.1
993.5
840.8
964.5
968.8
930.5
727.5
1074.4
1081.9
862.2
928.3
996.9
1092.1
812.5
993.6
872.8
668.7
378.7
356.6
306.9
298.6
419.8
470.0
319.3
861.3
555.1
594.5
602.0
459.7
872.9
862.9
584.6
908.1
826.4
867.4
769.8
713.2
749.3
699.4
543.8
345.6
874.3
532.9
623.7
425.8
482.8
361.7
306.7
370.0
372.4
299.0
861.2
298.4
336.4
627.6
693.3
689.0
648.8
636.7
601.1
303.3
387.1
861.5
448.2
559.7
448.9
494.8
841.2
844.2
846.5
873.3
784.2
986.8
787.3
984.4
787.8
876.4
888.6
830.5
671.5
644.1
505.4
877.5
870.1
955.8
929.4
1063.3
775.6
863.2
1059.6
1080.1
1320.2
863.3
1523.0
1420.5
1685.0
1927.1
2065.3
2177.9
862.9
2067.2
1951.0
1982.2
1900.1
2490.5
1744.8
2250.0
2236.8
2641.9
2448.5
875.0
1571.4
2455.9
1812.2
2040.2
2469.6
1754.8
864.7
1627.4
1753.9
2040.4
2038.9
3170.4
3418.7
2988.2
3093.5
3207.7
2592.0
2021.7
1709.0
2111.8
2960.6
862.0
3111.5
2038.8
2057.0
1688.9
3096.8
2859.9
2080.0
1441.8
1823.8
1508.0
1604.3
863.5
2671.1
2265.7
1376.0
1324.7
2019.1
1845.7
1730.7
2107.2
874.1
1396.7
1365.6
1802.2
2168.5
1450.0
866.9
1942.4
2182.5
1999.3
2703.1
862.9
2595.0
2766.1
2397.9
2750.4
2912.3
2412.5
3489.9
3497.2
2437.6
3059.4
3424.7
862.1
2761.1
2531.1
3141.9
3246.5
3462.3
2489.0
2777.0
1357.4
2874.7
3285.5
3341.7
1608.0
2018.2
1500.6
2542.6
2421.2
2772.7
980.5
2249.6
2535.8
873.6
2400.5
1911.4
2354.1
2142.2
3448.2
2613.6
1954.5
877.8
2323.9
3218.8
2516.7
2949.3
1788.8
3068.9
2216.1
1447.0
2374.0
2277.5
2413.0
3525.9
870.1
2871.8
1347.0
2746.0
1463.2
2798.2
3349.1
2491.3
1793.1
1768.4
2572.7
2683.3
2111.5
2410.0
1923.6
864.4
2655.3
1484.9
1643.4
1824.0
1724.8
863.8
1638.8
2226.5
2207.6
2396.8
2411.8
2426.4
2479.0
1599.5
1559.6
1713.1
1340.5
3002.1
1182.3
1447.4
873.9
1259.1
1522.3
1398.6
1133.2
1864.6
1581.3
2005.9
1054.5
1014.5
1400.9
1394.7
1230.0
1180.0
1095.9
1291.3
863.6
1273.0
1409.3
1298.7
1290.4
1456.9
1340.7
1336.6
862.2
1287.2
843.5
1269.0
736.8
302.8
301.4
300.3
873.2
879.2
1648.0
1951.4
873.3
1989.1
2389.0
1629.2
2428.9
2818.7
2837.9
2822.0
3077.9
2320.5
3173.9
3008.5
3185.8
872.1
2721.1
3226.5
3323.6
4183.2
4292.4
2550.4
4523.9
861.7
3570.7
2918.7
3720.5
4525.4
2130.3
4208.0
3575.5
2705.1
3512.1
3039.1
2737.3
2435.3
3336.3
862.7
3621.0
3520.6
2854.0
1535.2
2836.1
3856.0
4821.2
2677.3
3295.0
3108.3
2811.2
1297.4
2388.3
937.0
3166.4
1599.3
2672.4
3143.1
861.2
2119.6
1502.3
1403.2
1756.6
1927.9
863.2
1537.5
1865.0
1867.5
1705.1
1562.0
1526.5
2546.1
2751.3
1974.0
2386.0
1588.9
1447.7
1842.7
736.5
1084.4
1994.1
1730.4
1190.7
497.0
331.9
862.8
377.6
481.4
586.0
496.4
387.4
444.6
463.5
771.2
872.7
824.9
814.4
937.2
662.5
876.4
883.2
676.9
638.1
713.6
368.0
297.6
867.3
22.8
437.9
501.6
510.6
459.8
433.7
524.7
446.0
709.9
864.2
653.3
694.1
488.6
628.3
350.3
298.6
299.9
300.0
303.9
300.1
877.2
729.4
660.0
639.1
835.7
970.7
775.6
752.9
702.0
748.8
881.3
399.4
300.4
364.7
367.8
583.5
813.0
838.5
861.5
1094.1
1035.5
1115.6
1056.8
1168.4
863.8
1106.1
1199.4
1334.0
881.4
1069.1
1410.8
1276.3
1317.1
1304.0
1599.5
861.6
1165.3
1158.1
866.9
959.9
1190.5
997.0
910.2
1127.8
487.7
457.3
370.7
299.4
553.2
861.8
650.0
615.5
736.5
775.8
794.6
556.1
465.5
863.2
478.4
543.4
562.7
634.0
612.7
472.6
513.6
299.1
299.8
519.1
867.5
783.7
721.8
944.2
1020.2
1095.0
1093.9
825.1
854.7
862.2
621.5
384.9
316.8
301.6
315.7
298.8
438.7
469.6
523.8
511.2
861.7
753.6
725.1
892.4
622.9
752.0
878.5
962.0
751.0
872.6
866.3
889.6
923.0
833.4
775.0
802.4
405.3
513.8
695.1
397.2
863.3
941.6
617.9
973.3
995.5
707.0
796.4
673.8
377.6
543.8
863.3
969.7
1046.0
1205.7
1113.1
1055.0
869.8
1306.5
1372.5
1287.3
1873.2
1516.5
1699.6
1433.8
861.2
1854.6
1237.5
1296.4
1855.0
863.5
2121.6
1818.3
1680.6
1666.8
2279.9
2105.9
2329.9
2793.2
2414.2
1349.7
1750.8
1852.8
1474.6
2033.0
861.0
1694.2
1263.0
1923.2
792.6
1594.6
1290.3
735.1
298.2
298.3
302.9
297.4
299.0
385.5
373.1
681.5
612.4
864.2
829.2
769.0
879.4
759.9
946.9
810.3
873.0
938.7
937.7
1001.2
1130.0
936.6
894.5
842.8
1023.3
961.6
1143.6
866.5
1218.9
1158.3
865.5
1074.0
1296.7
1505.2
1533.7
1359.6
1526.2
1366.3
1603.1
1109.1
943.1
1528.3
824.5
882.6
786.6
487.4
533.2
343.9
298.1
861.8
436.5
536.2
629.6
558.6
836.2
946.2
864.7
1147.9
1043.5
1307.3
1520.9
1485.8
879.1
1638.5
1241.6
1570.7
1438.8
1407.3
2175.4
874.8
1583.0
1514.0
1386.4
1635.8
1977.9
1530.5
1859.3
1791.2
1078.6
1002.0
841.8
893.8
960.6
1039.8
868.9
1231.0
1217.5
811.8
1110.9
1063.3
873.7
1053.2
874.5
855.1
871.4
766.5
761.0
873.0
767.8
472.5
517.1
299.6
350.3
401.7
478.5
522.6
493.8
388.5
861.3
367.1
441.9
434.8
342.8
443.6
542.2
522.3
541.0
457.3
298.8
863.4
299.6
350.6
366.2
297.0
315.5
297.9
342.0
352.9
445.6
467.3
874.9
655.9
590.0
407.4
428.3
297.6
298.4
382.6
493.0
862.6
529.3
473.5
398.2
356.7
501.9
498.0
319.4
367.0
439.5
709.1
861.7
404.0
728.5
461.3
635.1
385.3
312.8
396.0
863.2
467.5
528.8
701.5
528.4
589.3
717.2
872.9
876.6
887.8
945.8
1240.2
1551.6
884.3
1255.5
1176.7
863.2
1630.5
1673.1
1270.8
1443.3
1395.3
1021.3
1024.7
851.8
1198.2
1201.2
976.0
1259.8
863.3
746.8
827.7
694.1
848.4
825.5
877.3
865.6
861.2
880.5
958.7
920.9
846.2
906.4
999.9
743.6
841.2
1091.2
675.5
1004.1
797.9
863.2
453.8
569.6
749.8
666.9
977.9
663.1
1045.5
1097.4
872.9
913.3
793.7
877.1
697.9
643.5
472.5
692.6
527.0
572.7
862.0
297.0
417.9
434.9
393.6
300.8
495.7
576.8
480.6
598.1
357.1
298.3
861.2
379.4
434.7
461.2
298.9
302.2
310.8
300.1
359.6
475.2
864.8
774.1
937.8
841.4
841.9
865.7
974.1
951.3
879.5
707.1
734.6
324.9
298.7
341.9
302.4
378.5
452.5
756.5
577.6
863.0
834.5
859.1
1126.8
1070.0
1277.8
873.1
1130.5
1461.9
1465.9
1368.8
835.0
1275.9
1072.1
1380.5
863.3
1514.6
1081.3
1425.8
1059.3
781.6
807.3
820.9
689.0
945.6
727.6
744.7
632.5
755.6
414.6
436.2
473.3
863.6
609.5
851.4
648.8
837.6
819.5
820.7
709.3
874.1
