398.5
387.8
881.2
1111.8
956.0
1003.9
998.1
1040.9
1493.3
1106.9
1447.2
1065.9
1141.3
1160.5
1231.5
659.6
644.5
644.7
698.5
2387.9
2321.0
925.2
1976.3
2355.6
2527.5
996.1
991.4
1254.3
1134.9
1152.5
2560.7
972.6
2458.9
1459.0
2935.0
2967.2
3574.6
2815.2
3463.7
1895.2
2764.6
1332.9
1826.5
4217.5
1638.8
2390.4
2898.9
1352.7
3493.1
2028.0
4011.0
2076.4
1560.2
1487.7
2300.3
4723.5
1166.3
1995.9
1464.6
1536.0
1921.9
1926.9
1546.8
2438.8
2080.0
1701.6
2046.5
1795.2
1640.0
1274.1
1727.4
1251.7
1698.2
1375.7
1012.8
962.6
1575.7
814.1
1023.2
1073.5
811.6
1190.6
614.1
686.8
591.8
532.9
1159.5
700.6
717.3
657.6
412.3
1090.5
643.1
1309.5
860.6
749.0
862.7
961.8
1275.8
961.0
1216.0
934.2
904.9
1100.4
963.1
899.1
830.5
1589.3
715.1
868.5
921.4
1704.5
966.7
1529.9
1082.8
1079.7
1077.9
1057.6
1300.6
1833.2
1367.7
1465.8
1598.2
1028.9
1269.5
2166.8
1460.4
1051.2
1363.2
1062.6
1329.0
1112.0
1849.1
1631.6
868.3
888.1
715.5
1443.8
731.3
798.2
881.5
1277.8
921.2
1004.8
1143.7
1310.3
1080.8
998.2
1112.3
893.9
1438.3
1223.7
842.2
1259.9
1557.2
1041.5
1170.5
1432.2
861.3
823.3
860.1
760.7
658.7
1467.7
611.7
603.4
547.6
1342.4
391.6
1014.6
432.0
614.5
976.4
512.1
709.7
565.8
561.2
866.0
299.4
301.1
428.4
865.4
382.5
478.5
546.6
1055.0
680.7
762.6
973.9
1126.1
910.0
901.7
1315.8
841.3
761.5
748.8
712.6
1261.6
777.2
18.3
1137.3
1170.1
1106.9
880.8
1209.9
1331.3
1200.1
1979.0
1499.8
1359.0
1647.6
2168.8
1542.7
1654.5
1889.4
2140.1
1516.7
1957.2
1855.9
1932.4
2045.6
2505.0
1887.5
2238.2
1807.3
2874.6
2982.1
2753.4
2057.4
3258.4
2496.5
2477.2
1638.7
3289.8
2641.3
2613.7
2324.5
2604.4
3268.3
2443.3
2648.1
2472.8
2705.2
2392.7
3500.4
2894.0
2158.6
3837.4
1927.3
2396.8
3720.1
3420.2
3133.7
2852.1
1889.2
2724.1
2150.2
3748.5
3018.5
2487.4
1947.4
3939.4
2789.7
2479.8
2460.7
2507.9
3660.5
2734.0
2084.6
3559.8
2182.4
2906.0
2608.0
3264.8
2237.5
3007.7
3146.5
3134.4
4490.1
2237.6
3394.9
3080.0
3108.9
4455.2
4091.9
2990.2
3215.8
3047.5
3629.3
4894.0
4042.5
3118.3
3161.4
2351.2
4034.7
4115.6
5272.5
4847.0
2994.9
4024.4
4085.4
3094.2
1658.2
4452.8
4189.9
3212.8
4477.6
3568.1
5213.8
2346.3
3428.2
4043.1
6016.6
3956.2
2716.9
1915.5
3096.1
2541.6
4552.7
3814.1
3450.1
4742.8
4441.7
3263.5
4823.6
1899.0
3168.3
4990.2
4687.7
5511.4
4040.2
4976.6
5296.0
4070.5
2316.0
4433.0
3024.5
5549.7
2996.8
3045.4
3602.3
4641.3
5319.1
4204.5
4615.3
4035.3
5310.8
5561.3
3565.2
5310.1
2647.3
4528.7
4705.2
5100.4
3613.5
4594.1
3838.3
1921.4
5163.5
4105.7
4277.6
5247.4
3844.6
4867.3
3490.3
3270.1
3847.6
3782.7
2512.6
2211.0
3052.3
5288.5
3250.2
2599.4
4319.7
5393.3
1630.6
3925.1
4079.1
2987.7
3902.2
4193.3
4153.4
3830.0
2054.0
2606.7
2032.6
4120.5
3044.8
3049.2
4680.2
2893.9
2948.3
1942.1
3229.6
3281.9
3624.0
3659.9
3904.1
3900.1
2717.6
2536.7
4225.3
4660.5
2842.5
2801.0
2273.6
3150.2
3687.4
3194.9
2192.0
2969.8
2595.9
3859.5
3447.0
3655.4
3352.4
2958.6
4246.0
2717.0
3091.8
3004.5
3219.7
3186.3
3056.6
3623.9
3590.0
3026.1
2287.4
4401.3
4907.5
2460.1
2763.9
2215.6
3243.6
3761.1
3803.8
4586.1
2918.0
3168.9
4470.1
3053.3
2882.3
2177.0
2714.8
1439.1
3168.9
3921.3
2064.9
3477.5
3313.9
4768.0
4160.3
3964.3
4150.5
2086.4
3335.9
3346.2
4368.4
1951.9
2171.2
1977.4
4205.8
1758.7
2624.9
2758.5
3832.9
3358.0
2229.4
2075.0
2647.9
2625.9
1470.6
2579.8
3448.8
2082.0
1758.2
2782.5
2351.8
1811.4
1820.9
3472.4
1369.5
3284.3
3994.8
1594.5
3517.1
1650.3
1538.3
1473.4
3573.4
1242.5
1384.8
1820.3
3167.3
1625.8
1637.0
1942.7
2522.7
1003.8
1378.0
1758.3
1860.8
1728.3
751.6
3330.4
2928.3
1591.8
2853.3
1191.9
1155.6
2790.4
1126.8
1249.5
2772.9
982.3
1089.1
1097.4
870.4
1068.6
657.8
1021.4
2486.7
386.7
2180.7
332.4
324.8
303.5
2078.4
565.8
2544.6
564.5
786.7
750.2
1993.0
795.2
737.6
744.6
724.1
370.7
314.1
1867.6
1519.3
409.5
1628.2
1446.2
769.1
929.6
914.8
924.8
1137.0
1103.8
1891.4
1349.6
1348.6
1227.4
1059.9
2047.8
1595.9
1354.1
1221.5
2004.9
1423.6
1853.0
1821.9
984.4
1304.0
962.1
1237.6
2496.3
1138.9
1329.1
876.3
1980.4
1174.0
828.8
836.2
1917.0
2204.3
998.1
1062.9
1047.8
1062.0
1091.0
827.4
831.6
1707.6
1604.3
768.9
670.9
753.7
1580.6
688.9
310.2
691.7
424.9
593.2
1381.8
1795.0
712.1
868.8
911.0
910.9
1017.6
731.0
713.6
587.6
1655.9
372.5
309.9
1671.4
369.0
1484.5
1151.7
619.5
640.6
1017.7
717.3
659.7
645.1
1075.2
567.8
906.8
1018.0
1038.9
1272.8
952.0
647.7
1355.8
967.2
877.0
1159.6
1116.2
1341.2
867.1
1417.6
967.6
985.5
627.3
939.4
1034.3
818.0
1221.9
1438.4
1550.1
1324.4
1421.6
1125.1
1465.5
1583.7
1828.0
1830.9
1969.7
2122.8
1106.3
1930.5
2226.6
2200.0
1488.1
2328.6
2287.4
2454.0
2260.9
2460.1
2555.7
2135.2
2898.1
1744.2
2361.1
2450.7
2351.0
1750.6
2098.5
2514.5
2460.7
2217.0
2617.1
2699.1
869.5
2058.8
1893.4
1561.1
2315.6
2505.6
1987.3
2424.9
1564.9
2352.3
2138.7
650.0
2032.8
1134.6
1791.4
1072.7
873.3
962.2
1029.3
981.7
1495.3
1102.0
1248.1
1498.4
1522.9
1775.8
1580.4
1374.0
1273.2
1562.6
1511.7
1818.2
2150.9
2091.5
1708.7
1794.5
1994.1
2003.0
1311.4
2204.8
2614.0
1579.1
1575.8
2132.9
1734.4
2080.6
1943.8
1836.0
1974.1
2013.5
2006.3
1256.2
1744.6
2459.8
1801.2
1055.1
2281.3
1445.0
1075.1
967.5
672.1
1212.3
1907.9
345.1
647.6
852.8
784.8
1147.8
869.0
924.6
1107.1
1614.9
1686.2
2002.3
1719.4
1333.7
1560.2
1230.9
2035.8
2058.2
2056.4
1573.2
1862.7
1699.0
937.8
2035.8
1828.6
1410.3
1912.9
1850.4
2289.8
1251.6
2656.5
941.6
1888.2
1628.8
1393.8
1565.3
1758.1
1586.6
1308.3
2036.0
1361.4
1305.6
1145.6
2047.6
1318.1
1078.6
1251.0
1958.5
1485.3
1227.5
1997.8
1595.7
1251.7
1311.1
1027.9
1148.9
1097.0
980.9
793.1
1107.0
1868.3
1289.5
995.2
1894.7
1079.1
1521.2
1013.5
1126.6
1093.7
835.9
793.7
1056.1
1773.9
993.9
1670.8
939.1
1054.7
961.1
1471.5
1016.7
768.8
1041.0
718.5
906.1
1360.1
1708.0
527.0
711.5
489.2
632.4
592.6
1201.6
535.6
439.9
484.5
1079.1
527.3
1103.0
623.9
741.6
775.4
602.0
585.1
721.5
1231.9
395.8
483.9
1225.8
391.0
500.4
1086.0
488.3
616.0
813.3
876.2
1587.8
1168.0
1102.3
1175.6
1683.3
1235.8
1338.7
1221.3
1161.5
1199.3
1538.4
1224.0
2063.5
1218.4
2419.3
1036.7
1256.3
1255.4
2342.1
1177.8
1234.0
2342.4
1189.5
1417.7
995.4
1195.3
1139.4
1131.3
2025.6
2508.3
1310.3
1325.5
1118.7
1474.3
2090.4
1417.8
1248.6
1292.6
1368.6
1477.2
2136.9
2507.2
1091.5
1955.2
1442.9
1595.1
1224.1
1015.1
1292.2
2463.8
2338.1
1391.6
1265.8
1459.9
1850.9
808.9
1078.2
967.4
943.9
2165.2
2521.2
379.7
305.9
301.5
2302.2
343.9
2044.3
1931.2
501.5
664.6
1219.8
584.5
639.6
380.0
1040.3
378.7
424.2
456.1
927.3
381.0
302.3
368.8
869.2
520.5
507.4
521.7
749.3
1239.4
854.2
663.7
842.1
1131.9
616.1
913.8
400.9
311.7
1256.9
303.1
1209.3
345.6
526.7
785.9
893.8
1304.3
1065.5
1193.3
1268.3
1349.1
1324.9
1049.7
1180.4
1695.6
1186.5
1594.5
1219.5
1707.1
1945.5
1571.0
771.2
1489.0
1917.8
1499.1
866.3
1894.5
1662.5
1788.4
1266.1
889.3
1218.4
1050.6
1075.2
1601.9
993.8
1663.2
1153.3
948.1
1255.8
958.2
877.5
1091.0
1057.1
1061.8
1553.9
1297.5
1447.1
