309.8
370.9
317.9
378.7
298.1
326.7
301.8
328.7
298.5
300.1
874.5
376.7
442.3
505.6
706.5
711.7
493.6
619.9
545.0
302.0
299.2
884.2
309.9
299.2
391.7
374.1
449.9
374.7
369.4
299.0
299.3
298.4
862.0
306.9
300.5
298.3
298.1
394.8
318.1
363.4
299.4
302.1
299.1
863.2
298.5
303.6
301.5
297.3
298.5
298.8
299.6
298.8
298.5
874.4
432.5
456.8
581.5
587.8
298.8
310.6
371.1
395.6
457.4
363.2
297.8
875.5
303.2
300.3
301.7
312.9
298.2
300.2
299.2
299.3
299.5
298.5
872.4
365.6
310.3
361.8
298.5
299.9
308.2
307.3
311.7
301.3
360.7
314.1
371.5
874.4
305.0
329.9
298.4
297.5
299.0
298.8
298.3
299.2
335.4
333.2
861.3
302.0
298.8
296.9
297.5
296.8
296.1
298.3
861.4
323.5
310.6
327.6
298.0
308.0
299.6
320.4
305.0
335.3
297.2
864.7
389.9
300.3
383.8
298.9
351.0
309.4
350.1
298.6
300.7
301.0
296.4
863.3
297.5
299.6
298.7
298.7
297.1
298.5
302.9
298.8
308.8
874.5
308.6
312.1
302.8
301.6
298.2
305.0
304.1
311.8
297.9
299.6
297.0
872.8
383.3
314.0
387.2
297.4
298.6
301.0
301.4
346.6
296.8
872.2
300.4
301.1
300.8
309.2
297.9
298.2
299.3
298.7
304.1
299.2
296.9
298.5
873.8
298.4
302.1
312.1
309.6
308.7
313.8
296.9
297.8
306.6
874.1
478.6
412.2
305.3
311.7
301.4
302.4
301.9
310.2
297.7
874.9
299.4
298.6
298.1
302.8
300.1
326.8
381.9
402.3
299.4
297.8
296.5
297.8
875.2
298.5
369.1
336.3
402.3
297.2
298.3
300.1
298.1
434.7
864.1
371.1
501.5
387.2
378.8
306.2
306.9
1732.1
301.4
296.8
873.0
298.1
302.0
301.7
298.8
300.4
296.6
418.6
372.4
426.9
361.4
298.8
302.4
297.7
873.1
342.8
316.7
357.4
297.7
298.5
323.6
300.9
873.1
298.4
298.9
298.5
298.2
301.1
318.8
298.1
298.5
298.6
311.2
298.7
873.8
299.2
296.6
299.1
318.8
301.1
298.3
297.3
297.0
301.0
298.8
299.7
297.5
873.7
297.9
298.5
297.7
309.8
299.3
297.3
461.6
442.4
526.1
560.7
428.8
875.6
305.5
312.2
300.3
298.8
301.1
297.9
862.3
298.4
304.1
492.9
488.3
377.6
297.3
300.2
297.6
298.5
299.2
297.1
297.7
873.8
298.0
328.8
306.0
324.3
298.6
297.6
304.0
299.2
863.8
299.1
309.9
299.5
310.5
296.8
297.7
298.7
299.0
299.6
298.0
380.8
300.7
393.4
862.1
303.6
299.8
403.4
403.8
492.7
296.7
297.8
863.5
298.7
298.6
297.3
396.9
485.0
567.7
468.6
339.4
297.5
298.3
303.4
872.8
298.3
310.3
297.1
297.4
297.6
324.1
297.9
300.1
301.1
297.4
876.3
299.7
312.4
298.4
301.1
298.9
309.2
297.7
299.2
297.1
296.5
298.1
303.5
873.4
298.3
296.7
297.1
297.7
306.2
298.6
296.9
875.4
302.8
297.1
297.3
297.6
301.3
422.7
422.9
299.4
299.1
298.4
300.6
297.6
862.5
297.6
299.5
299.8
297.1
298.8
298.8
314.2
306.8
303.0
297.6
875.3
306.7
312.4
312.9
298.8
298.6
297.8
310.8
298.9
299.8
867.6
297.8
299.4
300.4
304.0
305.3
308.4
342.9
351.5
297.8
310.2
302.4
879.4
298.0
299.7
299.1
298.6
301.8
307.6
298.3
299.2
314.6
883.4
298.5
317.9
301.7
352.8
302.7
344.8
317.0
302.4
321.0
298.8
863.4
300.0
311.3
409.0
384.5
299.9
425.2
299.0
298.9
298.4
300.8
880.7
298.4
299.4
301.9
304.7
401.9
341.3
447.1
309.9
298.5
876.0
298.4
310.6
297.6
299.6
306.8
297.4
296.9
297.0
306.5
296.7
297.5
874.5
303.7
317.3
312.3
298.6
299.8
298.5
309.5
296.7
297.3
874.2
308.2
312.7
300.2
443.9
375.3
452.2
439.1
363.9
298.6
304.1
874.2
299.1
301.7
317.2
302.3
301.2
301.7
304.5
311.7
304.4
296.7
302.1
875.5
311.9
310.4
303.3
298.5
300.9
298.2
314.8
302.8
298.3
874.7
298.2
301.8
303.6
297.5
296.8
298.6
438.1
423.6
414.9
298.5
309.1
304.9
877.9
359.8
340.5
308.5
305.2
309.3
299.5
296.4
302.0
349.8
348.4
329.5
320.1
875.2
297.0
300.6
306.4
299.2
301.0
299.4
872.7
299.9
297.9
300.3
436.2
489.5
356.7
308.6
302.8
297.5
309.4
298.5
299.0
871.9
301.2
299.3
299.6
309.0
300.0
298.4
297.9
299.1
304.2
404.2
413.7
872.5
296.4
324.4
298.8
301.0
298.3
298.4
310.2
875.2
297.3
311.1
310.1
298.9
297.1
297.8
309.9
357.7
325.4
493.4
367.1
596.3
863.2
306.8
300.7
308.7
297.3
298.1
298.3
298.7
325.3
873.3
298.3
299.8
305.4
328.8
309.3
298.2
297.6
299.5
296.5
298.2
300.2
873.2
297.9
389.7
415.0
592.0
586.8
309.0
307.7
304.5
297.7
298.0
872.9
301.8
300.5
299.4
386.2
377.8
298.1
300.3
307.3
297.7
873.5
299.9
301.2
414.5
435.3
364.4
296.7
301.5
309.4
298.1
313.7
303.6
301.4
309.0
862.3
298.7
299.5
296.8
299.2
305.7
416.6
405.5
299.2
299.8
299.8
874.6
298.9
297.4
297.8
309.3
335.8
303.8
303.7
299.5
871.9
303.7
315.4
319.2
310.5
298.2
302.5
297.6
297.0
296.8
940.2
408.6
298.4
299.1
296.8
311.7
297.5
313.3
301.4
298.3
298.6
298.0
297.5
873.0
297.3
297.0
301.0
346.6
348.8
299.5
300.1
297.4
298.1
299.4
873.9
300.9
298.4
297.0
297.0
297.2
376.6
467.9
406.7
306.9
304.6
361.3
330.4
863.0
297.9
299.5
298.5
296.4
298.9
302.1
862.0
299.6
313.3
297.1
298.3
298.7
300.5
298.1
312.2
296.8
297.7
298.9
303.8
873.6
318.5
383.6
418.1
474.8
308.8
298.2
300.8
298.0
297.8
297.7
872.4
354.4
458.1
494.5
453.6
311.9
300.3
300.3
297.7
874.0
298.9
297.1
299.1
312.3
298.5
301.3
308.7
309.5
303.0
298.7
298.9
873.7
303.9
298.9
304.8
302.4
298.1
299.7
311.6
298.3
297.9
298.6
873.2
302.5
299.9
298.8
327.7
336.9
300.7
316.6
300.0
296.7
298.7
883.4
307.5
298.5
299.4
309.4
301.8
301.0
300.6
298.4
297.1
297.9
877.0
297.4
298.3
304.5
297.6
299.4
298.8
298.4
303.5
301.0
875.0
297.2
298.2
298.3
297.1
298.4
297.5
312.1
301.4
298.1
300.9
297.0
298.1
872.4
326.5
310.6
329.9
298.1
299.4
303.5
308.1
300.0
876.1
299.1
297.1
297.8
311.1
353.8
362.4
297.7
342.5
329.1
326.9
297.0
872.5
297.9
301.6
299.6
469.0
485.0
459.9
299.0
298.4
303.1
298.8
299.5
296.8
873.0
299.5
297.7
299.0
311.7
298.6
308.9
309.5
864.3
298.3
297.8
296.7
301.0
298.1
298.9
299.4
352.8
304.4
347.7
878.4
297.7
310.0
298.8
297.9
298.5
300.2
298.3
297.5
305.8
304.9
309.7
320.4
893.5
298.9
335.5
427.9
328.3
431.9
299.0
302.8
297.9
873.0
297.2
298.0
297.7
296.6
310.0
317.1
313.0
298.8
300.4
298.9
873.6
298.6
375.3
417.8
466.1
297.6
310.3
296.9
297.5
298.1
300.5
874.4
297.9
297.7
298.3
297.9
301.5
301.8
313.1
298.6
298.6
298.6
326.8
345.9
359.5
882.9
297.9
299.1
311.1
298.3
335.4
296.9
309.1
304.5
874.4
300.5
303.6
303.4
299.9
309.5
334.0
311.7
327.8
298.2
298.5
299.3
301.5
872.7
299.4
299.8
299.2
360.2
306.4
355.6
297.0
297.5
872.2
298.6
305.4
314.2
297.8
297.8
297.8
299.6
299.8
297.9
298.9
311.7
301.4
872.8
298.4
298.0
310.4
378.0
476.4
462.2
372.2
878.4
