309.8
419.1
519.3
674.2
613.8
447.2
683.2
730.7
874.1
896.1
995.7
910.4
875.7
981.2
868.1
1052.2
1064.4
1016.2
992.5
323.4
301.9
872.7
298.8
326.6
410.6
466.2
535.2
575.6
323.1
861.8
298.2
404.2
419.1
305.6
503.6
450.2
863.7
663.4
624.0
607.5
494.7
884.4
299.0
299.0
331.8
300.2
326.3
297.5
863.1
298.6
297.7
298.6
311.2
298.8
297.2
299.0
299.0
863.9
299.8
298.2
17.1
417.9
384.8
431.2
311.6
874.3
297.6
300.7
296.9
298.5
861.6
363.5
298.0
310.7
298.1
300.0
861.0
304.2
432.9
439.4
305.6
296.4
303.8
301.9
873.7
297.5
317.0
400.8
496.2
462.5
425.0
873.9
297.6
298.9
297.2
299.3
474.4
457.5
480.7
478.4
862.8
303.8
298.4
297.4
298.3
299.3
863.8
297.5
298.8
299.5
298.5
300.8
300.8
863.8
297.6
311.4
299.8
337.6
334.5
870.4
400.1
530.1
490.1
449.3
299.5
298.7
379.6
863.2
502.0
457.0
478.5
321.5
313.2
865.4
296.4
299.2
301.0
296.6
306.9
408.7
400.5
862.2
328.5
331.9
338.9
336.1
297.5
864.0
328.5
308.4
308.2
370.8
346.0
861.7
342.5
523.0
474.2
373.6
297.1
298.7
299.0
298.1
305.8
860.8
296.7
297.0
298.7
303.8
862.9
298.6
297.4
298.9
299.0
371.6
437.4
369.2
384.0
873.4
298.5
300.1
299.7
357.0
351.0
862.6
311.3
313.5
319.5
422.2
477.6
565.8
863.1
447.4
470.7
298.6
297.6
299.0
298.9
862.2
301.1
297.8
493.5
374.9
489.6
467.6
862.6
463.3
371.9
473.7
368.9
862.5
382.3
595.1
609.9
646.7
572.2
618.0
864.9
540.3
537.9
793.0
806.4
696.3
891.3
863.0
871.5
630.9
636.4
371.9
298.1
863.7
365.7
511.9
520.6
507.6
478.3
437.8
594.9
510.2
477.0
872.6
523.4
497.9
499.4
363.8
471.9
555.6
866.5
346.7
298.1
299.1
299.3
407.5
861.7
373.3
323.9
296.9
299.2
301.1
861.2
394.5
299.0
393.2
303.4
300.5
453.8
570.2
406.5
862.1
532.8
427.6
297.5
296.7
300.5
875.9
470.7
551.6
521.0
426.3
385.6
396.7
379.6
394.6
861.3
420.3
684.8
743.7
697.6
848.0
865.7
524.9
651.1
524.5
450.5
597.1
583.3
875.7
387.1
381.5
500.1
629.2
559.0
452.2
865.8
416.2
298.0
297.0
298.2
299.6
303.4
300.5
863.5
299.9
368.6
362.5
862.0
300.7
336.0
330.6
406.1
562.3
701.9
618.5
862.9
676.4
617.1
640.0
534.7
864.7
435.2
485.4
655.4
648.5
636.3
677.7
520.3
590.3
634.4
415.5
862.9
509.6
313.9
297.2
875.5
565.6
591.6
680.9
718.5
610.2
396.5
374.7
862.1
492.1
393.7
402.3
297.4
299.3
387.6
862.9
373.6
423.2
537.8
450.0
297.1
861.5
301.0
474.8
424.8
481.8
436.2
862.0
298.4
299.2
388.1
467.3
468.2
442.8
311.2
309.4
321.0
861.2
298.1
299.3
310.3
299.3
298.1
862.8
298.2
298.5
318.6
298.6
522.5
861.7
450.7
764.4
775.4
570.3
660.1
306.1
872.8
641.9
427.8
298.4
298.2
300.2
327.6
410.5
423.4
498.0
863.0
487.5
378.0
297.5
299.9
375.7
371.8
874.8
298.4
299.9
309.7
319.5
874.0
738.3
808.1
790.3
782.6
865.6
787.9
766.8
608.0
660.4
299.9
299.3
298.1
861.4
300.5
298.6
323.9
454.8
442.7
366.5
364.8
384.3
862.6
298.2
444.6
624.7
474.4
661.5
674.1
863.5
408.1
611.2
366.5
317.0
299.7
311.2
861.9
297.7
298.2
296.7
298.1
873.3
298.6
298.0
347.4
397.0
366.6
630.4
476.5
658.2
515.0
862.1
485.9
489.2
366.2
362.8
297.1
877.3
300.0
371.9
300.9
297.8
298.8
861.5
301.5
299.3
297.0
303.2
861.9
360.3
342.2
444.9
356.6
350.2
298.3
404.1
873.8
634.7
696.4
734.4
667.4
748.5
460.1
422.5
314.2
863.8
299.4
313.0
414.9
297.0
874.9
299.8
428.0
426.6
335.7
327.4
874.6
302.6
458.7
543.0
422.1
668.3
521.0
356.8
865.0
299.1
296.8
297.4
298.1
297.9
297.6
862.7
482.4
513.7
583.0
430.5
615.2
382.8
478.1
458.9
487.8
875.4
296.9
299.3
862.8
299.4
302.6
519.7
647.9
615.7
929.5
879.3
495.3
862.3
558.8
328.3
484.7
429.2
316.3
358.9
864.1
429.8
446.5
492.9
532.5
863.3
297.2
298.8
340.7
298.2
352.8
361.6
340.7
298.7
862.7
301.5
300.6
298.5
297.6
299.8
863.4
620.7
593.2
584.5
630.7
550.6
298.4
300.4
872.8
422.4
398.0
417.5
393.8
299.5
299.8
861.7
321.9
298.9
313.1
299.8
530.9
549.8
622.0
622.2
733.7
861.7
337.2
297.0
297.8
867.8
299.6
299.7
298.9
300.2
862.7
451.6
419.9
543.2
482.7
691.0
454.0
297.1
874.6
378.0
445.0
501.9
650.4
397.2
463.2
684.3
550.7
662.5
864.0
496.8
521.0
299.4
299.3
863.7
377.0
497.5
432.0
469.8
299.3
867.0
468.7
436.3
313.4
296.7
339.2
482.4
565.0
569.2
717.9
865.6
427.9
554.4
419.9
544.4
864.2
615.8
690.0
639.4
523.6
300.5
300.8
862.0
327.8
435.3
505.3
651.6
722.5
673.7
537.2
864.0
699.9
431.9
422.7
338.9
325.9
415.3
862.6
438.0
315.7
296.5
298.2
298.0
861.4
300.0
297.0
297.4
297.6
298.7
861.1
299.2
298.3
311.8
297.8
299.9
306.9
310.4
433.9
862.1
437.5
468.0
376.3
297.4
874.7
330.3
418.7
570.4
459.6
425.2
355.2
373.7
861.4
464.9
449.8
389.0
310.3
457.7
862.9
491.5
907.7
910.0
932.8
866.3
1162.9
954.9
951.5
933.2
670.3
353.2
298.3
297.2
298.2
861.6
300.2
298.4
300.7
298.0
861.8
375.8
455.9
370.4
527.9
386.9
336.6
491.8
873.1
674.7
727.1
750.7
754.2
632.4
409.8
358.9
427.1
397.9
868.2
368.5
298.6
520.4
1962.3
853.8
853.6
874.1
990.2
1041.9
1058.8
797.1
567.6
298.0
298.8
374.2
538.6
435.0
403.5
448.2
863.5
296.4
298.0
301.3
297.7
300.4
861.1
299.1
385.2
340.0
421.1
305.9
300.9
863.3
302.2
301.9
301.7
371.5
399.8
385.6
864.6
300.2
301.2
322.3
321.7
298.1
305.7
861.2
535.7
533.6
448.1
444.5
308.3
299.2
864.6
303.3
299.0
300.2
297.2
299.8
323.7
322.4
863.2
300.0
395.2
392.0
297.7
873.1
298.2
299.4
298.6
306.4
341.6
333.6
861.2
296.8
378.6
452.8
362.6
331.3
363.4
358.5
346.5
874.5
336.0
300.0
332.9
298.4
862.1
302.3
298.5
304.6
411.4
403.4
359.0
861.5
544.5
494.8
457.4
406.0
331.9
639.0
713.0
649.6
684.3
881.6
548.1
581.2
426.5
866.9
551.0
540.6
423.2
298.1
300.1
299.8
302.9
299.2
297.7
863.6
297.0
298.3
364.1
358.3
861.4
380.0
381.7
302.2
299.0
353.4
347.5
861.1
364.2
319.3
373.7
308.9
301.4
299.9
419.2
304.5
863.3
400.1
298.1
311.4
300.6
862.4
348.4
555.5
526.2
553.7
355.3
340.4
336.8
862.5
297.5
300.0
299.5
354.7
422.6
384.0
874.0
299.0
303.8
298.9
297.5
873.5
376.6
666.5
675.2
514.6
556.8
297.5
864.8
422.4
448.1
391.7
298.3
304.6
298.0
861.1
405.9
520.6
483.9
468.8
419.7
458.4
861.9
506.0
514.8
581.4
469.4
333.5
863.3
296.8
297.2
298.7
299.7
299.6
315.1
309.5
404.9
399.8
868.1
595.8
414.8
468.4
381.9
882.7
527.9
498.5
579.3
491.3
320.5
353.0
411.1
447.1
525.1
862.8
298.3
299.5
873.5
297.1
311.0
343.2
343.6
304.2
299.2
299.9
300.3
873.5
375.1
430.1
446.2
418.7
536.7
863.2
661.5
712.0
722.8
686.0
635.6
866.2
