376.6
328.1
909.7
1110.4
877.6
1062.6
1340.4
1141.5
1320.1
876.9
1470.2
756.3
1463.6
1416.6
1497.8
1525.4
1173.5
874.5
1471.9
1416.4
2708.0
1336.0
1784.0
861.8
3187.6
1628.3
1463.1
1910.2
1440.2
3542.1
1953.4
2310.8
3120.2
2996.4
2125.4
874.2
1776.6
2831.0
3913.9
2443.4
3146.7
2596.0
5361.3
864.3
2275.0
4940.5
4010.0
4361.0
3291.9
2648.8
1689.5
3793.1
877.9
2572.6
2958.1
4356.8
3908.0
2173.2
3283.8
2433.7
4025.4
2589.1
2880.9
2389.4
4038.4
3099.8
868.3
3292.8
4145.5
2524.7
1928.5
2360.8
2013.9
3273.9
3498.4
2729.0
1921.7
2192.4
2554.4
864.1
2026.8
3701.6
1812.5
2132.2
1601.8
2117.0
2011.9
3217.2
862.7
2557.8
2572.0
2554.3
1643.2
864.9
2331.0
3492.3
2277.7
2894.2
2783.0
3187.8
2497.3
861.8
2867.0
2884.9
2491.0
3635.6
3285.6
3310.7
862.9
4375.5
2521.1
3130.9
2819.4
4141.7
3093.3
2270.2
3197.4
2776.3
1765.8
3138.0
4028.1
2544.8
4140.6
2563.8
863.6
2602.7
3871.2
4198.6
862.8
2289.9
20.7
3873.1
3775.2
4492.3
5123.4
4289.3
2324.1
5550.4
3842.4
2990.1
4510.0
2985.7
3091.1
4291.5
2873.8
3207.7
4720.0
2972.8
863.4
3865.2
3620.5
3374.7
3133.5
2189.1
3284.7
4949.2
4218.3
2562.7
2904.4
5398.2
4394.0
3979.6
2507.8
1279.7
3149.7
3695.4
2460.7
3888.2
2076.9
872.8
2038.2
4717.8
3377.1
3493.3
2740.1
2770.8
3215.4
2777.2
2907.6
861.3
1837.7
2441.2
1915.0
2327.9
2416.6
862.8
2652.6
3185.1
2106.5
2993.2
2951.7
873.6
2830.5
2303.4
3271.3
3420.1
861.6
3018.2
3809.6
2115.1
3173.0
3006.2
2655.3
3037.6
862.3
3305.0
2295.9
3990.0
2542.5
4517.0
2325.1
4053.8
3137.9
3067.0
3447.6
873.3
4406.5
888.0
2758.5
3853.5
3592.8
3629.3
4685.2
4062.2
4715.9
4243.0
5743.1
876.5
4923.4
6797.8
5685.3
5518.6
862.1
4032.6
5997.9
4365.4
4495.9
3942.3
4663.6
4300.9
4913.6
864.1
4993.0
5114.2
5349.4
876.8
5696.1
6017.3
6423.7
6513.0
4401.5
5572.2
6616.4
6090.3
5334.0
863.9
6563.1
6870.1
7038.8
6239.4
6512.0
5110.4
6111.6
7807.5
861.6
6004.5
7092.9
6311.9
5908.4
876.4
7405.8
6658.0
6752.8
6067.3
866.0
7270.7
7179.1
6783.5
863.0
7666.7
6288.1
7239.4
6615.7
7231.6
6403.2
8056.2
7325.2
8099.3
7557.1
8103.0
8602.3
7421.1
862.5
7506.7
7573.9
8019.0
8779.1
7197.2
7395.9
886.4
8174.1
8621.2
7835.5
8518.2
8521.9
8721.9
8368.7
7181.3
8222.5
8334.0
8720.3
863.0
7105.0
7048.9
7684.3
8231.9
8107.7
8524.6
6270.9
862.1
7303.1
7316.5
7526.2
9259.4
9844.7
8979.9
863.1
8992.1
877.5
8629.0
9645.5
9436.7
5348.7
8787.4
10279.2
10049.7
9660.5
8555.6
8976.1
8830.2
6227.6
4372.2
9058.5
8843.3
10777.1
10334.5
9435.8
8515.4
9435.6
9075.5
9985.4
8736.4
8311.4
9141.9
874.9
6600.2
7872.6
5669.4
9361.7
9440.1
5883.3
7070.6
7181.1
8454.4
9625.4
862.9
9523.2
9888.8
10279.0
10269.1
10108.5
876.2
9549.6
7156.8
10632.0
9646.0
10203.7
10544.8
8053.8
8421.6
8612.4
6370.2
878.9
6892.9
8761.9
8622.3
940.0
9813.8
7744.9
6440.7
10835.7
9108.3
9215.4
8562.6
8213.7
861.9
9845.6
8650.2
6394.0
9040.8
8623.5
7581.0
10253.7
9336.6
7024.6
8789.4
9884.8
10556.6
9426.7
7556.0
8027.8
873.3
876.5
7246.9
7206.5
9922.3
9791.3
10045.2
7839.2
9414.7
9695.1
862.3
9543.3
9779.1
9599.2
8732.7
9135.4
9514.2
9616.2
9286.1
7464.9
9098.0
9438.3
9813.2
9671.2
8614.9
8864.7
8408.2
8042.8
862.3
8710.2
8776.6
8471.5
8833.7
8705.0
866.4
10023.0
10466.6
8806.2
8171.5
9265.5
8528.9
8237.1
9646.2
10232.9
10411.2
862.3
8225.1
10155.0
7052.3
7772.9
9429.9
8577.7
10543.6
8684.8
9520.0
873.9
9941.6
8913.9
8921.7
9317.6
8453.8
8904.5
9412.9
6333.6
9640.5
6366.0
9273.8
8720.6
8418.3
864.0
7321.4
9088.8
9091.5
9554.6
7337.0
10368.6
9269.5
8617.7
9982.4
9616.4
862.0
5746.9
8885.9
5331.5
7981.5
7039.6
868.1
8551.2
6496.9
6934.2
8459.9
8980.6
9480.5
9224.1
7936.3
7357.9
6766.7
874.7
8557.4
6922.5
9067.0
10383.1
9521.2
9679.0
10017.3
7035.8
9674.8
6075.6
866.9
6465.8
8176.1
8233.1
5015.6
9323.3
863.0
5492.6
7558.1
10277.5
3917.4
3996.7
10305.4
863.0
8109.6
9694.8
9543.7
8387.1
9230.9
7095.0
8994.6
7196.5
7647.7
863.0
8392.3
7437.3
9911.0
8827.2
7290.5
9858.2
10152.4
8618.3
8712.4
7837.1
10419.2
10886.0
6800.4
864.2
8267.7
8854.5
8271.9
6130.9
8706.1
9991.3
8070.3
9817.5
875.9
9431.0
9208.8
8531.2
7015.0
8320.0
9865.7
7942.7
7013.8
6252.3
10584.1
874.2
6360.7
8144.6
6466.1
8068.8
9863.5
9881.4
8835.0
874.6
8700.4
5631.4
10181.8
863.5
9332.0
7468.4
8926.3
7720.7
9549.2
4831.4
7459.3
10540.4
4290.5
863.2
866.9
8984.9
10578.1
9596.0
9620.7
10363.2
9603.0
9972.6
7224.1
861.3
10288.6
6635.4
8014.9
9949.2
8579.7
8151.3
8847.2
7531.2
10669.9
8922.7
8948.1
7248.6
10036.8
10409.7
10451.3
10690.0
8575.5
861.9
8731.3
874.7
7322.2
7441.2
10936.1
6410.3
865.9
9581.0
10051.0
10109.6
885.9
9700.2
9398.0
9510.3
9025.8
8792.8
9434.0
6686.4
7830.5
7600.0
9876.3
8054.7
874.0
10331.4
9585.6
9551.0
8298.9
10240.6
7425.5
10869.3
10625.6
862.1
867.4
10960.6
7754.4
919.2
9731.3
10136.5
8955.7
9602.0
864.8
9256.2
10157.1
10209.1
9173.1
9701.7
10751.5
9303.0
10889.4
863.5
9050.2
9205.0
9499.9
10665.7
10870.3
865.5
9098.5
9799.1
863.7
10672.2
9815.2
9224.4
8925.7
863.9
9193.3
9743.1
10221.5
9622.0
876.4
9849.6
10941.3
10510.5
863.7
10980.9
862.9
10378.9
10794.5
10866.6
864.1
10189.7
878.3
9513.6
10020.9
10045.5
10287.7
862.1
10240.5
9594.0
863.0
877.1
864.8
874.7
10862.9
896.6
10699.9
10907.8
10499.9
862.4
878.7
10084.3
862.3
10921.8
873.2
865.1
10558.3
10857.1
875.2
10912.3
885.6
9855.3
10481.1
9991.2
10570.9
10172.0
10273.3
10637.4
9655.6
9732.4
10240.3
10501.7
10079.0
10629.3
8805.6
10384.7
9348.6
9302.7
8943.5
8771.6
9354.6
8728.4
9372.3
7413.6
9282.6
9382.8
7334.5
7512.5
8053.4
6626.4
9669.3
8284.9
8349.2
9907.9
8437.9
7813.6
7771.3
8490.8
8089.9
8599.2
10630.7
6665.5
6984.2
7014.0
10317.0
7500.5
6879.7
8933.8
8970.7
6987.1
7469.6
7040.5
8239.0
8875.4
7087.1
8361.7
