308.7
368.0
309.7
366.8
309.8
335.2
299.1
331.4
300.8
297.9
298.0
408.9
388.7
681.7
642.8
695.4
540.5
535.8
523.8
299.1
299.5
298.8
299.1
296.6
332.1
465.9
418.9
382.8
347.2
297.6
420.3
299.3
410.5
359.6
360.0
470.7
428.9
360.7
301.5
411.0
395.2
315.4
298.1
298.4
299.3
298.3
299.1
298.3
301.8
300.2
874.0
298.6
298.6
298.6
301.4
308.8
300.3
297.7
299.2
300.1
441.1
377.3
419.0
543.5
373.7
297.6
298.0
297.5
297.5
298.6
299.0
298.0
298.2
299.0
300.8
300.2
298.3
360.2
312.7
363.9
298.2
298.3
298.4
298.6
309.7
299.8
298.3
297.6
333.7
329.8
299.9
309.5
302.6
297.3
298.4
296.8
303.1
304.0
310.5
299.8
873.1
298.4
309.2
298.2
297.6
297.1
297.1
297.4
299.2
328.1
300.7
332.3
297.1
299.0
302.0
344.4
299.7
341.7
298.5
298.8
392.4
326.5
361.8
298.7
333.7
301.0
337.9
300.0
299.2
312.7
299.2
296.9
298.2
304.1
300.0
298.3
296.5
298.0
299.2
299.9
311.7
299.1
299.8
299.4
307.1
303.1
299.3
299.5
299.1
299.5
296.9
299.3
300.2
873.7
398.8
309.9
401.6
297.9
299.5
298.8
298.1
300.6
297.1
309.1
299.7
299.2
299.4
298.6
298.1
299.0
301.7
298.9
298.6
300.7
297.9
309.5
298.7
299.4
298.3
301.1
298.1
298.4
300.7
298.1
297.9
309.2
316.0
399.8
447.2
319.0
369.8
298.7
299.7
298.3
297.0
297.3
300.4
296.7
298.5
301.4
299.5
297.6
300.8
299.4
875.1
297.7
310.0
308.9
300.3
298.5
299.0
314.3
371.6
376.3
297.1
297.9
300.1
297.4
299.6
392.5
368.4
507.7
406.2
433.8
329.6
299.2
298.9
297.6
296.8
298.5
299.1
299.9
300.3
300.0
299.6
302.1
404.9
389.8
446.0
347.6
335.2
462.2
415.4
297.8
372.1
299.1
369.2
297.3
297.3
325.2
342.0
300.0
296.4
297.3
873.5
297.8
297.7
308.9
299.2
299.0
298.7
299.0
296.8
298.8
300.5
296.8
309.8
301.5
298.2
298.5
296.6
296.5
298.0
377.6
426.4
402.7
297.3
297.1
297.8
298.5
297.8
299.9
309.0
453.5
631.5
773.1
774.9
756.1
721.1
298.5
299.2
302.5
299.5
323.4
391.0
358.8
299.9
416.9
349.4
537.0
383.7
299.4
439.8
441.5
872.6
298.3
300.7
320.3
319.4
296.8
297.9
309.9
301.6
304.1
298.4
300.7
299.5
297.5
298.7
300.3
302.3
298.4
298.2
297.3
299.0
298.8
299.9
299.6
305.6
376.8
366.6
366.4
298.6
301.6
394.0
367.4
454.8
298.2
300.5
308.8
299.5
298.4
298.0
372.6
474.9
538.2
482.8
318.8
298.4
297.7
298.6
311.7
298.7
299.3
298.8
297.0
872.6
298.8
299.0
305.2
302.7
297.6
297.7
300.3
298.6
301.1
300.0
310.1
298.1
298.4
298.5
297.4
299.2
312.2
298.8
300.0
297.7
297.7
297.7
297.2
301.6
304.7
297.8
298.3
298.7
297.3
298.7
297.6
314.5
411.4
429.5
297.4
392.9
463.1
475.7
375.3
298.3
297.7
298.8
298.0
297.4
298.1
298.6
300.2
311.1
299.1
299.8
873.5
297.8
299.2
298.5
297.9
310.6
299.4
312.7
302.1
297.6
297.4
299.0
298.5
298.4
300.5
297.6
296.9
332.9
337.7
302.3
305.4
298.7
297.7
352.3
297.3
298.7
297.9
296.7
296.8
298.3
301.4
307.1
297.8
297.9
298.3
299.1
344.0
299.3
344.8
329.7
378.8
427.8
325.2
297.6
297.1
297.3
299.1
302.1
300.2
297.6
876.1
298.7
297.6
298.8
296.9
298.5
297.2
301.3
302.7
299.2
419.4
425.2
307.6
298.6
309.3
298.3
299.8
297.6
299.7
307.0
298.5
298.8
297.4
300.6
300.6
301.1
298.6
301.8
302.4
296.5
298.7
299.6
298.6
299.7
296.5
298.2
300.0
299.7
299.3
296.8
443.5
369.8
498.3
404.7
385.7
299.3
375.8
372.5
297.0
297.1
298.8
299.8
873.1
301.1
298.5
304.4
311.5
299.3
310.4
298.8
298.3
298.4
302.6
298.6
301.5
311.2
298.2
300.6
298.5
298.3
298.8
300.2
297.4
297.2
297.6
309.0
357.3
319.7
393.9
297.1
297.5
304.0
310.0
343.9
338.9
298.4
296.4
297.1
298.9
297.8
378.7
595.3
634.2
497.6
437.8
387.4
297.4
308.0
298.4
300.3
298.5
301.6
873.8
296.9
298.9
304.5
449.2
503.2
345.0
299.7
297.4
297.3
299.2
296.9
297.5
298.7
296.4
297.7
299.5
298.1
299.3
300.1
297.6
298.8
357.0
380.4
438.0
400.1
312.6
298.6
300.0
300.5
298.4
298.7
301.6
298.0
298.4
299.3
310.3
298.4
297.7
297.5
297.2
337.3
342.6
622.9
650.9
664.7
545.9
298.1
303.1
297.6
298.2
873.2
298.3
299.6
309.9
310.0
298.3
311.9
310.6
316.6
298.0
297.4
297.6
297.8
307.8
364.7
369.6
308.2
297.7
396.1
299.0
444.2
468.1
339.9
299.7
302.4
298.3
298.2
298.4
300.6
309.6
319.4
395.3
369.8
307.6
299.1
303.1
299.0
298.3
299.4
307.7
412.9
445.7
365.1
296.7
299.4
310.3
298.1
301.3
298.6
372.4
564.5
458.2
583.6
875.5
298.1
297.5
342.8
369.8
415.3
379.8
357.5
446.8
297.0
297.6
300.9
297.8
299.6
297.4
297.9
363.3
299.6
358.0
299.2
298.0
298.0
297.7
298.4
299.1
297.6
297.2
297.6
298.3
298.3
297.4
298.2
309.3
296.7
299.0
311.0
296.6
299.3
309.6
299.0
299.0
298.3
298.6
298.1
340.5
308.3
347.8
302.0
300.6
873.2
298.1
298.9
303.1
299.9
303.0
297.8
297.7
307.4
379.6
429.1
434.6
299.0
395.8
341.1
388.0
354.2
297.9
298.1
296.9
297.2
300.7
298.8
298.0
299.8
299.7
298.1
310.4
299.1
298.1
309.1
298.5
299.0
297.8
298.7
300.5
298.5
334.5
350.0
463.9
457.2
296.6
298.9
300.4
297.5
305.8
300.3
298.4
447.3
363.1
374.3
298.2
874.1
299.0
298.8
297.9
297.3
297.4
298.2
298.2
297.4
299.6
315.0
308.7
297.8
298.9
308.9
409.3
299.3
299.0
299.9
298.1
298.3
301.1
298.7
301.3
302.1
299.1
298.6
299.2
298.4
298.9
298.4
316.4
336.1
298.9
314.3
297.2
302.4
300.1
298.9
300.4
297.9
297.6
303.1
302.5
298.5
298.0
298.5
304.3
297.5
297.6
297.8
875.1
297.4
299.1
302.4
298.5
298.4
302.0
301.3
298.8
297.7
297.6
296.7
297.1
297.8
299.2
299.4
299.5
297.5
297.3
313.7
312.2
309.5
326.0
299.6
326.3
301.2
301.0
301.3
300.2
300.8
297.1
297.2
297.4
297.8
352.3
317.1
362.1
297.8
320.0
310.9
322.2
298.3
297.8
298.0
298.9
342.0
462.4
426.7
514.4
298.4
297.8
873.6
319.4
424.2
443.5
297.3
298.2
298.0
408.9
303.7
301.4
298.0
299.0
297.4
297.9
297.3
298.2
298.4
297.6
308.6
297.9
329.8
300.6
327.6
298.3
297.5
299.5
299.8
299.0
299.3
301.1
297.7
297.6
298.6
300.7
299.4
301.1
298.7
297.3
330.4
425.7
329.0
435.2
299.2
351.2
299.4
299.5
300.1
297.1
308.9
298.2
299.2
298.4
873.3
299.0
316.0
308.5
321.7
298.1
327.6
418.6
442.2
308.1
309.3
299.5
298.8
401.1
363.8
330.6
298.6
308.9
297.1
299.1
301.6
299.8
300.5
298.8
298.5
299.1
307.6
299.7
340.4
348.1
297.3
298.4
299.6
298.7
299.9
297.3
297.6
297.7
373.0
307.1
380.6
298.0
302.4
299.3
320.8
314.3
323.1
297.3
300.5
298.2
300.9
872.7
297.7
300.9
297.1
357.2
299.2
353.3
297.5
300.2
298.1
316.1
299.3
300.2
298.1
298.0
297.5
303.1
310.6
298.1
298.9
299.2
298.4
299.4
297.6
299.7
299.2
406.1
485.7
419.6
345.6
297.7
