308.9
400.1
313.9
380.9
308.9
343.5
298.7
332.3
309.1
299.9
303.5
298.1
332.0
448.5
515.3
872.7
372.6
481.8
479.5
299.0
298.5
299.5
298.4
296.5
298.5
303.4
299.5
298.1
877.5
308.0
415.6
299.8
409.2
302.6
309.6
298.2
297.3
299.9
298.6
299.6
314.1
875.1
298.8
299.6
298.5
304.7
299.5
296.6
298.2
300.0
298.3
299.3
877.8
297.4
298.6
298.2
298.5
297.0
298.7
298.8
415.5
365.8
448.4
394.3
298.1
874.1
298.9
299.7
302.8
311.7
370.8
300.1
298.2
298.3
306.2
298.9
298.5
298.8
298.8
874.9
298.4
298.9
298.4
299.3
303.2
298.8
298.4
386.0
303.3
377.2
296.8
873.8
309.6
299.0
298.5
301.1
298.4
299.4
334.6
356.2
311.7
299.3
299.5
298.2
872.5
298.5
297.2
298.1
301.4
331.8
299.0
330.0
297.6
308.1
298.1
298.7
297.9
298.4
311.0
872.2
380.7
305.7
385.4
298.4
346.4
298.0
342.6
298.4
299.1
298.2
874.1
296.5
296.5
298.2
299.7
298.5
296.4
302.4
420.2
516.1
514.9
600.8
298.6
299.2
877.3
299.8
299.2
315.4
296.7
299.3
298.3
299.4
299.6
299.6
298.9
298.2
862.1
296.8
298.6
299.7
301.7
301.8
298.7
309.1
298.1
300.5
298.4
297.6
874.1
298.8
301.0
307.5
301.7
298.4
308.3
309.1
298.3
297.6
299.1
297.3
309.2
299.6
297.1
874.2
363.2
309.0
303.5
399.6
469.7
298.6
382.0
299.5
299.7
298.3
299.8
297.7
865.1
298.0
305.9
300.3
341.6
299.1
412.0
412.5
496.4
299.2
308.8
297.4
299.4
870.6
299.0
300.7
390.4
384.0
299.3
298.2
299.4
297.5
299.1
297.8
300.1
300.0
296.9
298.2
874.3
298.7
300.1
298.0
297.2
298.2
353.0
301.6
362.1
297.1
873.1
296.7
298.7
299.2
298.3
1305.3
300.7
384.7
389.7
308.3
298.8
310.5
863.3
299.4
298.9
353.1
300.5
339.1
297.7
309.9
299.0
298.7
300.4
299.9
298.4
300.4
303.9
874.3
300.7
296.5
298.5
296.7
299.3
311.2
299.8
297.8
298.6
297.0
876.3
300.7
426.6
411.6
297.6
297.2
299.1
297.5
299.2
299.9
299.5
491.7
381.6
513.1
542.8
458.4
874.5
300.7
302.1
298.7
299.2
299.8
380.5
371.9
299.1
316.5
314.3
316.3
298.3
872.7
299.0
299.9
298.5
299.4
300.8
316.9
317.3
318.3
298.6
299.0
308.9
299.4
872.4
309.8
305.4
297.2
298.6
300.7
299.4
298.9
296.8
298.3
297.7
299.0
863.3
297.8
400.7
400.5
321.7
422.9
301.8
299.2
300.5
445.7
436.7
872.7
297.3
310.8
297.7
297.9
297.3
441.8
504.9
566.9
498.3
310.1
297.9
309.1
296.9
872.3
298.3
311.6
296.8
297.6
297.7
298.0
297.3
303.9
298.6
297.3
297.7
863.7
299.3
311.6
300.2
306.8
297.4
298.5
298.8
309.3
302.6
297.9
300.8
301.0
874.1
296.5
297.6
297.6
299.8
311.2
297.1
297.1
297.9
297.6
297.0
299.3
298.0
298.4
298.5
872.7
392.5
501.1
484.4
361.0
297.4
298.2
299.1
309.6
297.0
298.0
298.4
873.8
633.6
801.9
872.4
894.0
968.6
1000.3
1013.8
298.5
310.3
299.7
300.7
872.7
309.3
299.4
296.9
297.5
300.2
312.4
302.1
305.5
347.8
338.2
303.2
297.9
297.4
872.9
298.1
297.7
298.2
297.0
299.0
297.2
297.9
298.7
299.4
298.1
309.4
297.6
874.8
324.5
303.3
338.8
315.8
303.3
392.6
369.0
297.6
297.6
298.6
298.4
296.8
876.1
297.0
301.2
298.5
299.1
318.0
297.0
428.9
297.0
304.4
312.9
299.0
311.2
301.3
873.6
298.7
313.7
303.5
299.5
298.4
303.3
297.2
297.0
297.5
296.9
873.1
302.6
298.7
298.1
299.3
317.5
299.0
299.6
357.8
299.3
299.2
297.0
297.5
874.2
298.9
299.5
310.7
299.1
433.0
486.5
413.0
377.5
317.2
383.5
380.6
296.7
297.0
874.6
299.8
297.3
298.5
299.3
311.5
310.1
297.8
314.6
299.0
300.7
301.0
301.1
873.7
310.3
310.0
298.6
301.8
298.9
299.7
303.1
305.3
298.2
296.5
299.3
311.0
389.2
876.8
385.6
298.2
296.9
299.6
300.0
333.9
329.2
298.7
296.8
299.9
299.5
871.7
396.6
482.8
649.4
465.9
443.5
393.2
297.9
307.8
299.4
298.5
298.3
297.6
861.4
298.7
307.5
339.1
459.8
481.5
346.2
301.5
297.3
301.1
299.2
297.9
298.4
301.4
874.5
305.1
299.5
313.3
299.1
300.6
299.3
299.2
343.1
300.8
352.0
311.9
873.4
296.9
300.4
311.0
302.0
327.3
315.3
326.3
297.3
309.5
310.0
299.5
310.1
872.7
298.5
364.7
447.7
567.1
602.9
510.0
676.0
309.0
300.9
302.1
296.6
874.5
298.9
306.6
315.9
298.6
307.3
300.1
323.8
311.4
310.1
298.1
297.5
298.9
300.7
301.5
297.8
873.1
297.7
372.9
317.2
466.2
466.1
354.9
304.1
310.7
298.9
297.5
873.0
300.8
302.5
299.5
385.1
374.4
301.8
299.6
309.1
297.9
299.5
298.4
365.0
299.1
362.4
872.8
297.8
301.0
312.0
297.6
299.3
298.3
298.1
308.0
299.8
875.0
303.1
297.0
299.1
356.0
357.3
426.5
355.4
405.7
493.3
334.2
300.2
300.3
308.5
861.7
299.3
297.4
369.9
311.1
365.0
297.6
298.1
297.8
303.0
297.9
296.9
880.8
298.0
300.9
303.8
338.0
298.7
300.1
296.9
296.8
356.8
309.6
299.1
298.3
298.5
298.9
902.3
310.6
384.1
428.6
309.8
345.1
352.2
298.6
310.0
297.9
301.1
299.6
299.9
862.2
302.4
299.0
297.7
298.4
429.0
420.7
394.9
323.9
363.0
353.8
297.9
371.5
863.4
297.8
297.5
298.6
298.2
298.5
300.0
299.6
309.8
296.6
297.6
873.9
298.8
310.1
299.3
330.6
309.6
298.0
308.4
317.4
320.7
411.1
435.0
503.0
873.0
297.7
299.3
298.8
298.8
298.4
298.2
467.4
431.2
489.8
475.4
319.9
297.7
297.3
861.2
298.5
297.1
297.3
306.8
296.5
299.4
298.2
307.4
296.8
303.2
300.9
299.1
871.6
297.9
298.7
298.9
296.8
297.8
297.7
310.9
297.9
298.0
299.5
302.2
297.6
874.2
297.4
307.3
314.0
305.9
310.0
298.2
297.8
313.5
297.2
296.3
296.7
298.5
300.2
877.4
297.9
298.8
311.8
302.0
306.2
302.1
303.0
299.1
297.6
298.0
298.5
872.4
299.5
303.3
313.1
303.7
298.7
297.4
298.0
297.9
297.3
301.1
309.7
297.6
877.4
298.4
340.9
316.9
334.1
315.8
307.3
320.5
298.7
298.6
298.0
297.8
297.9
872.9
298.5
297.3
296.4
311.5
356.3
357.6
297.7
343.2
324.3
327.6
309.3
296.7
874.2
309.5
426.3
478.9
459.0
494.3
297.9
299.3
300.1
424.0
325.3
459.1
873.5
297.9
299.0
298.9
302.3
298.1
298.1
310.1
296.9
297.5
298.0
301.6
298.0
306.9
872.9
296.3
312.3
308.4
319.3
297.7
307.7
297.7
298.3
297.7
298.5
306.3
863.2
296.8
298.3
310.0
299.0
297.4
298.4
297.7
350.0
310.4
392.2
380.9
298.7
299.0
874.7
310.2
297.9
323.0
300.3
323.3
300.4
325.0
308.8
299.2
299.1
300.3
877.8
298.3
317.7
422.8
444.9
298.4
301.3
297.2
296.3
311.7
385.2
382.0
299.0
872.3
304.9
298.8
302.4
310.9
300.3
298.6
308.7
309.7
301.3
299.9
360.5
346.7
297.1
872.8
437.2
296.9
298.7
297.3
297.4
298.8
337.1
299.4
315.7
297.0
298.0
336.2
304.4
888.3
334.1
296.6
309.2
299.2
297.8
297.8
297.0
299.9
298.7
297.3
298.8
879.1
297.6
309.7
299.4
303.1
304.6
301.8
297.3
297.0
314.4
317.4
308.2
877.6
299.4
309.6
298.9
310.5
297.9
297.4
379.5
485.0
506.0
427.7
381.0
297.3
