332.9
340.4
455.9
897.8
823.0
985.6
837.2
906.3
801.1
895.7
1131.1
1585.7
1110.8
1898.5
1239.0
769.6
385.9
374.6
1265.2
1292.0
701.6
549.4
741.3
2712.3
1056.0
1790.1
3242.0
1082.7
1207.0
3395.1
1186.4
3348.3
1429.6
2336.5
878.5
1880.3
1482.9
827.0
639.0
760.5
405.8
3346.3
425.1
367.5
3356.2
299.8
301.9
3790.7
320.2
313.7
3872.7
298.0
3264.1
421.0
3921.8
480.5
486.0
604.9
4256.2
297.4
403.2
369.3
297.4
299.4
3828.3
3643.3
298.4
300.1
3524.5
311.2
299.0
3407.9
322.4
315.1
298.2
3416.8
3134.5
3355.0
298.6
300.2
3239.1
395.4
647.1
424.1
2993.4
624.1
587.2
2545.4
296.8
298.3
2698.1
411.3
2239.4
356.1
601.7
710.8
404.5
617.5
677.9
372.7
485.3
2532.7
2972.2
459.1
507.9
490.8
445.0
466.7
2942.1
504.5
580.1
528.3
517.6
498.2
509.1
3099.6
3336.8
297.6
313.5
3179.6
454.0
465.0
578.8
495.4
496.1
317.2
3979.7
298.3
297.9
3903.1
3111.5
301.4
432.7
415.5
3333.8
300.9
300.8
307.8
351.2
4621.9
521.2
446.5
499.6
424.3
4335.2
297.5
340.1
334.4
4495.5
331.7
4317.1
407.4
479.3
352.7
4389.9
305.9
3273.0
299.8
297.1
4225.5
298.4
299.9
3620.4
3282.8
331.1
4089.9
297.9
389.1
387.8
379.1
4556.2
4121.4
297.2
299.0
2956.7
388.4
4275.9
297.3
3829.1
404.8
511.6
466.7
600.6
587.5
2951.3
3899.4
514.9
318.9
384.4
350.3
327.1
297.8
3729.6
511.9
3054.4
616.0
593.7
622.2
457.1
505.2
3185.3
517.4
2998.3
512.5
653.0
702.6
790.9
3534.4
990.7
931.4
1100.1
1088.4
1052.5
625.9
1096.1
1243.1
950.5
4287.0
464.8
498.4
467.9
737.3
676.1
4490.4
4129.9
817.1
4219.9
934.4
903.0
595.8
976.8
1228.9
1064.4
1168.2
1159.2
838.9
844.1
927.7
4984.9
644.9
790.3
373.2
370.9
5053.8
298.5
466.3
433.3
316.6
5708.6
6182.5
364.8
299.7
5276.7
5587.3
338.1
477.5
365.0
299.3
382.5
537.7
505.9
599.6
464.1
510.5
466.9
5386.8
7551.5
441.8
818.2
856.3
5575.4
903.1
820.1
717.4
705.0
1130.2
1134.4
7554.2
1044.1
566.6
910.0
952.2
873.5
958.3
8466.9
6265.7
298.2
303.9
329.0
8158.1
7887.9
339.1
305.5
7637.9
374.7
456.6
384.5
297.1
7302.1
298.7
5805.4
436.2
771.6
752.5
706.4
634.2
614.9
544.8
368.2
596.2
643.1
8706.0
662.7
8257.7
703.5
704.2
516.0
694.6
7393.6
472.1
5832.9
298.9
452.5
8952.4
596.9
708.4
825.2
554.7
740.5
615.1
606.6
402.5
647.4
622.8
559.4
527.2
604.8
9086.3
381.8
9831.8
298.8
9692.3
298.4
297.2
8283.3
297.0
7482.3
299.9
419.5
385.6
10584.1
536.4
491.8
458.5
477.2
8705.8
322.3
427.7
298.6
298.8
8044.6
300.0
297.8
312.0
9534.1
522.0
757.7
677.0
609.9
613.7
827.0
9344.2
439.8
313.4
8144.3
298.8
296.2
8288.3
488.5
542.9
499.0
10268.8
471.1
435.1
357.3
319.7
351.8
311.3
10920.4
298.2
334.7
9963.6
668.7
553.2
9405.2
860.8
643.6
974.5
753.5
899.4
442.2
666.1
436.9
8703.7
328.8
376.0
452.8
9554.1
401.9
642.3
813.9
574.4
838.3
965.1
642.7
799.1
856.7
9586.1
665.6
300.1
308.2
306.6
9264.5
299.1
10357.9
296.9
9179.3
298.1
298.8
299.0
9476.6
9596.1
10457.2
1331.7
1433.9
10053.3
1702.1
1457.0
2030.9
9506.5
2044.4
2049.1
1672.7
2063.2
1985.1
1983.5
10447.2
2285.9
2303.3
9401.5
3560.1
1620.1
1536.6
1100.0
878.7
950.8
749.1
933.4
1056.1
982.9
10592.0
975.3
934.5
1057.8
1058.1
8411.1
868.4
10663.3
915.6
600.6
695.3
412.1
298.7
9641.8
9458.8
330.8
300.3
326.5
300.3
10229.3
475.7
420.3
7631.4
488.1
485.0
9033.4
470.2
447.1
296.8
297.2
10680.3
310.2
303.8
304.3
300.8
480.0
432.2
8581.0
634.7
527.6
520.0
592.5
298.6
6848.3
300.5
9675.0
9980.4
549.1
673.9
684.1
773.1
10708.8
10710.1
805.8
8005.2
869.6
666.5
1018.0
875.3
887.2
630.7
728.9
908.1
863.5
6824.5
364.0
334.1
336.9
475.1
539.7
508.5
452.6
10721.6
298.4
370.8
321.0
10492.3
414.0
664.9
493.6
588.1
336.7
9430.3
10808.1
324.0
8753.6
9305.7
377.0
7843.2
404.3
427.9
6330.7
362.3
305.4
299.1
299.1
470.8
440.7
711.2
712.0
791.7
497.6
589.9
10809.5
396.4
298.7
298.3
9908.5
298.6
297.7
317.9
10404.7
465.6
483.4
390.1
548.9
358.2
426.4
7472.3
484.9
409.8
9486.1
526.9
549.0
558.2
443.3
511.3
300.0
315.5
382.4
487.7
575.6
405.2
474.3
323.1
10927.1
297.3
9268.0
614.8
579.2
604.4
10923.0
9233.6
850.0
963.3
10147.2
9211.5
774.8
926.7
1082.7
967.5
1249.3
906.0
10528.6
1104.3
9552.8
936.5
1187.3
1117.0
1347.7
8229.7
1115.5
1260.1
917.6
1276.7
801.4
1102.4
832.2
935.9
777.6
491.4
771.2
489.8
298.3
299.1
10709.4
296.7
297.9
298.3
432.4
375.6
703.1
602.0
714.9
624.1
523.3
387.6
324.0
419.1
535.0
572.7
609.1
563.5
508.4
489.2
314.8
8520.8
10044.3
790.2
694.4
742.3
735.9
10751.6
907.6
922.4
910.5
777.0
469.7
300.7
303.6
10613.1
302.5
325.7
325.8
10298.2
296.7
314.8
427.1
9835.7
430.5
429.1
494.3
621.6
769.0
872.6
854.5
971.5
1044.1
962.1
960.5
1021.3
1265.9
1055.8
1079.6
901.1
1093.0
507.1
335.1
359.0
9292.3
456.9
504.8
454.4
463.8
359.6
9098.9
324.2
311.8
299.6
299.0
299.4
350.5
346.6
9909.6
317.5
318.3
323.4
298.7
435.7
389.7
10842.6
421.1
301.8
418.2
297.5
388.3
392.6
309.4
472.6
300.2
300.5
299.8
299.8
10889.5
316.5
337.4
466.3
440.8
448.3
415.4
367.8
298.8
298.6
335.8
432.1
383.4
350.9
299.3
338.8
410.8
462.1
544.3
534.3
345.1
379.5
303.5
301.2
371.4
383.3
444.0
380.4
440.2
486.3
441.9
518.6
892.3
994.2
982.7
868.6
1018.0
768.2
862.6
958.5
410.3
405.3
298.5
324.7
326.3
297.1
299.1
385.8
300.2
385.3
350.4
330.3
438.5
369.8
347.0
392.6
300.3
432.9
310.4
350.7
302.7
355.8
448.4
405.4
517.1
537.1
366.9
571.7
478.9
298.8
300.0
322.0
316.7
296.8
299.5
301.5
297.9
354.9
371.3
409.4
298.5
297.6
308.0
302.2
299.9
301.2
298.4
394.4
528.9
521.2
688.0
703.7
641.0
658.1
482.6
517.4
297.6
302.5
299.9
302.7
435.7
720.5
658.1
714.5
738.3
877.5
628.7
819.9
756.3
721.7
782.3
728.2
758.0
483.7
595.0
314.2
299.3
340.2
315.4
296.8
393.6
383.1
385.0
476.9
394.6
545.5
520.9
565.4
599.4
542.5
10327.6
10660.9
10204.4
9604.8
10803.3
9321.1
8294.8
8559.2
8250.7
8948.6
