331.6
333.7
407.7
415.0
555.7
872.5
518.0
443.5
542.6
875.0
960.0
708.5
888.5
847.3
911.7
946.5
881.1
886.0
914.2
360.3
320.5
319.1
320.5
377.3
572.7
860.5
619.8
609.5
390.8
874.6
486.5
469.3
533.0
367.3
360.1
864.5
617.9
538.3
674.7
588.8
502.9
874.6
319.4
861.5
375.6
319.9
429.5
375.4
321.8
321.2
860.8
321.8
320.5
352.8
335.1
860.6
335.5
319.4
324.8
860.2
472.6
522.5
491.7
640.9
493.3
876.0
323.1
323.1
330.8
320.4
860.7
319.2
323.3
321.2
860.4
320.0
320.9
324.5
319.8
319.6
861.7
319.0
321.2
332.8
320.1
860.3
327.3
534.3
557.8
485.1
496.2
862.3
322.2
321.6
319.8
860.6
466.9
575.4
379.5
561.6
336.9
875.7
323.8
331.9
320.9
324.9
323.9
860.9
337.0
861.4
507.0
457.8
419.1
321.3
860.5
411.6
510.7
511.5
485.6
323.5
449.4
445.4
860.1
877.5
330.1
456.8
450.1
469.2
422.8
503.6
420.6
861.9
382.4
330.2
885.1
329.1
335.0
365.6
428.2
348.5
436.7
868.9
336.3
336.0
349.8
867.7
319.7
323.7
319.4
349.6
413.8
872.0
397.8
865.2
439.3
510.7
481.7
439.8
870.9
431.4
383.8
443.3
328.2
319.5
862.7
364.4
395.4
427.1
860.5
323.4
321.6
319.8
327.0
383.4
538.4
483.3
378.4
859.8
320.5
861.1
346.0
319.6
338.1
320.0
391.1
862.0
471.0
462.7
722.1
635.2
876.1
520.5
538.1
415.5
323.0
410.5
861.0
319.7
320.7
415.6
862.7
514.5
466.8
479.5
863.0
516.1
434.8
499.0
424.7
877.7
487.8
333.4
669.5
537.7
600.5
502.0
865.3
1068.6
1141.7
1221.6
1262.0
1309.1
1350.2
1377.5
1434.2
1077.4
1451.3
1532.5
1541.6
1061.7
704.9
1015.6
766.7
1012.9
861.1
678.2
802.1
844.3
865.0
882.9
686.6
839.9
919.7
860.5
765.4
768.1
754.5
482.5
344.6
421.4
443.1
863.2
320.4
319.1
862.0
366.2
320.0
363.2
434.9
864.1
322.2
437.7
320.0
862.8
429.0
344.7
478.5
428.8
388.5
324.0
862.8
321.1
325.1
324.7
462.5
450.7
339.8
871.9
433.8
430.3
427.0
428.5
874.4
461.9
567.1
645.0
689.0
862.2
873.0
610.7
669.2
479.2
683.3
521.0
494.0
408.4
860.4
322.7
563.5
555.7
509.5
437.8
866.2
865.0
321.1
320.0
377.1
375.2
320.6
320.1
863.2
323.6
408.2
396.7
859.8
320.4
362.9
363.1
386.0
602.6
505.5
861.4
728.0
458.0
725.0
863.6
719.3
427.6
376.5
495.1
496.1
378.0
862.0
421.3
560.0
604.9
875.4
525.6
375.1
320.9
873.8
320.2
323.3
467.0
552.9
459.4
581.9
859.9
424.8
383.2
386.1
864.1
370.4
319.9
867.4
320.4
325.7
320.5
365.4
557.0
478.7
392.0
861.1
319.9
865.7
352.3
454.7
472.7
320.0
865.9
321.7
325.1
328.9
455.8
438.0
380.7
863.1
332.6
320.0
342.6
322.4
864.4
332.7
321.8
321.5
863.2
322.3
322.2
325.1
369.5
454.4
861.9
544.5
596.3
580.8
580.3
509.0
874.7
321.2
320.0
860.7
320.1
328.2
860.0
482.3
636.5
534.4
683.5
512.3
443.0
862.0
322.4
320.9
325.8
320.3
320.6
860.9
321.2
349.7
442.3
884.2
679.6
725.0
857.8
862.9
849.4
741.7
724.6
577.3
864.0
321.0
322.9
320.2
319.7
862.0
320.7
366.0
320.0
450.7
407.6
413.1
861.9
432.9
344.5
558.5
396.4
604.1
863.2
648.0
451.8
875.6
431.7
325.0
322.5
384.6
434.4
863.9
321.4
322.2
862.8
320.9
320.0
319.8
320.1
444.3
879.3
613.7
647.4
590.6
866.9
686.0
717.8
432.4
409.6
596.9
554.9
871.0
349.8
319.8
318.9
861.4
320.8
320.0
866.3
320.4
320.7
320.9
321.3
861.5
378.1
336.5
393.7
327.4
326.8
325.7
862.0
326.4
585.2
572.4
580.7
585.1
863.8
378.6
375.5
370.8
865.6
355.3
336.1
320.1
860.4
319.7
330.1
321.7
323.9
423.6
415.4
859.9
327.8
367.3
513.5
421.5
474.5
861.6
328.9
874.5
321.2
321.8
322.0
321.6
320.0
860.8
322.3
397.4
452.4
408.2
445.6
392.6
862.0
420.4
394.2
500.3
874.2
319.6
322.2
861.6
320.0
322.4
527.4
692.6
761.1
658.2
862.9
707.6
441.9
322.2
863.1
398.0
420.3
343.2
862.2
421.4
383.0
469.8
421.8
583.2
864.0
327.0
334.5
375.4
462.6
378.3
451.7
864.1
321.4
874.5
321.2
320.2
336.5
330.9
335.0
903.8
1518.6
781.7
780.4
1237.7
456.4
456.2
320.6
441.6
862.7
371.5
440.3
434.6
334.3
328.0
860.9
322.1
320.3
343.7
868.8
610.7
488.4
787.1
732.7
772.4
872.2
419.0
376.7
320.2
867.1
319.9
319.8
320.2
320.5
860.6
451.3
403.1
501.0
426.8
380.5
392.3
871.6
339.4
424.8
452.8
402.6
370.0
864.6
493.3
494.2
667.9
644.1
860.5
474.6
875.0
473.4
372.4
437.3
539.6
558.6
541.9
546.2
871.4
330.7
322.0
324.4
865.6
319.6
544.5
572.1
527.7
862.2
688.9
554.3
694.7
864.1
588.7
792.0
861.3
674.2
531.7
780.0
840.9
321.3
865.5
320.2
320.5
331.8
543.7
861.7
620.7
685.9
603.7
507.9
402.2
356.2
878.0
320.2
411.2
480.5
434.9
860.9
367.5
320.7
326.9
863.6
320.2
320.8
320.7
872.6
320.5
320.3
321.6
320.4
321.2
860.3
330.2
320.0
382.1
336.3
409.1
354.4
881.6
329.1
321.7
874.9
320.2
377.0
319.8
398.7
457.7
403.4
862.2
408.3
523.6
450.9
443.7
866.3
976.3
1163.7
1233.4
1237.5
1332.8
1358.9
1426.3
1486.2
1515.1
1535.8
1315.4
1581.8
1261.7
665.8
993.4
393.3
327.9
860.8
329.3
320.6
321.0
861.3
321.5
320.8
368.3
360.5
320.6
862.6
326.9
439.4
511.5
637.9
646.6
656.9
865.4
362.2
443.0
861.9
384.5
319.6
319.5
423.9
877.6
763.6
861.0
761.2
582.5
864.2
649.4
525.9
320.8
867.9
320.0
320.2
385.6
407.9
570.9
355.6
555.0
860.8
321.5
867.2
329.0
322.6
322.8
319.8
320.6
861.2
320.8
320.5
320.2
865.6
320.4
319.5
320.2
442.3
522.9
860.8
439.2
515.5
866.4
344.3
321.3
380.1
357.6
364.8
326.2
860.8
403.1
499.2
399.7
874.2
320.0
322.8
323.9
322.3
332.4
861.2
321.5
321.0
323.8
319.7
325.6
862.7
326.2
326.6
320.1
866.5
320.6
320.3
397.4
861.5
461.1
502.3
455.0
320.9
441.2
434.5
860.2
360.8
447.3
330.4
459.2
866.3
322.7
320.5
319.5
864.4
321.5
320.9
872.5
419.5
483.1
480.8
410.1
344.9
415.7
394.1
330.8
862.7
413.2
874.1
529.1
752.3
812.6
588.6
864.7
695.1
724.3
499.7
468.1
465.9
867.1
320.8
319.9
328.4
320.0
323.6
860.7
322.1
322.4
321.8
860.4
328.3
323.2
325.6
348.9
864.0
323.1
365.0
340.1
867.8
430.1
382.0
366.3
355.4
477.5
493.9
862.0
337.0
320.3
860.2
435.0
381.4
593.7
862.6
484.7
574.3
692.7
797.7
599.4
541.0
590.0
867.1
343.4
320.6
411.8
357.9
861.8
454.1
865.1
321.2
394.4
395.2
459.4
416.8
872.0
570.9
584.9
470.7
320.6
864.6
320.3
323.1
319.8
860.7
319.1
320.4
323.2
321.2
387.9
367.3
428.4
327.2
871.7
419.8
515.4
864.8
525.8
530.0
342.8
336.4
862.1
323.5
319.5
322.9
328.1
861.5
389.4
365.6
358.8
885.9
514.0
520.4
465.2
419.7
320.4
861.3
403.4
464.9
380.0
864.2
377.2
537.6
380.2
614.1
501.3
320.3
861.6
323.7
866.7
320.0
365.7
401.9
346.8
358.0
488.5
860.9
463.4
416.3
323.0
458.8
451.5
320.0
862.1
505.7
575.1
606.2
659.2
865.2
565.9
863.5
