330.6
331.6
423.5
512.1
383.4
873.3
493.5
568.5
874.1
576.6
766.8
890.8
903.1
901.7
768.9
924.3
814.0
1000.9
885.5
412.0
321.9
319.8
322.8
861.9
475.2
452.1
591.7
569.4
420.2
1010.9
369.8
362.0
320.0
873.4
479.5
491.1
862.0
484.9
695.3
530.7
560.4
864.4
319.8
861.4
373.1
411.4
327.1
479.5
322.6
320.8
860.4
322.1
861.5
320.7
323.1
342.1
334.2
319.9
319.2
860.1
505.4
464.2
559.8
549.9
480.0
861.5
409.7
328.0
409.1
864.0
319.6
319.9
871.8
319.9
320.3
321.2
320.8
861.3
320.5
320.5
865.5
319.4
320.7
321.0
319.9
860.2
321.0
608.5
527.1
459.4
510.9
872.8
338.4
332.3
330.6
872.0
539.0
584.6
570.1
540.7
879.6
355.5
319.5
352.3
329.0
863.2
320.9
864.0
320.2
334.3
319.6
329.0
319.8
320.5
862.3
415.8
437.2
412.5
456.8
860.6
434.0
475.8
360.5
865.3
321.5
323.4
374.2
374.2
861.1
407.9
330.0
323.7
864.6
320.0
861.9
320.9
322.8
322.6
475.2
402.8
378.5
861.8
367.7
320.1
365.5
866.0
320.5
320.5
320.0
861.5
402.8
323.1
398.8
876.6
328.4
319.3
321.9
860.1
322.1
320.2
320.2
320.5
319.8
861.9
319.8
377.9
322.8
368.4
860.8
320.1
861.8
374.5
321.7
401.0
337.2
461.3
411.3
871.4
321.9
860.5
343.5
319.5
340.3
319.2
358.3
860.9
419.9
483.8
624.1
584.7
435.0
879.3
860.9
407.7
319.9
399.1
320.8
862.2
320.4
321.5
533.2
414.0
529.5
506.8
861.8
416.7
493.5
491.8
415.7
864.0
320.4
638.2
872.8
659.6
565.5
513.7
402.8
885.8
555.0
524.5
586.2
899.0
767.1
644.5
497.8
864.8
506.5
328.4
319.9
861.7
320.8
320.0
339.7
341.5
861.4
421.0
396.7
519.3
530.9
865.4
353.8
350.4
394.7
415.8
401.2
860.8
319.8
319.7
876.2
320.4
321.0
368.9
862.3
359.3
393.8
320.3
320.8
320.5
870.0
319.7
320.2
319.8
861.9
328.5
319.7
435.3
416.3
860.9
335.2
319.9
862.3
320.2
319.5
334.6
378.3
382.6
904.0
379.0
352.4
390.0
875.4
355.7
876.6
431.9
677.5
793.3
870.3
848.9
938.2
744.4
758.2
558.7
539.5
531.3
875.4
346.2
872.7
455.9
530.1
566.0
460.0
621.5
864.6
467.8
427.5
861.8
425.3
467.4
475.2
318.7
860.1
454.5
430.6
335.8
864.1
320.2
367.1
359.5
320.8
513.1
559.7
477.4
862.2
592.3
430.1
875.7
617.8
860.6
320.7
477.1
532.1
420.4
418.8
1147.5
590.2
776.2
319.8
364.0
865.1
360.3
319.8
319.7
862.2
448.4
598.7
440.5
623.4
476.4
863.4
328.5
360.0
391.0
378.5
872.1
321.5
319.4
862.4
336.8
320.6
525.5
529.0
395.1
864.8
319.5
861.5
400.8
323.9
393.3
871.8
320.0
319.5
319.6
324.6
428.3
421.8
860.4
367.5
319.1
875.2
364.8
319.7
320.1
319.5
862.5
332.2
321.2
320.0
860.5
320.3
357.7
489.0
861.2
496.8
528.4
716.5
612.5
466.9
873.0
320.4
321.7
860.2
319.9
321.4
859.5
481.4
499.2
782.8
689.3
512.9
442.3
861.8
320.6
326.4
439.4
434.3
860.7
319.1
320.2
319.5
872.8
428.5
555.9
677.5
885.0
793.1
837.0
644.7
601.2
568.2
871.4
393.7
355.1
370.0
860.6
320.0
865.4
336.9
480.2
505.6
323.9
431.1
392.6
863.9
320.3
365.6
570.8
453.0
546.4
863.6
457.0
354.0
865.3
321.7
359.1
320.5
350.3
860.8
320.6
863.5
321.6
320.0
319.5
358.8
322.1
860.2
422.7
615.8
605.6
522.6
505.9
875.3
376.0
445.1
862.9
390.1
339.6
321.0
322.9
875.2
320.1
320.7
363.4
860.2
363.5
320.7
320.7
861.4
320.9
319.8
320.3
322.8
321.3
862.1
324.5
319.6
875.1
430.8
396.0
522.3
593.8
553.6
862.3
380.2
353.9
322.4
875.0
320.6
319.7
862.8
320.1
320.1
321.4
323.8
320.4
318.9
860.6
864.3
438.9
396.1
453.6
320.3
504.8
345.6
861.5
408.0
320.5
860.1
322.0
319.5
319.5
319.5
860.3
399.6
372.8
482.0
394.3
861.5
425.8
483.0
411.8
510.2
876.4
319.7
320.4
863.0
320.8
320.5
603.1
637.3
591.8
666.5
860.5
346.9
498.3
874.1
428.9
389.9
443.6
409.0
904.6
319.9
420.7
427.1
529.1
864.2
861.4
320.1
320.8
320.6
319.6
388.2
362.5
427.2
862.8
864.1
320.6
319.6
319.6
332.4
323.4
863.2
479.4
460.5
515.2
434.1
319.4
870.8
319.8
864.4
320.6
449.7
450.0
441.6
322.6
862.9
425.0
320.1
323.2
323.0
879.1
476.8
641.0
659.6
696.6
759.5
864.2
321.4
320.6
320.3
873.4
860.0
320.1
320.2
318.9
320.5
323.2
424.9
424.3
861.3
320.7
320.3
320.1
864.7
322.2
402.8
400.9
324.2
861.6
473.9
482.8
637.3
652.0
862.4
453.4
917.6
320.6
321.3
357.3
861.5
542.3
431.6
540.9
429.7
876.7
362.8
474.0
872.1
319.9
414.8
510.2
530.9
621.4
520.6
475.6
863.9
404.7
867.3
508.2
666.5
678.0
619.6
540.9
860.5
434.1
320.1
864.6
532.7
576.2
714.5
529.2
706.0
605.6
480.3
869.9
389.8
353.6
867.2
326.7
324.2
442.9
437.4
860.7
324.1
320.7
863.9
335.0
321.6
325.7
864.0
320.9
334.8
348.1
890.7
332.5
341.7
319.1
319.8
440.2
446.2
860.0
472.7
320.1
465.7
371.1
865.6
320.6
875.0
319.6
345.0
357.5
402.6
383.7
864.1
328.7
324.2
385.3
380.9
861.6
320.8
865.5
406.8
641.6
860.8
912.2
812.9
777.9
787.0
876.2
1016.4
830.9
580.6
326.0
360.9
321.2
861.1
355.5
380.5
320.2
321.7
861.8
320.7
413.5
320.0
406.9
861.9
331.6
452.3
865.5
668.9
690.7
752.0
755.2
661.1
873.7
402.8
373.1
379.8
377.7
864.9
384.3
863.5
591.6
692.2
696.9
864.8
602.5
636.3
535.5
320.1
863.4
320.4
319.9
320.1
588.6
548.2
536.1
861.2
434.4
319.7
865.7
319.9
321.0
320.4
860.5
321.4
321.2
346.3
321.1
341.1
862.5
321.0
875.1
328.2
336.1
442.5
436.3
522.7
512.9
873.5
324.4
377.0
370.6
864.0
321.1
467.8
386.8
440.7
861.7
364.1
872.1
325.8
322.4
321.3
321.4
319.3
861.3
320.9
334.4
363.5
359.8
862.2
323.3
320.8
320.8
862.9
320.3
320.6
319.8
863.3
324.4
384.3
390.8
872.8
320.3
321.1
320.8
864.3
519.6
484.6
470.5
431.9
320.8
860.5
320.0
319.6
863.7
326.8
321.0
327.9
369.5
356.9
327.3
860.0
362.0
320.2
357.7
321.8
874.9
404.9
564.0
863.5
702.0
857.8
872.3
703.0
590.4
745.8
434.3
515.7
415.5
871.2
379.1
861.5
339.0
461.8
466.6
339.8
319.7
862.8
320.1
401.8
861.7
434.8
385.7
431.5
361.8
399.4
438.1
860.7
367.8
354.2
875.4
397.1
320.7
330.9
319.8
322.0
862.5
324.4
862.9
322.2
422.7
412.3
320.6
446.1
861.5
440.6
337.1
437.9
865.6
373.4
389.3
320.2
860.2
322.2
409.6
353.2
387.1
860.2
320.1
320.8
320.5
861.7
320.0
486.9
530.9
395.1
466.7
860.6
321.6
324.2
451.1
863.8
445.1
323.5
319.9
319.7
863.1
803.1
714.2
517.8
499.9
1036.4
569.2
613.5
701.3
690.2
897.9
462.2
430.0
917.7
320.6
319.3
320.6
860.4
379.9
321.0
374.7
319.1
328.8
862.8
373.8
504.5
534.1
863.6
414.4
400.4
430.2
436.6
861.3
440.7
414.9
431.7
420.2
864.8
395.9
860.8
365.9
428.7
369.3
410.2
861.3
356.4
329.0
323.5
399.4
390.3
860.0
319.8
458.3
447.3
321.9
872.8
419.6
628.3
622.3
863.9
494.5
595.7
860.9
