331.6
333.6
578.0
551.7
871.7
611.3
879.5
988.7
944.5
945.4
1011.5
1326.9
1381.5
955.6
994.1
1321.5
1288.4
1318.9
1330.8
990.3
616.2
843.1
643.9
465.4
861.0
878.1
736.4
1057.1
1380.4
1458.6
861.1
1303.2
1268.8
1448.9
1238.9
983.7
1212.8
1067.7
1038.8
1027.3
1141.4
1008.6
596.3
319.8
865.7
447.8
412.9
452.9
329.4
323.6
860.8
323.4
322.2
335.2
400.8
391.3
863.1
334.9
320.6
862.0
538.6
555.2
700.3
476.5
639.6
865.3
343.1
362.4
355.6
322.2
861.0
320.6
322.0
320.3
860.7
324.2
325.1
321.3
319.9
860.7
639.4
686.9
614.0
863.5
1073.4
1266.4
976.7
863.9
909.5
1090.6
871.2
960.2
458.0
319.7
506.9
873.9
353.7
581.4
576.2
753.7
393.0
866.5
452.1
437.2
556.6
323.6
862.1
511.8
414.7
870.7
537.3
401.9
582.8
365.8
863.7
505.8
456.3
621.9
643.8
512.0
860.6
549.9
550.7
860.9
434.6
507.6
509.1
546.9
523.9
725.1
543.0
445.2
916.9
330.4
929.7
321.7
322.4
321.7
394.2
376.4
439.3
859.7
322.4
372.8
416.2
379.5
866.0
355.8
367.8
345.1
530.7
526.2
874.0
872.7
424.1
533.5
601.1
436.8
372.2
860.0
469.2
530.3
419.3
320.1
863.6
329.3
427.8
425.7
321.3
866.0
319.5
320.2
320.0
464.6
497.0
430.6
633.0
861.8
320.4
376.2
872.9
350.9
374.7
345.0
349.8
875.8
750.6
631.5
756.4
733.3
860.7
600.6
635.6
319.9
427.5
425.8
324.7
862.0
329.7
435.4
508.4
874.7
488.8
508.4
350.8
861.4
359.0
571.5
662.4
865.0
563.1
496.9
607.9
818.3
861.1
709.4
870.1
969.6
875.4
865.5
992.4
1053.1
977.6
1129.3
1039.1
889.2
931.3
624.1
321.7
862.9
399.1
523.0
693.2
517.2
427.9
860.4
804.3
652.5
897.1
865.4
828.4
895.1
940.0
863.9
765.1
863.6
909.9
798.7
874.8
642.7
642.2
590.1
492.5
386.3
863.1
398.4
321.1
397.7
329.9
480.0
860.9
470.8
331.1
861.7
411.3
513.7
533.8
544.6
440.2
444.3
865.0
327.1
391.5
414.0
469.3
505.2
417.7
860.9
479.1
558.7
510.2
471.2
870.4
532.4
541.3
749.7
860.9
836.2
878.9
726.3
1014.6
1043.8
949.8
731.8
871.1
872.8
881.1
656.9
770.4
773.4
864.9
698.0
641.8
862.9
324.6
367.4
364.5
440.2
355.4
342.4
861.5
492.3
510.3
376.6
868.2
320.0
385.6
462.9
505.2
615.8
862.0
810.8
747.8
658.3
873.6
649.0
803.1
598.0
491.7
464.8
538.1
860.5
671.0
614.5
885.9
699.5
779.2
668.3
549.0
368.6
862.0
320.8
320.1
475.6
609.3
470.5
609.5
862.1
588.0
477.6
463.2
873.1
440.8
379.1
324.4
871.5
367.1
330.4
481.6
596.9
590.9
471.1
860.5
322.2
876.1
483.0
405.7
435.4
320.4
860.7
369.1
320.4
419.2
478.1
526.7
503.1
860.3
432.5
342.6
345.8
373.4
867.3
361.9
324.8
319.8
872.8
319.6
320.0
319.9
383.1
456.4
861.1
700.3
683.5
614.8
805.9
863.5
648.0
342.0
320.4
873.1
531.5
321.5
862.9
624.9
631.2
709.6
701.8
588.4
519.0
863.4
325.7
321.0
321.8
325.7
323.2
319.0
861.2
425.0
876.6
521.6
669.4
968.3
862.2
771.2
875.7
1022.9
1055.2
755.6
864.0
427.1
398.8
378.7
321.2
861.5
320.6
357.7
359.7
540.0
472.5
571.2
860.1
662.6
474.1
695.0
873.0
807.1
810.8
788.1
862.8
683.1
613.5
494.5
335.2
351.4
361.4
860.0
321.1
318.8
863.0
322.4
321.2
322.2
484.6
501.0
861.3
753.3
801.0
886.1
912.9
831.4
905.3
861.5
880.7
720.7
714.3
835.9
588.1
325.8
376.4
875.9
326.8
355.5
366.8
883.7
337.3
321.0
322.9
861.5
375.0
437.6
432.2
367.9
327.0
322.9
860.7
504.8
506.8
587.5
641.2
719.8
872.0
447.4
546.6
319.7
457.8
876.5
421.0
319.5
860.6
320.3
320.0
321.1
406.0
391.7
425.2
861.1
347.2
487.7
657.8
490.5
547.9
912.6
418.9
320.0
959.8
333.8
320.5
320.3
321.1
322.3
861.9
416.1
356.2
511.9
571.6
862.4
539.3
456.6
580.7
563.5
874.5
319.6
320.6
861.7
364.2
366.5
648.2
760.4
810.6
860.7
815.1
892.1
866.2
789.7
563.7
689.8
648.9
552.0
862.5
694.6
798.8
658.6
673.2
653.3
873.2
320.5
320.1
416.7
410.4
441.4
532.7
860.9
395.2
865.8
323.5
319.8
373.7
341.1
404.1
860.6
525.3
515.8
552.5
522.3
360.9
866.9
319.9
862.4
485.6
465.2
482.8
460.8
337.7
333.2
862.3
324.3
319.7
489.4
862.0
616.8
710.9
783.7
864.4
869.4
869.9
538.9
609.5
382.0
865.7
321.7
322.3
319.9
319.6
860.2
336.0
540.6
575.2
607.1
532.9
500.5
861.6
575.2
445.4
533.4
486.6
425.1
874.9
484.7
578.7
669.1
576.8
861.9
516.1
885.9
463.8
411.9
437.2
455.9
575.1
541.2
579.6
873.8
398.7
477.5
410.0
877.4
320.6
461.8
860.4
671.8
725.2
799.4
698.5
863.7
957.2
810.4
870.1
797.8
1136.7
948.1
1010.2
931.8
505.7
877.6
710.2
518.2
883.5
862.6
827.8
908.8
864.9
1092.0
1013.4
619.0
973.9
776.5
399.3
331.6
453.1
564.6
861.2
409.1
320.9
320.1
320.0
863.7
319.4
333.2
863.5
321.2
319.9
319.1
321.7
321.7
864.1
1142.7
1362.0
1379.7
1123.0
1798.8
1970.3
1975.5
1371.3
1069.5
1734.8
2167.9
2325.3
2346.0
2351.6
861.3
2544.3
2380.7
1970.6
876.1
2640.7
2726.1
862.6
2149.7
2375.1
1434.9
1023.1
2075.0
2849.6
2149.1
1854.0
2156.7
1135.9
2040.4
1902.7
2139.1
2308.9
1184.1
860.9
746.8
966.5
385.2
433.8
335.8
861.1
323.6
323.1
397.6
378.8
330.6
861.9
350.3
561.2
555.2
706.5
863.6
864.8
850.3
873.1
677.3
666.9
798.1
720.5
874.6
972.8
862.9
839.3
1094.0
1081.0
1134.4
878.0
909.7
787.2
320.2
860.2
319.0
328.8
418.0
591.1
565.1
650.8
456.0
861.6
357.9
346.4
863.2
330.4
337.8
329.9
324.9
326.5
861.6
328.9
321.2
884.2
322.1
333.2
320.1
321.6
466.0
861.3
527.5
496.4
873.3
393.1
322.7
447.0
374.6
453.1
343.0
866.1
526.9
494.3
456.5
875.2
320.1
320.6
320.4
325.6
320.9
862.0
319.7
320.3
365.0
352.8
354.2
359.1
864.3
319.9
320.2
872.5
321.8
323.9
496.3
860.3
515.0
528.8
465.8
320.1
444.9
443.1
862.3
320.8
431.5
432.1
490.2
380.2
864.8
339.8
343.5
862.5
321.6
319.4
874.4
450.7
556.4
530.5
421.4
393.3
457.7
378.8
397.4
885.2
487.1
496.1
872.5
606.9
791.1
884.4
958.3
949.9
845.0
629.1
658.5
591.6
871.5
319.6
324.0
342.2
356.0
323.8
325.6
862.8
321.2
320.9
874.8
357.9
321.0
354.4
319.2
861.5
464.2
400.9
376.9
320.2
885.0
400.4
388.9
321.2
428.1
491.4
860.6
352.5
365.2
868.3
456.6
405.8
388.4
423.8
860.2
606.3
643.7
654.4
449.4
700.1
598.8
929.1
448.5
327.1
320.0
424.6
421.3
931.6
984.8
321.3
321.0
441.3
440.6
481.0
860.4
606.2
601.0
482.1
328.0
874.5
321.0
325.3
320.1
861.6
324.8
331.8
319.5
319.6
469.1
417.8
464.0
406.9
862.8
530.5
573.6
875.0
646.9
678.4
404.5
491.4
864.6
322.8
319.9
324.4
324.5
861.0
489.1
419.1
631.5
863.2
639.8
723.2
739.7
704.4
860.8
647.8
640.5
634.8
632.9
875.3
454.8
406.8
784.9
759.4
729.5
414.1
861.0
478.1
875.5
319.9
322.9
401.8
388.0
502.4
446.3
860.2
490.9
438.8
497.2
385.3
467.4
862.0
436.7
525.8
514.4
659.4
702.9
873.0
594.6
860.5
