334.5
337.2
521.1
559.2
880.3
652.2
824.9
848.8
967.0
1081.5
1024.3
1241.3
911.3
1165.9
1146.2
1180.6
1267.2
1108.8
1123.7
817.5
541.4
421.2
875.3
359.8
872.6
1310.0
1377.4
1038.8
1281.7
1603.9
804.3
783.6
877.1
866.7
1130.8
1186.0
1221.6
2055.1
1224.5
2134.4
1335.2
1250.2
770.4
866.8
553.2
398.1
479.9
319.6
865.5
320.6
322.0
324.4
344.9
859.6
322.0
342.8
319.5
320.9
320.7
866.8
532.0
514.0
524.8
515.8
860.6
321.3
414.5
864.3
414.7
410.1
323.0
323.7
860.2
324.5
320.1
319.8
866.4
323.2
323.3
319.9
327.2
871.8
320.3
323.7
339.9
861.0
325.9
597.5
538.4
627.4
535.3
864.9
320.7
319.1
319.5
875.1
349.4
562.8
561.8
539.1
863.9
319.1
446.4
485.3
446.6
872.5
351.4
913.5
755.1
412.1
468.5
587.6
571.4
861.3
403.2
322.9
412.3
488.9
338.4
862.9
559.8
551.7
860.4
543.6
321.7
320.5
495.1
414.6
902.2
566.8
453.0
411.8
920.7
323.2
889.8
319.9
320.8
864.5
519.2
508.0
457.9
546.9
376.7
360.6
379.9
319.4
861.5
358.7
394.8
370.8
864.5
423.2
400.8
862.2
375.0
319.3
375.9
321.0
873.0
322.3
322.4
319.1
321.7
861.1
406.6
392.9
864.4
468.1
415.1
319.8
319.7
861.0
320.8
569.1
513.0
417.6
536.8
877.3
321.0
322.1
860.8
320.4
337.3
327.8
865.3
452.7
546.7
465.6
646.4
659.5
496.5
861.8
863.9
430.3
414.2
344.5
319.4
324.2
873.9
319.4
395.1
530.1
554.9
533.4
873.1
345.4
433.3
419.2
873.3
408.8
884.1
740.7
778.6
763.8
832.9
944.8
860.6
865.2
1025.4
936.7
974.8
935.7
1085.2
1094.4
1015.4
859.0
872.8
435.9
320.5
879.0
320.2
395.9
385.9
600.3
428.7
861.6
510.7
743.5
863.6
823.4
563.4
797.9
572.8
883.0
856.9
716.1
513.3
887.1
585.4
388.9
486.4
350.6
325.8
875.1
861.1
400.5
348.6
375.3
320.3
328.6
339.6
331.6
862.8
864.1
425.9
488.2
553.1
525.7
446.3
355.0
863.7
320.2
348.5
533.2
868.3
718.2
803.0
621.0
503.6
861.5
508.6
492.3
884.2
502.2
823.2
850.3
836.5
862.6
886.4
800.9
864.1
790.7
875.1
770.9
807.1
861.7
681.2
728.3
864.3
705.8
956.4
967.5
692.0
610.4
459.9
406.3
413.8
860.6
356.8
332.2
865.6
407.2
457.9
359.3
860.6
320.7
321.3
344.0
642.3
927.5
801.4
846.1
768.0
709.9
930.0
725.1
513.8
898.0
320.1
546.0
572.1
627.4
861.2
765.4
671.0
784.8
875.0
505.4
755.1
642.3
324.8
862.5
323.1
381.2
579.5
604.1
723.5
865.3
572.4
407.9
461.7
376.6
864.2
367.6
319.4
863.2
364.6
319.4
453.2
448.4
461.9
864.4
321.1
864.9
320.3
334.6
372.2
382.8
321.3
860.6
352.9
468.2
422.1
563.1
861.9
549.2
438.9
409.8
414.0
884.9
320.8
320.4
319.9
862.2
320.3
321.1
320.9
896.3
320.2
507.8
510.2
860.9
711.0
688.7
864.0
901.6
827.1
662.9
399.7
320.2
862.5
320.5
322.5
860.7
383.8
672.5
732.3
547.6
485.9
610.0
878.2
320.4
353.1
431.7
400.4
860.8
321.1
331.7
344.7
863.7
328.4
592.8
881.6
801.4
842.6
865.4
752.6
841.2
706.4
703.8
320.7
412.0
402.6
871.3
320.0
865.0
424.6
559.0
544.1
448.9
535.9
860.3
700.1
476.3
652.1
864.7
694.3
740.9
561.1
693.6
860.9
565.1
864.5
468.6
403.2
465.5
394.6
319.9
860.3
319.5
319.8
320.3
860.3
319.8
555.4
601.9
495.0
743.0
718.2
871.3
819.4
885.5
664.7
826.0
693.0
681.3
505.8
874.6
423.2
344.6
321.9
394.0
863.9
367.1
321.0
319.8
861.8
320.5
860.0
321.4
410.9
402.3
343.7
322.1
326.3
862.1
551.0
690.4
681.3
666.7
789.3
882.5
509.4
564.8
368.8
876.7
324.6
346.6
874.9
321.0
393.3
343.9
320.8
340.8
323.5
863.2
863.7
320.5
477.8
580.7
427.9
545.3
394.4
885.8
320.1
864.5
320.1
321.1
320.1
320.2
320.8
859.7
456.6
492.9
532.8
476.8
872.6
599.8
524.7
514.4
599.6
873.6
319.6
326.0
860.5
319.4
362.2
607.0
716.5
804.8
864.0
717.3
551.4
873.1
574.0
596.6
555.6
548.3
576.8
872.0
510.5
495.3
562.1
570.1
866.7
862.6
324.3
320.6
337.0
323.9
489.7
467.9
498.8
860.2
871.0
353.0
319.5
342.8
342.6
369.6
319.1
860.9
533.5
625.3
505.1
360.9
866.3
320.3
861.8
443.8
397.7
445.1
503.9
416.7
436.1
867.2
326.3
324.8
863.9
365.2
504.2
630.1
648.9
655.4
875.1
369.6
862.5
535.8
479.0
352.2
320.9
862.7
321.1
320.4
473.6
861.0
425.7
632.6
670.4
475.1
552.8
864.8
456.8
472.9
588.3
535.3
405.9
862.9
414.5
478.6
609.6
415.0
863.9
469.6
862.1
320.5
321.1
406.2
419.8
872.1
483.2
648.6
863.8
396.6
490.5
577.8
320.4
873.6
386.8
497.5
586.9
655.5
937.3
771.6
937.3
918.6
901.2
974.2
904.4
806.5
993.3
930.8
831.0
679.1
463.1
472.8
865.1
605.4
861.6
876.0
900.8
916.0
712.5
893.4
864.2
596.6
577.1
431.3
420.1
521.4
861.9
489.8
378.4
320.2
358.7
864.5
320.0
320.2
861.2
320.5
322.2
320.7
860.3
320.2
323.4
466.7
863.4
498.8
475.8
667.7
502.0
547.2
595.0
888.1
399.0
330.2
860.9
390.3
435.9
388.7
518.5
436.4
875.4
361.3
490.2
384.2
518.4
863.6
321.1
1074.0
541.9
422.0
448.6
861.0
779.9
782.2
791.2
797.4
687.3
869.1
871.1
319.6
875.6
320.1
379.5
374.8
321.9
321.1
320.1
861.2
860.1
323.3
511.1
480.3
455.6
327.7
863.5
604.7
789.3
873.1
679.2
932.8
991.5
1014.9
787.0
861.8
806.8
865.2
898.8
831.9
903.6
977.8
895.8
1077.4
988.2
835.9
831.3
363.6
873.5
320.0
325.3
329.3
410.7
540.0
663.7
863.1
481.5
482.6
383.5
874.8
320.2
320.4
320.8
320.0
860.9
402.7
511.5
489.5
866.1
413.6
319.1
323.1
861.4
319.7
542.2
463.1
457.6
536.2
860.6
321.5
392.1
384.3
864.4
436.3
443.1
875.7
777.0
555.3
736.2
864.8
325.4
321.4
320.4
335.4
330.7
860.8
322.6
436.6
346.2
406.7
871.3
338.5
335.5
321.2
320.3
875.6
327.7
325.4
859.4
429.0
374.9
390.4
863.5
325.9
322.9
319.7
320.3
862.0
430.0
437.6
450.3
378.7
863.7
341.8
334.6
322.8
860.8
320.6
863.8
501.6
513.0
508.7
1664.9
871.3
1303.5
1285.5
1086.7
1086.6
869.8
874.0
1280.7
1339.1
1408.3
1751.2
860.8
1785.5
1826.1
1650.8
1659.5
1858.7
1903.5
1771.1
985.9
865.1
1124.3
1256.7
845.6
947.2
675.7
525.9
323.5
440.8
860.7
418.0
385.9
867.1
460.7
443.6
461.7
398.4
353.9
875.4
423.3
390.4
419.7
486.5
864.4
370.8
338.8
874.9
322.3
320.3
467.2
862.2
468.2
727.3
762.5
862.7
670.7
700.6
586.3
416.1
862.4
320.2
321.0
320.0
452.6
432.1
864.4
320.8
325.7
320.9
863.5
322.0
393.4
545.3
475.6
459.2
862.1
320.7
325.8
875.3
442.8
437.4
320.2
324.5
319.8
861.6
472.5
445.9
465.6
422.9
979.0
478.4
539.6
868.8
569.1
430.6
460.6
444.7
978.5
319.3
319.9
320.6
870.0
428.3
413.5
522.8
515.0
878.3
696.9
596.2
705.1
860.6
702.5
497.6
524.3
744.5
716.5
864.1
453.8
521.9
435.8
526.5
871.1
320.2
491.9
865.6
475.2
325.4
397.7
860.4
388.7
506.2
450.4
876.4
502.3
435.0
381.7
383.9
444.0
910.4
656.3
600.9
867.0
778.4
788.7
604.1
718.3
929.0
