310.9
311.2
478.5
422.3
448.8
1058.1
730.1
738.4
585.5
1120.7
835.6
939.6
908.2
988.3
876.2
847.7
1438.4
503.6
1247.7
380.6
338.1
1344.3
404.8
480.1
845.8
471.4
623.3
583.9
494.8
862.3
424.0
466.2
344.6
861.2
469.9
459.5
847.8
735.2
670.5
601.7
547.6
855.7
300.0
300.2
846.6
303.3
303.4
299.8
846.1
301.4
304.0
301.9
845.6
299.0
300.6
303.9
301.5
845.5
299.8
847.5
476.7
512.5
533.7
551.2
470.1
846.5
417.5
314.5
400.2
846.7
299.5
305.9
922.3
348.0
302.0
302.4
845.7
302.4
302.5
300.3
302.3
847.1
302.4
302.8
848.9
299.6
411.0
522.2
520.4
404.0
856.4
846.0
304.3
315.2
358.9
846.7
500.6
545.9
493.8
494.4
366.8
870.1
331.3
395.5
308.0
844.4
299.2
302.7
844.1
317.4
302.6
338.7
325.0
846.9
405.9
510.2
846.9
555.3
533.1
439.9
460.6
848.6
420.5
844.5
302.5
302.4
338.6
400.8
849.2
534.9
442.9
396.6
437.3
844.3
301.5
846.6
301.6
301.5
342.3
362.7
397.7
846.7
379.6
302.5
371.3
844.4
327.6
332.9
335.5
870.0
302.0
433.2
419.2
849.6
301.6
355.1
344.9
846.5
379.9
346.1
861.3
431.3
300.8
304.5
848.9
327.8
302.4
320.5
843.4
301.2
385.7
302.3
848.3
567.0
379.5
440.2
391.4
863.5
303.4
301.9
848.0
302.5
307.4
299.6
299.3
854.9
431.5
479.5
455.5
430.6
417.2
852.1
845.4
318.6
301.2
310.3
302.0
846.3
299.6
485.4
469.3
844.7
474.7
465.5
846.0
410.0
428.1
421.6
398.2
874.2
383.3
563.9
619.3
917.1
457.5
666.5
511.9
927.9
533.9
761.6
844.6
810.4
725.0
571.9
1277.0
369.8
1196.1
303.7
960.1
299.2
332.8
339.1
367.6
300.4
1007.4
527.5
524.6
870.0
503.0
344.1
612.4
1069.5
525.3
523.2
485.7
352.8
1003.7
300.1
959.1
303.1
302.6
299.9
302.5
844.9
847.4
365.0
301.1
363.8
456.7
366.0
845.0
393.0
306.5
848.4
299.9
1347.7
1168.9
1430.1
1475.8
1530.1
1515.4
1790.7
1898.8
1998.4
2107.3
1591.6
2268.9
1988.8
2085.7
2502.2
2671.0
1738.0
2355.4
1896.8
2051.9
2521.6
1414.2
2030.9
2125.0
1763.7
1827.6
2219.9
1401.5
1636.7
1434.6
1086.6
1900.9
2152.8
870.0
1333.0
1181.9
1362.3
1379.1
1239.8
302.1
348.3
379.3
344.3
305.4
847.6
300.9
409.2
402.2
874.7
856.6
302.4
360.7
349.7
372.7
546.6
649.5
536.1
567.2
993.3
582.8
415.7
1047.2
937.8
381.1
433.6
539.7
485.7
507.4
890.4
560.4
560.7
535.4
407.5
891.2
300.6
860.4
299.4
852.6
491.7
654.7
688.8
586.5
559.7
855.5
521.4
362.7
590.7
499.3
850.4
301.9
309.9
849.1
364.0
399.4
459.5
416.0
848.8
299.0
866.1
303.8
301.9
352.1
352.0
846.4
300.4
325.6
389.4
459.6
848.7
435.4
424.5
342.0
846.0
302.9
312.5
304.6
843.9
299.0
308.2
846.2
302.3
298.8
847.8
308.2
350.6
459.2
849.2
683.1
747.4
487.3
709.7
676.1
880.5
341.9
301.6
846.5
300.1
299.9
851.2
450.0
458.3
448.6
415.2
481.0
860.1
321.8
844.6
300.9
329.8
303.8
300.7
301.5
871.0
361.4
434.2
945.9
697.8
721.6
843.6
797.9
880.0
609.2
760.3
659.3
951.2
355.9
326.4
374.7
845.6
299.2
845.1
361.6
304.2
305.6
477.4
415.4
847.4
369.4
617.8
940.7
661.8
661.2
676.0
660.6
858.4
458.3
361.7
906.6
303.9
304.1
306.0
298.9
844.3
301.8
846.3
300.7
307.5
368.1
350.1
432.0
862.9
617.6
672.6
617.2
513.9
896.0
604.7
910.3
674.1
460.2
555.4
397.9
920.9
301.1
307.0
847.0
311.8
301.4
884.8
300.7
301.3
846.0
300.4
302.4
301.2
302.9
361.4
356.5
844.1
298.3
437.4
845.6
528.9
622.4
575.3
677.5
861.6
422.5
469.2
318.9
875.8
300.6
300.8
851.1
308.0
848.8
336.4
449.4
451.1
362.5
329.2
845.6
437.6
354.2
439.2
357.7
855.3
345.3
332.9
846.3
300.0
299.4
843.9
300.6
302.2
298.5
847.5
475.3
353.4
386.9
517.8
392.8
856.9
435.2
438.6
514.7
846.2
301.0
301.1
848.6
300.0
567.1
659.7
544.3
792.2
673.3
1018.5
493.6
942.0
345.9
503.0
436.6
928.5
386.6
308.8
846.8
490.1
479.3
534.0
482.4
845.1
340.1
303.7
381.2
845.4
474.7
435.1
390.8
870.0
846.7
301.2
302.4
344.9
303.2
343.3
303.3
844.3
393.3
507.2
565.4
849.0
301.0
301.8
844.7
332.9
315.5
327.1
301.5
845.7
301.6
845.8
300.6
301.3
448.2
845.4
584.5
655.4
712.2
792.8
760.0
856.5
445.0
375.9
310.7
861.0
339.0
843.8
406.0
403.8
304.2
854.3
504.7
713.4
573.8
533.2
458.4
848.7
320.0
436.1
558.2
885.0
368.2
845.2
505.3
506.2
527.8
520.5
412.3
848.7
869.8
312.1
395.1
399.2
369.7
368.2
411.4
381.2
898.2
372.2
848.6
435.4
299.0
899.0
432.7
329.4
651.3
614.7
676.9
925.9
583.6
606.0
981.3
806.1
613.2
713.3
685.2
472.5
1053.5
313.1
882.6
300.2
320.2
298.8
540.4
607.0
601.8
1054.8
648.8
396.0
402.1
938.2
301.8
1118.9
321.7
432.7
412.2
846.1
301.5
305.1
302.8
846.4
300.3
301.2
847.1
300.5
845.7
300.0
301.2
300.6
299.2
300.3
848.5
411.2
407.1
303.3
427.1
848.1
301.1
304.3
845.9
388.3
504.3
855.2
570.4
457.8
372.5
342.8
857.3
302.5
404.4
368.9
845.4
301.0
846.5
577.5
607.4
682.6
699.6
991.8
806.3
925.0
962.1
746.7
997.6
327.7
960.6
302.2
301.3
302.0
846.9
308.5
302.0
299.9
845.7
301.4
383.3
317.7
398.4
335.6
847.1
476.1
581.2
846.3
587.0
681.3
712.0
654.1
964.5
567.1
536.8
380.7
920.5
554.8
579.8
1051.1
713.6
773.9
559.2
718.4
517.1
1011.7
299.2
983.7
299.4
846.1
332.2
406.7
447.9
541.7
502.5
420.9
846.0
300.9
305.7
844.4
305.3
331.5
302.4
847.9
329.5
304.7
331.0
327.3
844.5
301.7
305.5
846.6
307.2
339.4
417.9
428.1
847.2
356.3
872.6
303.7
354.2
301.0
302.6
846.3
333.5
377.2
384.1
387.5
846.4
365.3
301.9
846.5
359.9
299.9
303.4
303.5
844.6
326.5
312.7
304.3
302.9
872.7
302.6
300.9
846.7
301.2
305.3
846.4
369.2
329.2
393.0
857.2
302.6
303.5
303.5
845.4
303.2
401.6
400.8
392.0
845.1
323.7
373.2
390.7
873.2
302.5
303.4
847.6
361.4
307.5
355.4
853.1
303.0
402.7
391.2
304.8
870.7
559.4
532.8
698.7
644.1
593.7
1113.3
711.8
1000.1
436.3
523.2
496.4
1040.0
300.1
911.3
304.8
316.6
314.7
301.9
299.2
845.8
301.3
305.6
845.8
322.6
300.9
321.1
300.3
846.8
323.2
423.1
384.9
846.8
300.0
301.6
299.8
845.9
305.1
303.7
302.0
307.1
861.8
857.0
300.8
304.5
300.2
313.8
859.1
421.9
467.6
363.6
430.4
870.0
347.3
300.6
846.7
299.9
314.6
430.7
436.2
844.7
843.9
301.0
300.8
302.8
301.2
845.3
471.4
544.5
393.5
526.9
844.5
300.6
303.4
437.2
422.1
856.6
301.4
304.1
305.3
845.8
406.2
350.1
427.2
350.5
302.0
964.6
411.1
845.6
446.7
373.4
331.5
959.7
844.7
300.1
299.7
302.4
396.1
326.8
405.7
847.4
466.1
540.1
856.0
548.8
467.7
573.4
875.1
579.2
502.2
479.0
485.4
850.1
311.8
475.6
355.1
470.5
904.0
299.0
300.2
846.5
302.0
902.8
300.9
302.0
301.9
334.9
301.8
845.3
327.0
844.4
316.3
384.0
381.6
303.1
416.6
957.8
519.6
603.1
654.6
478.0
845.0
949.0
