312.7
355.1
563.4
741.9
803.1
859.0
941.1
1146.1
1190.4
855.8
1045.3
1377.5
1198.4
1255.6
1148.4
1428.9
1651.0
1367.7
846.1
730.4
1866.6
1074.1
942.2
844.5
1417.5
1201.2
1332.4
1352.2
1048.8
926.6
1535.8
856.3
1301.7
1116.7
1499.7
912.7
1215.9
1214.6
1034.9
1261.6
1424.8
1408.6
688.0
780.7
460.3
431.6
409.1
301.9
853.4
308.2
303.2
307.8
302.0
302.4
301.0
300.9
302.2
846.9
300.2
310.1
486.2
595.9
527.9
596.6
524.0
845.5
357.7
315.6
329.4
300.3
851.6
300.5
303.7
302.5
301.0
310.0
315.6
846.5
441.9
516.3
388.9
302.1
302.4
302.7
845.8
299.2
339.6
561.3
595.1
530.8
470.2
846.9
299.9
303.1
313.3
301.7
310.5
485.2
580.5
539.9
846.0
354.5
428.7
410.4
327.0
380.3
328.7
844.8
300.4
354.6
308.3
328.0
416.5
353.6
859.3
381.1
380.4
617.6
635.9
856.2
703.5
548.5
686.4
686.0
301.9
309.5
341.5
845.2
470.8
570.3
616.2
428.9
399.0
854.9
300.1
299.1
299.5
300.2
376.9
350.4
415.9
846.8
311.5
360.2
354.9
304.1
452.1
846.0
417.9
414.5
309.9
560.9
543.9
848.1
401.7
543.7
566.0
388.9
321.4
300.9
304.7
314.3
308.4
849.8
300.5
335.0
311.8
322.6
846.3
301.3
301.9
302.0
302.1
510.2
574.3
352.2
529.2
845.1
310.0
302.0
302.7
382.3
434.8
345.1
856.1
401.0
596.6
610.5
690.2
784.0
847.8
570.4
581.3
301.4
311.4
306.5
300.4
844.8
300.8
306.2
467.6
474.7
518.3
546.0
847.6
315.8
428.1
509.8
399.1
302.2
854.7
548.5
665.7
727.7
761.2
958.2
849.9
720.7
1108.0
893.4
948.5
1315.4
901.4
1220.9
875.2
1221.1
1075.7
538.2
777.9
846.2
445.0
514.6
522.3
663.2
782.2
771.0
846.5
985.0
1051.4
1198.0
1011.7
855.2
1103.7
953.9
1231.3
922.4
1005.9
1008.7
701.4
940.1
845.9
804.4
640.3
507.0
613.2
301.8
306.8
301.2
847.0
418.5
326.0
434.0
322.3
311.1
380.4
546.9
575.5
633.6
843.9
517.8
394.4
300.9
345.8
847.2
504.5
630.5
616.9
619.4
586.2
459.5
649.8
845.5
601.2
496.1
648.3
760.9
839.2
846.8
852.1
846.8
914.5
771.7
871.8
942.9
889.7
1022.9
1026.8
845.7
829.4
950.2
990.5
891.9
642.5
797.2
300.5
305.1
324.1
319.5
305.2
301.6
845.5
314.0
395.3
379.9
846.3
302.5
338.0
396.7
502.0
554.1
853.7
767.8
590.2
763.7
1010.6
792.2
1021.2
849.0
520.5
774.4
1012.1
951.8
844.7
1227.1
1256.0
963.8
1127.8
826.3
1190.6
830.6
663.5
300.2
846.2
482.4
554.3
746.2
890.9
1020.0
856.7
537.6
836.4
760.2
682.1
399.3
784.3
374.6
360.8
847.8
420.2
570.5
587.6
484.1
304.9
844.8
300.9
379.9
497.0
512.6
459.1
847.8
337.3
382.9
549.6
545.4
562.6
561.1
479.1
489.8
843.4
569.2
335.5
383.2
301.4
302.0
303.2
854.9
301.3
301.5
302.0
352.7
650.3
847.1
675.8
754.3
794.3
738.1
701.7
414.0
844.9
437.7
345.2
299.7
304.5
303.5
378.5
536.8
546.6
846.4
440.5
614.8
581.3
343.0
314.9
432.4
444.5
846.3
358.6
305.9
368.6
847.6
688.0
747.7
748.5
884.4
855.2
1034.9
992.4
969.3
800.6
919.8
500.2
340.5
339.9
301.9
845.8
304.2
321.3
514.9
588.3
483.9
432.9
529.7
848.8
522.5
835.9
642.9
847.9
719.6
849.1
982.3
798.4
685.6
520.8
305.0
353.9
347.7
848.0
301.6
301.5
300.5
298.8
846.4
303.5
300.6
394.0
602.5
741.4
802.5
878.5
843.8
841.3
930.0
859.4
907.5
677.8
774.1
858.2
441.6
696.1
381.5
401.6
316.4
302.4
845.7
302.7
309.9
346.7
305.2
845.5
407.1
372.7
357.4
507.6
445.8
301.1
846.7
521.2
642.0
779.2
858.3
774.7
846.0
695.5
745.3
845.3
448.9
505.2
427.3
322.4
300.3
847.3
316.6
515.7
593.2
322.4
487.4
847.7
378.8
590.2
515.2
745.3
390.9
662.0
674.3
300.1
846.1
301.0
301.4
300.3
301.8
300.8
847.5
461.0
550.5
651.1
688.8
721.8
582.8
639.0
570.5
847.0
663.5
303.7
301.2
845.1
303.6
302.3
642.1
760.2
884.1
850.6
924.8
1105.6
781.9
783.5
821.2
893.1
705.0
848.9
890.5
689.2
730.5
663.9
742.6
759.5
854.6
303.8
303.6
377.4
399.0
548.3
500.0
464.0
379.7
845.7
303.6
304.4
302.9
301.8
317.5
847.3
602.2
641.1
661.8
641.5
593.6
300.5
298.9
848.6
380.7
478.2
475.2
407.5
300.1
303.4
844.4
365.9
312.4
353.5
315.4
691.9
752.3
697.3
846.0
790.3
819.0
515.4
401.8
327.0
863.3
300.3
304.0
300.9
303.8
852.7
496.1
600.9
696.5
745.9
679.2
529.3
431.2
846.5
477.3
643.8
711.7
624.4
476.0
511.2
641.3
671.3
593.0
845.7
545.0
550.7
302.8
301.9
848.3
478.6
493.7
472.0
523.2
385.4
880.6
530.3
509.1
391.6
300.0
420.6
352.8
695.3
787.5
847.1
678.8
949.4
905.2
844.3
922.9
709.3
1009.9
1008.6
1098.8
1051.9
845.2
560.0
802.5
708.0
941.5
995.4
846.3
948.9
973.0
1062.1
947.8
1200.7
771.5
757.4
448.3
337.0
846.8
566.6
656.4
367.2
503.1
331.2
306.5
310.7
847.4
300.0
302.4
299.5
301.4
848.0
301.7
301.4
301.0
361.9
305.0
370.3
534.9
498.3
846.5
482.5
583.8
487.1
313.8
857.7
380.2
577.7
536.7
512.6
501.3
413.7
398.3
844.8
605.5
481.7
583.8
408.4
848.5
752.4
767.9
1003.8
848.7
1190.4
1088.5
1146.1
1018.3
1203.4
1080.2
910.1
583.8
434.0
302.0
300.4
845.8
302.4
334.2
324.7
301.1
848.0
441.7
465.7
598.7
402.9
574.2
385.8
699.2
845.7
708.9
810.7
1044.4
913.1
1110.1
847.0
852.0
996.2
952.2
1104.4
847.0
1125.1
1369.3
1165.7
1090.3
1234.5
886.8
1068.1
1044.6
334.1
847.0
300.5
350.5
304.6
517.2
705.3
724.0
570.2
597.8
844.6
426.9
321.7
300.7
330.5
301.8
847.3
337.4
307.0
402.0
391.3
304.5
305.6
843.6
304.2
302.7
319.1
403.1
440.0
421.6
845.6
375.8
360.8
384.4
365.2
404.1
361.8
849.1
464.5
681.2
653.5
505.3
368.0
301.4
844.6
361.5
301.2
304.6
301.8
301.8
347.6
379.8
846.1
493.7
468.3
411.4
299.8
845.5
300.5
302.1
301.4
353.1
355.1
361.8
315.7
844.2
301.7
414.2
398.6
382.3
367.2
416.8
442.9
847.7
413.1
345.6
398.8
323.6
855.0
309.1
330.5
354.1
396.2
435.9
301.5
848.9
544.2
655.8
570.0
626.1
750.0
846.7
843.6
828.0
714.7
1026.6
1111.7
844.9
1017.1
676.8
771.2
685.4
839.4
306.9
327.5
301.9
322.0
301.4
299.0
844.4
301.9
301.4
304.0
430.3
846.9
423.6
381.4
423.8
314.3
414.7
345.4
845.5
338.0
429.9
412.7
326.2
301.4
299.4
392.1
332.0
850.8
410.6
300.9
303.9
303.5
846.1
407.1
495.3
551.1
705.0
412.9
474.9
507.2
847.7
349.9
308.0
306.1
304.5
417.9
411.3
847.4
301.2
302.6
305.3
310.3
847.4
462.7
457.8
717.7
726.5
566.7
300.5
863.3
375.1
378.9
466.3
301.3
303.5
300.0
849.2
444.8
577.9
440.9
602.0
831.6
846.4
603.9
637.4
694.8
582.6
779.9
526.2
846.7
300.2
300.0
305.7
301.8
303.3
377.3
394.3
408.8
856.4
402.8
618.3
767.3
633.0
856.4
676.9
724.7
680.4
605.7
792.6
514.8
512.0
562.6
843.9
707.1
741.6
382.5
544.8
858.2
302.3
303.9
372.1
393.8
318.7
335.3
301.7
355.2
849.2
399.6
517.6
465.9
461.4
849.6
735.9
625.5
726.4
637.0
717.8
808.6
850.7
