311.4
406.2
409.0
385.2
857.2
681.4
554.6
784.6
855.1
841.2
1024.0
644.8
995.8
963.4
1048.8
1117.2
1135.0
950.6
969.0
656.7
379.2
359.0
387.4
846.0
456.9
605.6
727.0
723.4
847.2
438.4
550.5
562.6
865.1
351.7
410.0
599.6
863.8
652.2
523.7
683.8
632.1
845.2
301.4
852.4
381.2
302.0
375.5
299.8
847.4
301.0
302.1
300.0
844.3
314.7
302.5
306.4
301.0
321.8
313.4
853.8
434.9
564.7
526.3
496.3
851.5
350.7
305.1
857.7
343.6
300.0
846.0
302.0
302.0
303.4
300.7
301.8
849.0
301.1
301.8
301.1
301.0
849.6
306.3
300.2
300.5
844.3
362.8
457.8
615.0
536.1
680.3
1011.6
334.1
326.6
351.7
847.4
438.9
551.1
511.0
517.9
857.2
393.0
301.7
391.2
301.4
869.4
298.9
845.1
299.6
352.6
352.0
351.2
347.0
872.8
320.5
524.8
847.6
632.7
532.5
399.9
533.1
516.7
848.0
847.8
302.1
488.7
428.2
577.8
475.8
540.7
450.5
368.6
846.2
322.6
856.0
314.2
301.9
302.2
412.3
847.5
406.6
302.8
439.6
866.4
368.9
410.0
301.7
329.7
344.3
847.9
380.2
336.5
403.0
845.8
335.1
306.7
353.6
387.0
898.1
302.4
429.3
347.5
337.0
846.5
377.7
434.5
360.1
846.4
300.5
845.5
301.4
303.9
303.5
345.0
414.4
375.6
871.6
846.5
300.8
303.5
299.7
301.4
301.8
300.1
847.2
413.2
486.1
470.3
665.8
607.6
410.8
883.9
304.5
879.7
302.9
310.2
301.5
846.9
300.4
299.5
308.4
438.3
433.0
845.7
845.4
503.6
498.8
495.5
486.0
345.4
880.9
587.8
671.2
615.5
737.7
846.0
710.7
903.2
845.6
953.1
844.1
949.5
977.4
877.6
960.7
766.1
763.0
372.9
845.9
301.9
338.1
320.6
360.9
469.6
845.3
509.8
571.2
558.1
574.5
847.0
399.5
586.2
649.4
874.8
598.6
531.4
419.2
335.5
893.3
307.2
301.1
300.2
302.8
844.8
846.5
367.8
310.3
352.3
412.8
375.3
420.5
879.8
413.4
997.9
429.9
390.8
623.8
631.4
496.4
451.1
857.8
337.5
327.6
845.9
564.6
570.0
405.1
844.7
474.8
414.6
625.3
456.1
855.3
624.3
696.7
813.3
812.2
846.9
834.1
842.4
845.1
671.3
776.0
626.2
628.1
846.2
662.8
444.4
551.2
700.1
577.6
443.1
854.0
902.8
299.7
333.1
364.9
390.5
317.0
300.9
846.9
442.3
374.3
374.6
846.0
301.7
301.0
397.3
616.0
493.9
918.1
567.6
837.0
868.6
591.0
673.5
452.5
913.2
303.5
505.8
525.5
617.8
859.9
588.3
587.4
605.5
518.9
451.2
845.9
302.6
861.3
301.3
307.8
303.9
300.3
844.6
932.1
1032.5
1280.5
1250.6
1321.5
1360.0
1225.0
1479.2
977.0
1691.5
1384.4
1700.5
861.0
1149.2
1265.8
1226.7
805.4
1374.7
551.7
401.4
301.1
389.8
299.7
850.2
325.1
368.2
470.6
425.8
850.4
427.7
305.9
372.1
871.4
335.5
301.0
300.5
300.2
846.5
300.3
300.3
299.2
845.7
303.0
355.7
349.5
846.7
604.9
442.1
647.6
648.2
544.0
844.5
341.9
301.3
852.2
300.2
300.6
845.8
360.1
538.0
657.6
396.1
552.2
474.6
846.2
339.2
301.3
422.5
391.8
855.4
300.9
311.0
310.6
844.2
349.2
743.7
774.6
771.5
730.4
1035.7
707.8
582.0
994.3
305.6
313.7
1035.2
365.8
354.6
301.8
846.8
313.9
324.9
376.3
409.1
447.8
422.6
844.8
341.2
558.0
586.3
850.3
625.8
679.5
549.9
462.7
869.9
871.7
437.6
346.0
387.1
299.8
844.7
300.6
299.7
300.1
300.9
846.1
301.1
403.7
617.1
848.5
707.1
704.6
667.3
673.1
861.0
431.7
729.6
810.8
600.0
844.2
483.4
338.7
301.2
306.6
301.1
846.2
301.0
302.7
846.0
299.2
317.6
845.0
301.7
374.3
366.0
300.6
300.6
304.0
847.3
463.3
344.4
490.4
442.5
324.5
845.3
458.5
446.4
855.8
318.9
497.3
846.1
302.0
302.3
852.8
302.0
504.7
499.4
358.3
357.6
847.1
301.4
366.9
388.8
469.2
506.1
339.1
844.6
300.9
844.1
299.6
301.1
301.1
300.6
300.1
845.6
422.6
444.6
411.9
445.4
857.4
495.1
478.6
516.4
515.3
860.2
301.4
300.6
846.4
301.1
494.4
609.1
856.3
837.0
795.6
749.2
846.4
577.2
593.0
610.5
525.1
581.3
518.0
936.4
523.2
495.9
490.2
483.1
897.4
896.6
301.6
560.5
524.1
528.3
570.9
594.2
847.2
300.1
845.4
301.6
302.6
347.8
302.8
346.7
302.7
846.8
499.5
440.3
585.6
354.2
844.2
300.7
847.6
340.2
302.1
341.2
857.6
304.8
662.7
444.7
300.7
302.1
847.8
335.2
517.3
584.1
657.5
662.8
845.4
358.2
845.7
454.7
423.7
303.0
847.1
301.0
300.9
302.2
447.6
844.2
390.2
478.3
474.2
562.6
331.8
856.3
520.8
303.4
400.3
383.7
846.5
844.2
585.2
654.0
605.4
725.2
484.3
556.5
847.9
300.4
303.2
440.0
442.0
844.3
443.8
501.4
310.3
379.6
847.2
318.9
845.2
301.3
424.6
326.3
574.5
668.7
453.5
660.0
879.8
844.8
809.1
651.6
771.8
847.3
688.9
880.6
652.2
314.8
300.0
846.8
354.0
408.4
437.8
845.6
700.8
727.0
653.1
667.8
844.2
477.2
474.6
389.9
301.4
385.2
870.1
301.7
304.8
305.3
856.9
302.3
299.9
300.6
845.5
299.4
846.6
300.2
300.9
302.1
302.0
383.8
364.2
846.7
489.4
407.6
468.3
473.4
872.9
527.1
353.9
301.3
845.5
307.0
460.5
437.6
480.2
439.4
860.1
418.2
349.2
361.6
848.3
317.6
302.9
865.4
568.3
615.2
849.9
884.6
858.0
949.7
1101.4
864.9
562.2
1036.9
918.6
300.7
843.8
300.7
303.9
844.5
301.5
333.2
324.5
302.4
845.1
314.9
442.8
387.0
350.6
393.8
846.5
527.5
616.7
551.7
854.0
831.9
857.8
543.1
844.3
605.4
500.3
492.6
683.2
857.2
596.2
802.2
708.3
846.2
815.2
635.5
669.7
299.8
880.7
298.9
301.6
538.8
544.2
846.3
676.5
668.8
585.4
574.7
380.2
870.7
300.5
304.4
844.8
303.5
302.7
372.1
466.7
386.8
846.7
300.9
303.7
870.0
301.4
306.2
448.5
389.6
358.2
847.5
856.2
360.9
441.0
421.4
317.3
356.6
302.2
845.7
430.0
417.9
349.5
844.3
301.3
298.5
301.4
301.3
301.9
847.1
377.0
387.0
414.0
391.0
845.3
339.9
307.3
302.6
846.5
300.3
868.3
304.0
312.9
385.4
353.9
358.4
845.2
300.6
304.0
302.3
848.9
301.8
368.7
369.2
418.3
333.9
847.2
301.6
301.1
301.1
854.6
301.3
347.0
387.7
847.8
434.6
436.3
496.4
844.1
431.5
562.1
497.5
885.5
587.3
754.4
708.4
714.7
874.6
702.4
782.5
456.5
542.2
881.5
553.0
844.7
301.3
306.7
355.6
351.8
301.2
302.4
847.3
299.1
300.1
401.0
303.3
846.8
390.2
356.0
301.4
848.8
388.3
328.6
305.8
846.6
406.8
402.3
393.5
434.2
360.4
858.7
305.0
299.9
844.6
302.9
305.8
300.6
302.0
846.4
424.3
534.9
379.7
402.7
845.0
367.6
302.5
845.4
303.2
301.9
302.5
417.2
410.2
846.5
318.1
319.8
304.9
300.2
847.1
350.8
457.9
408.2
438.6
845.0
301.1
313.8
305.9
865.1
846.7
306.7
309.1
345.4
303.6
315.4
447.4
442.0
329.9
955.4
310.9
480.1
870.1
315.2
611.4
377.7
393.0
958.0
303.5
301.1
844.4
303.6
412.0
301.8
435.0
344.0
845.9
525.2
477.5
526.7
543.9
845.3
409.9
429.1
432.1
856.2
854.9
518.3
527.1
571.8
590.8
549.4
362.0
356.6
853.0
844.5
299.8
302.5
368.1
358.7
385.8
344.4
422.0
847.9
855.8
383.8
511.1
401.0
525.0
329.3
654.8
848.2
606.3
748.2
711.2
611.4
868.5
