311.4
496.3
683.9
677.5
653.5
962.9
979.5
1096.9
1133.8
867.7
918.0
1040.8
1070.0
952.6
1061.3
1091.6
1253.2
1114.0
887.5
671.5
1707.0
845.3
980.1
950.7
880.5
969.0
1066.8
1089.6
1069.0
959.1
857.9
968.3
1028.6
567.5
1178.6
1184.7
844.1
758.7
910.5
1184.8
1095.1
962.8
496.4
847.1
386.3
439.5
347.2
462.7
299.9
300.1
307.2
303.0
846.7
299.4
300.8
305.2
303.7
844.9
301.3
303.6
397.2
562.5
447.9
561.7
846.8
353.9
859.8
431.5
366.3
407.6
301.7
303.0
307.1
846.3
303.8
299.9
426.3
505.4
455.9
848.1
380.0
306.6
302.5
301.2
846.5
299.9
302.0
452.6
506.6
539.7
484.8
846.2
300.3
303.0
383.7
845.8
398.7
602.1
445.0
556.2
350.1
857.2
399.2
397.5
314.4
336.0
330.4
849.0
303.3
367.5
371.4
417.6
360.6
849.6
353.1
303.7
379.8
374.7
452.2
847.0
437.7
489.2
453.3
844.2
301.8
301.5
539.5
845.9
554.2
547.2
603.5
431.5
404.3
298.9
844.6
301.2
304.2
847.2
491.2
465.5
497.4
459.5
383.8
308.1
410.1
303.3
845.4
340.5
371.2
342.1
412.6
402.0
889.3
850.6
302.1
565.6
367.1
558.2
317.1
301.4
304.6
299.8
300.1
848.1
404.9
449.3
845.7
461.5
360.8
303.7
385.0
847.1
452.6
472.7
447.9
441.1
386.8
845.6
300.8
301.5
301.8
302.9
315.9
309.8
299.8
846.0
512.4
677.4
615.8
434.4
650.8
861.0
846.4
413.9
389.0
421.4
393.6
302.0
302.0
845.1
314.8
519.7
416.4
530.8
844.7
498.3
426.9
496.8
419.8
402.7
848.1
574.8
707.9
689.1
843.7
880.6
952.0
788.1
1043.9
845.5
848.5
1031.3
1045.1
1103.2
1075.6
857.2
555.6
938.1
478.9
301.8
410.3
414.1
418.5
589.5
845.5
400.6
697.4
736.2
738.4
846.7
747.8
787.9
870.8
650.6
846.8
725.5
726.8
457.5
405.4
843.7
470.3
548.7
345.5
301.1
845.9
366.1
302.4
361.4
431.4
310.0
845.5
437.8
303.5
845.5
453.4
531.6
488.4
503.9
650.8
378.9
301.9
845.1
339.5
320.1
434.7
491.1
456.8
394.8
846.0
346.5
550.6
429.2
870.3
400.1
693.7
758.2
788.7
847.7
1032.0
832.7
899.3
762.6
844.9
604.6
704.3
797.0
848.9
638.1
812.3
670.4
851.1
793.2
551.7
844.1
301.3
300.6
324.3
317.5
305.8
302.7
845.9
395.6
440.3
332.1
845.8
309.5
363.8
364.3
574.1
538.1
854.2
756.3
851.7
870.8
759.4
657.6
498.6
861.3
413.7
514.1
604.0
845.8
581.4
567.7
626.4
696.0
695.2
847.4
543.0
525.7
302.5
855.4
303.7
394.8
613.8
700.1
516.6
681.6
869.5
518.8
396.1
653.6
477.4
845.9
413.4
347.4
320.5
487.5
495.9
485.9
487.0
846.8
302.0
846.0
306.9
371.6
361.6
470.5
301.5
844.2
359.2
530.8
642.4
651.8
511.6
661.1
845.7
499.5
417.4
302.5
321.9
334.0
857.4
306.2
298.7
299.5
301.2
846.5
302.3
352.3
581.6
845.7
519.4
738.2
756.4
533.7
697.7
847.8
448.6
493.2
332.9
304.9
302.4
844.5
301.3
402.3
617.4
421.8
579.1
849.3
566.7
301.7
395.4
440.5
493.8
844.4
375.4
301.2
370.0
847.2
531.6
738.2
785.2
855.7
676.2
859.7
767.0
975.9
674.0
845.2
422.8
309.0
405.4
358.1
299.3
846.0
335.8
475.3
556.8
434.6
441.7
557.1
857.3
460.9
615.7
493.3
845.9
663.7
746.9
790.7
503.2
415.9
870.2
421.6
306.3
424.3
299.8
846.9
299.3
299.8
304.7
305.0
845.2
301.6
354.4
437.1
677.8
874.8
847.2
690.6
909.0
728.8
777.1
845.1
596.4
780.1
715.8
528.8
335.1
303.7
859.6
298.7
313.6
301.3
300.5
847.1
299.8
301.6
305.8
335.1
386.2
347.4
399.4
848.8
298.6
855.2
557.4
547.9
548.7
788.1
729.6
854.5
527.6
605.8
579.1
326.4
301.6
299.9
848.9
302.1
299.1
314.8
303.8
314.9
303.7
850.3
845.2
431.7
557.3
457.3
669.8
605.7
383.1
491.1
845.0
300.2
298.9
302.0
303.5
848.9
303.1
308.2
369.0
322.8
396.1
846.3
594.2
845.4
866.3
957.7
988.1
885.6
1047.2
862.1
1156.1
669.3
767.7
629.1
856.6
1082.7
620.5
1281.8
879.4
1214.3
1197.1
844.7
580.5
872.1
1105.1
981.0
872.8
842.0
777.4
840.7
835.1
756.3
333.1
308.2
406.6
847.6
434.5
305.8
579.4
529.6
847.5
303.0
301.3
359.9
302.8
347.7
310.6
844.7
454.7
538.1
469.5
337.3
848.1
301.4
846.4
413.7
512.2
475.6
408.7
303.9
301.7
846.6
372.5
302.5
365.8
529.8
513.9
846.3
649.1
813.0
816.5
846.4
427.6
601.4
632.2
380.4
301.1
845.0
308.9
299.7
300.4
375.8
412.7
853.9
664.0
599.1
433.1
397.0
844.9
425.3
507.9
497.2
382.1
856.5
558.4
651.0
605.9
700.4
493.0
537.1
848.3
301.3
306.7
421.6
846.1
488.3
643.5
732.4
809.3
419.5
536.2
423.9
846.4
299.8
484.4
594.7
845.5
742.7
832.1
869.9
798.1
844.9
846.3
933.8
997.9
880.0
1174.4
877.2
1080.7
751.7
587.3
846.2
624.2
726.5
738.2
860.3
835.7
856.7
511.0
922.3
818.8
889.7
304.1
846.0
381.0
342.4
361.5
328.2
300.5
309.6
845.5
301.0
302.0
299.8
846.8
300.0
301.0
303.3
301.4
302.3
847.3
301.5
300.5
323.8
431.8
404.0
378.1
533.7
845.9
385.5
306.9
855.4
301.5
344.7
384.4
345.8
458.3
393.6
910.9
302.6
414.4
315.8
445.7
304.8
844.3
300.3
851.9
907.8
918.0
868.0
1004.7
880.6
797.1
963.6
905.5
1015.5
752.3
304.3
845.7
340.0
321.5
347.9
299.6
301.3
303.0
849.9
326.9
384.1
317.0
393.4
339.2
847.2
443.5
517.7
659.3
856.9
759.9
799.1
805.7
846.5
698.4
775.8
644.4
743.0
871.0
809.4
918.8
862.4
980.9
972.7
858.0
882.3
780.4
928.5
401.2
301.1
844.2
323.9
486.1
506.2
567.1
573.5
586.6
845.9
607.2
366.9
303.8
316.7
844.5
299.6
309.9
303.3
312.7
353.5
333.0
846.6
299.9
301.3
856.2
302.5
449.5
536.5
514.2
424.7
846.4
354.8
311.8
336.8
299.8
301.0
844.9
371.0
410.1
497.6
409.4
845.1
299.6
303.0
303.4
301.1
303.6
847.2
402.6
302.3
422.1
339.9
393.5
366.5
437.1
846.4
301.3
844.4
299.9
301.7
302.5
369.7
339.3
374.5
847.2
299.9
301.7
302.4
844.5
450.9
513.7
518.4
424.5
452.2
854.6
416.7
448.9
440.2
301.6
304.6
847.1
378.1
375.1
449.0
409.5
845.3
511.0
542.8
453.8
403.6
854.1
660.4
724.3
761.4
869.7
845.9
884.2
925.9
966.1
648.3
533.2
673.3
845.2
300.9
302.8
312.9
307.8
312.5
300.5
846.1
301.5
299.6
388.9
844.7
439.1
383.3
432.9
420.0
421.7
479.8
475.0
848.2
355.0
381.2
401.9
856.8
329.0
369.9
404.7
325.3
419.3
844.7
303.6
304.0
300.9
853.9
398.8
486.2
423.4
470.7
483.6
856.5
419.5
423.2
303.4
304.4
846.4
300.9
427.3
433.2
845.0
301.2
318.1
426.1
405.4
432.9
845.6
694.5
689.7
567.9
590.3
299.7
332.6
848.3
438.1
406.9
300.8
306.2
303.5
846.0
368.3
355.7
423.9
435.6
425.3
857.3
376.7
482.2
646.7
530.5
856.4
445.0
466.2
301.5
302.4
846.8
302.3
301.1
411.5
416.5
533.3
845.8
598.8
697.3
622.8
687.8
855.4
611.4
640.5
533.7
517.6
846.1
450.6
574.1
465.7
645.2
619.3
338.9
844.3
387.4
852.7
308.3
304.8
368.2
380.7
314.0
303.3
381.4
374.0
845.8
479.1
372.5
398.6
329.6
853.5
584.6
673.2
729.5
734.7
688.9
616.6
845.7
