316.5
313.1
312.7
355.3
478.8
535.0
882.1
921.4
508.9
879.9
560.3
870.7
760.0
655.3
843.6
826.6
878.5
761.4
890.2
394.4
300.3
301.2
870.0
397.5
442.2
421.2
858.7
403.1
338.9
882.7
329.2
867.1
301.0
868.1
364.7
464.9
906.3
306.4
525.1
532.1
870.0
863.1
303.5
303.2
299.6
300.8
868.2
299.6
860.6
301.8
300.5
870.6
301.2
904.1
343.3
307.4
307.5
299.1
870.7
858.9
389.3
421.6
459.5
344.9
867.7
867.2
337.9
303.3
334.9
870.5
304.5
303.0
303.6
904.7
299.0
867.8
379.0
395.7
477.6
861.2
313.5
869.7
299.4
302.1
904.3
305.7
401.2
451.9
499.0
428.1
869.4
942.0
430.9
873.1
477.8
554.5
541.7
478.8
859.0
319.0
385.3
882.8
917.8
388.1
299.8
300.0
872.7
860.0
367.3
315.8
313.3
301.9
300.6
875.2
333.6
952.5
305.2
333.1
300.9
378.9
870.9
352.9
918.4
892.7
308.6
303.4
299.7
302.5
859.1
390.3
323.3
405.9
868.0
876.2
299.9
881.6
339.8
861.4
304.1
381.9
377.1
377.8
889.3
302.0
375.6
299.6
926.4
392.9
300.7
868.8
398.0
335.0
860.6
303.3
868.9
359.0
345.7
859.5
304.1
301.8
880.3
299.8
300.2
874.2
316.4
313.8
868.4
313.8
905.1
300.3
300.7
868.8
375.6
349.2
396.1
337.6
862.3
881.5
301.7
300.2
903.5
303.2
302.5
869.0
400.0
860.0
451.6
475.5
526.5
377.4
458.0
870.8
863.3
301.9
301.8
301.1
868.1
304.9
302.8
905.0
318.4
365.8
383.5
883.9
338.0
857.9
307.7
324.5
891.2
402.2
874.2
304.7
463.2
411.4
416.6
348.2
868.5
861.6
426.1
582.4
611.8
572.4
886.5
392.0
915.4
869.3
299.8
859.9
301.7
302.2
327.8
340.1
376.4
871.3
385.0
858.5
390.3
338.3
303.3
402.4
868.7
864.1
524.3
330.7
454.3
872.5
313.8
905.4
302.5
301.9
881.8
302.4
303.0
863.6
302.5
867.7
300.8
302.2
859.6
300.1
313.7
301.6
870.4
904.2
301.2
301.6
299.6
301.2
300.6
869.3
859.8
300.2
371.6
437.3
420.3
881.3
362.4
858.9
381.9
304.7
378.0
954.4
924.4
400.8
564.4
564.8
645.4
400.6
860.7
871.1
360.2
338.2
447.6
903.8
438.7
874.4
398.9
464.1
868.8
425.0
580.0
376.5
860.2
870.0
438.8
305.2
428.5
907.5
301.8
871.1
392.3
392.8
864.7
410.3
872.0
304.4
307.4
442.3
452.2
860.5
582.6
429.6
587.9
875.2
557.0
389.2
935.6
868.8
360.8
500.5
484.7
340.1
867.0
393.7
464.9
412.5
869.4
322.2
863.4
868.0
301.8
859.2
301.0
338.5
396.7
404.7
354.0
337.0
867.9
904.5
300.5
301.0
300.2
880.1
300.4
867.0
381.3
348.5
870.0
371.9
464.7
858.9
339.1
880.0
567.8
576.0
585.1
580.6
873.5
914.9
394.8
410.9
397.2
404.5
863.9
362.8
300.0
872.5
356.9
859.8
299.7
304.7
869.5
301.3
299.6
871.0
300.8
879.0
303.2
347.8
357.3
404.1
533.6
481.9
1058.7
374.9
869.8
901.4
299.9
868.3
861.7
300.4
301.1
302.5
345.1
423.1
405.5
351.2
872.3
904.9
300.4
877.5
375.4
375.3
457.6
857.7
300.5
359.7
882.2
387.1
859.3
567.8
641.5
499.0
703.0
869.7
686.2
508.4
868.7
881.4
306.0
370.2
382.2
903.8
300.8
872.1
303.7
389.1
389.7
317.4
871.6
413.4
869.3
377.7
864.0
527.1
506.9
561.3
484.8
869.0
411.9
914.6
870.7
305.3
301.5
299.5
304.1
857.8
300.3
868.1
301.3
862.7
303.6
311.7
352.6
387.6
453.8
551.4
872.4
325.7
305.3
915.1
329.5
877.7
323.4
300.4
875.6
881.3
303.4
301.4
858.9
299.1
299.8
869.4
302.7
299.4
880.1
300.4
301.4
867.8
301.7
360.3
359.2
904.7
299.2
884.3
470.6
551.8
471.9
606.8
858.5
395.0
361.8
880.5
300.0
863.6
311.2
870.5
300.8
300.8
859.1
302.0
300.9
303.8
299.2
868.9
904.9
302.0
312.3
337.5
387.9
869.7
350.6
874.3
300.7
880.3
326.9
863.8
301.8
302.0
301.2
869.0
361.5
388.9
442.4
904.8
420.6
304.4
868.5
452.8
427.1
865.4
300.8
867.8
303.6
870.6
475.6
402.2
603.0
624.4
655.4
411.7
873.3
862.4
443.2
386.7
905.2
444.9
448.5
967.8
404.6
415.2
435.9
388.4
876.5
871.6
311.1
370.5
871.2
417.0
385.3
392.5
859.9
868.2
864.0
303.0
306.7
301.6
307.8
869.9
381.5
458.2
524.0
425.8
908.3
869.4
309.2
303.8
865.3
301.2
300.4
425.0
300.9
870.9
415.9
859.0
311.9
879.2
417.8
917.7
526.1
444.3
582.6
602.4
316.2
863.1
872.2
347.3
302.0
868.3
300.9
861.6
303.7
308.2
390.1
874.4
389.8
401.0
408.4
315.2
917.3
867.9
482.9
446.3
466.6
875.9
382.1
869.7
389.4
489.4
500.7
391.0
859.2
869.0
864.0
301.2
430.8
444.2
401.7
316.7
414.2
301.8
871.2
301.9
903.9
880.7
301.1
862.7
385.4
301.0
531.7
468.3
447.4
432.7
869.5
858.2
353.3
507.8
447.4
542.1
889.1
352.2
862.5
876.0
338.6
303.4
355.5
916.0
437.3
547.7
484.7
871.7
461.0
321.0
863.2
870.0
324.3
859.4
310.3
340.6
330.2
299.8
305.5
884.9
303.0
862.2
306.1
875.2
309.2
303.9
912.6
304.6
301.3
299.8
878.2
305.2
858.5
456.5
360.7
301.3
445.9
875.2
465.2
860.2
327.0
904.2
373.4
465.9
462.0
919.8
405.3
868.3
307.3
412.7
861.3
414.4
333.4
299.7
869.8
858.9
299.8
601.4
813.8
743.8
663.1
868.5
739.6
640.5
904.5
876.5
307.3
872.4
302.8
299.6
300.6
868.8
301.3
301.1
301.3
870.7
881.5
387.4
322.1
408.4
343.7
906.7
396.8
465.2
511.6
540.0
870.5
474.2
867.7
313.7
895.4
305.6
313.3
306.1
878.9
871.5
452.8
509.3
510.1
448.2
368.5
904.5
872.3
859.9
302.1
299.4
300.7
871.1
302.2
515.9
487.4
318.8
863.5
300.0
868.4
304.3
885.7
301.6
299.6
300.0
870.8
302.7
300.4
904.8
300.9
870.5
300.1
302.5
863.2
312.7
386.7
321.0
405.0
867.8
858.3
302.2
304.2
299.7
870.5
301.8
313.3
906.5
309.3
303.0
869.5
863.4
298.9
299.8
301.7
299.4
867.4
303.8
302.6
903.9
299.2
408.9
880.2
405.8
384.9
873.7
871.7
300.4
301.7
300.5
300.8
886.2
510.5
867.9
313.4
874.3
314.0
314.7
406.3
300.2
871.3
439.2
428.9
904.2
300.9
302.0
869.0
305.2
301.3
867.4
341.1
312.7
879.5
340.8
301.0
871.3
304.6
304.0
304.5
880.0
877.0
490.1
404.7
565.6
433.6
442.6
869.0
905.7
332.3
403.5
358.8
869.5
863.9
300.6
300.4
299.8
315.7
301.8
869.2
858.0
301.5
870.4
391.5
330.7
360.7
915.1
341.8
868.1
361.6
399.9
399.6
867.7
301.8
336.4
869.0
305.4
331.3
864.1
300.5
302.4
888.7
865.7
301.7
301.7
300.6
313.2
868.0
500.0
453.6
352.4
911.1
302.4
311.5
886.8
863.0
302.6
316.2
420.2
408.6
868.8
860.7
301.1
300.2
304.2
869.5
904.9
328.0
352.2
383.3
299.1
871.4
861.0
300.7
301.4
313.5
867.3
300.6
302.5
299.7
905.0
302.8
301.8
343.1
340.3
869.2
869.6
318.6
302.0
317.0
304.1
902.8
875.3
882.1
312.8
302.1
306.0
312.5
905.9
300.6
312.9
386.2
450.1
869.8
883.6
395.9
471.5
414.4
878.8
859.2
455.2
403.7
879.7
323.6
439.0
421.7
413.5
860.8
304.7
302.5
910.2
913.6
299.2
299.4
300.6
873.6
339.5
322.2
860.1
309.5
869.6
385.7
340.7
433.0
858.6
545.2
509.5
528.4
871.1
602.0
494.3
909.6
880.0
