310.8
491.7
555.9
536.8
693.5
881.3
661.4
568.0
916.9
968.3
919.9
879.1
1005.9
813.7
874.9
1076.3
1043.7
1057.3
612.2
1180.6
637.3
386.5
561.4
463.5
871.0
719.2
866.8
815.5
906.0
576.7
469.2
606.1
377.4
870.3
478.4
858.3
576.3
596.7
694.5
702.0
587.3
879.2
299.4
860.0
414.8
391.3
424.2
411.2
300.3
302.5
302.9
874.5
357.4
904.7
303.3
372.8
348.4
334.2
300.4
868.4
556.5
610.3
650.9
711.2
596.1
870.2
415.0
315.6
378.9
869.3
304.5
337.9
303.6
904.7
303.2
301.3
301.7
308.3
868.1
300.5
305.6
863.0
314.5
308.9
313.0
484.2
446.8
869.1
440.6
582.4
499.0
915.1
302.2
305.1
301.3
313.5
870.4
444.4
524.7
569.8
880.3
396.9
364.4
365.4
299.9
301.0
897.1
300.9
905.2
307.0
419.9
457.7
340.6
304.5
880.3
420.2
453.2
614.4
857.9
611.0
491.5
562.8
455.1
870.2
301.1
303.6
413.7
468.7
451.7
908.1
360.7
336.7
868.2
303.1
877.7
302.0
304.8
299.4
302.7
419.7
411.3
880.0
375.3
309.5
407.8
325.1
326.6
903.6
869.1
826.9
860.8
868.8
965.6
1158.7
1231.7
1314.8
1328.5
1336.5
1104.2
852.9
922.9
1012.4
667.3
758.5
519.3
337.5
339.1
329.1
871.9
300.5
357.7
873.4
465.6
535.1
450.3
623.6
366.1
891.4
300.9
324.8
904.2
360.8
434.6
361.9
403.8
869.1
528.2
592.0
683.3
870.8
744.2
554.8
583.6
300.3
300.8
299.1
881.5
301.1
858.1
301.2
364.2
425.7
432.1
487.3
870.3
377.7
449.4
472.8
449.2
906.7
362.7
321.1
400.2
580.7
456.7
882.6
870.8
554.8
652.8
653.7
904.4
860.3
869.5
843.7
877.6
621.9
676.5
423.2
339.7
873.4
437.9
488.6
434.8
546.2
905.3
537.9
708.5
744.5
670.0
874.0
636.2
722.7
549.4
858.2
769.9
737.2
675.0
386.3
362.2
356.6
868.1
301.8
370.5
861.7
361.4
299.8
302.0
300.7
878.8
309.6
305.0
299.7
302.5
905.7
301.3
302.9
300.4
302.9
301.1
869.7
860.2
300.6
300.7
356.9
347.0
393.1
327.5
869.4
546.6
903.8
481.4
572.7
457.2
480.8
558.1
572.3
869.2
859.5
510.7
820.7
553.1
750.8
468.8
493.8
869.9
388.7
869.6
354.7
539.8
687.7
717.2
443.3
570.9
869.8
476.1
368.8
914.5
502.5
527.4
391.8
399.5
434.4
869.3
335.1
859.7
330.3
328.8
366.1
553.0
486.5
593.3
870.1
667.4
605.5
858.7
693.6
609.6
518.8
303.3
303.2
436.6
414.5
870.9
904.7
464.2
543.7
632.1
403.2
415.7
880.0
306.3
306.1
858.0
429.7
643.0
661.3
629.8
720.3
871.4
481.6
513.4
423.4
905.6
505.9
376.8
305.1
306.1
874.3
424.4
497.7
449.9
375.3
866.5
302.3
879.3
422.5
374.2
363.0
300.9
916.5
346.1
303.0
363.7
383.2
380.1
374.5
872.0
314.0
415.1
858.2
307.1
345.3
299.0
299.3
881.2
299.5
302.0
905.0
301.7
486.8
453.7
506.1
668.5
873.3
641.0
722.8
859.8
577.3
345.3
376.9
868.5
304.1
299.8
916.6
525.1
741.1
741.9
537.3
685.0
525.6
880.7
300.3
313.7
385.3
455.1
869.4
360.4
306.0
301.4
372.2
880.2
858.0
543.6
932.1
823.6
897.1
964.1
654.5
627.1
868.4
304.5
386.1
378.1
916.0
300.3
303.0
302.9
311.2
422.0
389.9
869.3
359.7
859.1
352.4
435.4
462.0
652.7
869.6
450.4
692.8
487.4
903.2
336.2
305.1
302.1
300.1
869.9
307.0
873.5
302.5
301.3
301.1
301.9
338.7
426.6
870.7
583.1
757.5
905.3
803.6
654.0
803.8
690.8
530.3
496.0
868.2
378.6
301.6
866.0
302.9
315.9
301.8
302.6
875.1
307.6
299.0
906.2
312.1
301.3
301.9
301.0
301.1
880.9
300.1
303.1
869.4
481.2
474.5
666.5
628.8
612.7
426.3
869.8
434.3
387.9
301.6
903.9
370.3
302.4
302.3
869.7
315.1
302.0
304.2
453.6
443.5
869.3
301.8
306.4
406.4
429.8
874.2
387.9
373.9
936.0
299.5
301.2
869.5
301.2
304.0
300.8
859.9
443.1
414.8
505.4
420.0
484.6
868.8
429.0
487.4
485.6
977.8
300.3
301.2
308.7
874.6
474.8
521.1
730.5
711.6
666.8
883.1
761.5
496.6
340.1
867.3
366.5
612.4
614.9
334.9
879.0
433.6
461.0
463.4
867.8
904.2
299.6
302.7
388.6
356.9
442.4
405.8
414.4
882.9
859.3
302.2
302.2
339.6
360.4
376.7
489.5
467.4
870.2
507.0
467.0
333.2
906.0
329.7
321.9
314.8
303.0
881.4
434.4
303.7
423.7
871.4
299.5
301.9
361.6
867.3
417.3
712.4
773.0
793.5
801.6
910.2
454.5
393.6
307.4
881.6
304.4
917.7
308.6
301.8
299.6
310.8
335.8
331.9
301.7
316.7
882.9
306.0
905.1
307.8
437.8
433.9
303.8
868.9
457.8
581.6
596.8
583.8
452.6
859.1
868.3
301.5
302.2
470.4
525.6
905.4
596.0
654.8
749.0
389.4
475.3
873.6
299.3
857.8
539.8
516.8
611.1
503.6
741.6
868.4
773.4
538.2
876.8
557.3
802.9
896.2
826.7
881.4
757.0
595.1
414.1
383.6
915.1
635.2
706.3
722.3
688.5
841.2
870.3
681.7
484.3
861.3
507.9
301.2
303.7
326.0
311.8
308.9
872.1
301.8
306.2
859.5
302.4
301.9
300.5
300.3
882.4
301.5
916.4
300.5
300.6
301.5
349.7
303.6
344.0
303.6
879.6
441.4
473.5
424.8
860.1
356.1
366.4
381.0
876.0
377.7
503.0
386.3
907.6
336.8
300.5
341.4
310.3
868.2
304.4
860.5
699.4
800.7
800.1
911.2
873.6
890.3
997.3
861.3
862.7
906.5
705.3
404.8
304.3
302.1
302.1
871.1
307.2
305.0
301.9
903.4
302.1
388.1
301.6
377.2
879.1
544.1
859.2
535.7
763.6
628.7
862.1
816.8
868.1
816.2
703.2
905.3
781.9
702.2
890.8
819.3
869.7
879.8
767.0
875.5
971.9
655.1
859.1
900.4
366.9
307.7
886.7
301.4
360.2
641.0
635.7
567.1
485.7
904.8
332.2
301.6
869.1
302.7
333.6
306.6
859.3
325.4
302.2
302.0
301.7
873.2
301.8
303.7
906.3
303.1
363.6
470.7
412.8
468.3
870.1
301.8
360.0
358.6
858.8
304.7
311.4
359.8
302.7
355.9
881.5
300.2
916.0
391.7
331.2
340.8
301.0
302.4
302.0
880.6
350.4
339.7
315.1
315.7
860.6
301.5
303.9
871.9
309.4
308.5
914.4
365.9
352.4
440.0
301.0
869.3
302.9
302.9
858.4
483.5
446.5
542.1
425.0
341.1
301.8
882.1
303.6
330.4
915.2
302.8
338.4
359.9
303.0
354.3
870.0
445.0
397.8
391.8
558.6
871.4
590.0
347.2
868.6
765.9
857.8
863.9
670.3
800.0
685.2
552.7
571.8
501.5
868.7
403.4
445.7
477.4
437.0
904.9
367.8
301.2
306.3
868.9
386.0
423.6
871.1
383.5
429.7
347.7
303.0
340.2
873.4
302.6
445.9
864.4
395.6
329.2
302.3
305.3
301.8
302.7
881.0
905.6
422.0
378.6
433.9
373.5
309.6
300.3
349.9
384.0
869.6
859.6
354.3
421.8
336.5
326.5
382.4
308.0
494.6
867.9
910.0
301.3
316.3
307.7
311.1
871.1
486.5
498.9
482.4
525.2
332.3
862.0
303.6
303.6
302.5
879.0
310.5
303.4
302.5
918.6
328.8
345.8
395.5
314.1
880.4
412.1
478.5
869.0
472.2
722.3
737.4
435.6
869.4
302.2
300.3
302.4
918.6
403.9
303.7
433.2
302.3
543.3
870.4
456.1
503.0
611.4
860.3
469.3
348.9
611.7
530.0
870.4
449.2
517.9
441.0
567.8
869.5
647.8
370.8
341.0
868.5
304.2
406.8
363.7
903.9
335.9
302.4
320.8
311.0
869.1
377.8
472.4
423.3
324.3
858.2
507.9
415.3
578.0
459.1
564.5
868.9
864.0
