312.3
332.6
434.9
485.4
510.7
627.6
880.4
919.6
927.3
862.4
1037.4
886.2
898.6
884.0
1017.3
946.7
1066.7
1015.2
1033.4
607.6
345.2
300.0
868.5
869.1
608.9
598.2
660.2
677.0
880.2
649.2
411.5
553.6
361.0
470.4
860.4
362.7
473.8
616.0
540.5
484.7
869.6
906.0
300.9
306.9
299.9
300.9
869.3
301.1
860.8
301.1
303.1
302.7
299.4
869.0
299.6
305.6
307.4
920.4
308.4
309.8
440.8
387.2
432.8
376.0
874.3
871.3
340.5
303.2
338.5
886.5
313.2
345.6
870.1
322.7
300.5
301.6
301.2
301.7
869.9
300.4
300.7
903.5
301.7
301.3
306.4
869.1
492.6
563.4
540.4
518.1
691.1
864.0
300.2
376.6
875.8
499.4
906.4
591.0
531.7
552.3
327.7
869.8
436.5
371.8
459.3
858.7
375.1
369.4
329.9
372.2
868.3
402.6
362.9
353.8
867.7
332.0
300.1
359.8
429.2
869.3
419.2
569.4
568.1
915.5
301.5
424.4
871.4
534.2
859.4
483.1
532.7
540.1
423.7
883.8
301.4
868.9
301.7
301.1
302.4
377.7
384.1
390.6
881.0
321.7
431.6
335.1
336.9
904.4
317.5
338.2
355.9
379.7
868.7
871.0
302.9
346.1
335.4
880.3
314.0
480.9
905.2
483.6
369.5
354.1
340.7
301.8
871.0
322.5
858.2
300.5
301.6
303.2
300.4
323.6
337.8
349.4
868.9
905.0
303.5
304.8
300.6
302.2
299.3
338.4
1093.2
859.0
444.5
512.4
463.8
425.9
442.9
879.4
906.5
329.3
352.9
361.7
300.6
300.5
870.3
493.5
504.5
881.5
485.8
491.5
451.8
921.7
523.5
426.5
435.4
299.0
1024.6
429.1
428.9
448.1
531.7
875.1
916.3
528.3
766.3
783.6
788.0
880.5
866.1
909.1
703.3
944.3
725.2
475.5
300.8
871.5
323.5
358.4
403.9
420.5
875.0
382.6
440.2
598.4
868.2
917.9
578.8
631.2
613.9
625.8
460.8
352.9
301.8
881.7
874.7
318.4
424.3
407.1
301.5
874.6
863.5
370.5
301.8
368.7
299.7
299.8
301.2
300.7
869.2
908.3
423.2
319.9
502.1
445.0
408.9
870.1
301.1
301.8
857.8
341.2
420.4
525.7
403.4
302.4
872.4
408.0
435.7
425.6
860.5
540.4
479.7
657.4
682.5
868.7
905.9
573.1
592.2
544.2
353.7
474.8
870.0
325.6
877.5
454.0
531.3
571.7
498.4
352.7
869.7
858.7
300.8
301.8
368.5
381.0
325.4
870.3
917.9
501.1
479.1
498.3
468.4
302.5
303.4
880.6
607.9
632.3
549.5
859.5
736.6
658.8
552.1
404.5
869.6
865.8
533.8
594.2
540.1
674.3
425.3
868.8
827.8
443.5
789.3
676.8
906.4
548.7
299.1
870.7
869.0
591.2
522.4
806.4
802.1
826.6
684.4
484.6
870.4
441.1
496.8
859.7
346.9
301.6
420.9
869.8
469.2
482.3
481.2
444.7
903.8
315.3
395.4
897.4
313.5
381.3
299.0
857.9
323.3
303.6
339.0
300.4
322.8
302.3
881.2
340.5
904.0
334.4
301.0
299.1
871.8
302.2
309.3
869.2
300.7
304.2
301.6
300.6
869.0
859.1
669.5
696.4
696.2
625.7
550.2
304.7
868.2
301.2
904.8
301.9
300.5
302.3
326.6
437.0
411.3
350.9
871.0
384.9
916.3
365.8
300.7
308.6
306.2
878.4
305.0
307.4
875.5
301.7
380.5
705.0
870.9
721.3
741.4
858.3
645.4
668.8
564.9
870.2
302.7
383.5
379.8
911.8
306.9
313.0
303.7
323.6
338.4
449.1
868.5
423.4
860.6
339.8
351.5
330.0
521.1
868.7
665.3
525.1
859.8
428.5
871.2
301.0
300.8
302.8
299.7
905.6
312.2
301.6
302.6
871.3
372.7
376.0
859.7
643.8
590.3
645.7
613.6
870.6
792.2
572.1
903.8
602.2
514.9
623.8
411.8
878.7
300.0
305.0
869.8
321.7
377.9
353.7
300.0
870.5
863.4
301.0
301.9
306.5
372.2
371.3
303.0
299.2
870.3
471.8
904.7
446.9
674.7
663.3
643.5
405.4
474.5
883.6
315.9
859.6
350.8
341.2
299.5
869.1
916.8
306.5
511.5
501.5
412.1
400.0
870.4
457.6
386.5
525.0
859.0
565.8
361.6
591.0
307.5
867.3
305.7
904.1
324.0
302.4
299.1
302.1
386.8
408.0
367.1
870.8
391.1
859.8
412.7
449.6
429.7
878.2
301.3
300.7
915.6
302.4
375.6
554.1
606.4
638.9
680.8
870.8
857.6
442.3
559.7
382.9
313.3
341.6
879.6
380.7
858.9
558.8
550.1
451.7
560.4
869.3
341.8
307.6
427.6
915.5
525.2
493.2
380.3
870.1
861.4
311.0
302.6
329.2
352.2
376.7
505.9
499.6
485.0
878.6
489.2
323.6
907.8
309.3
876.8
325.0
310.3
327.0
319.7
859.1
350.0
374.9
424.5
870.1
904.8
546.3
553.7
879.9
899.7
897.4
905.2
917.9
468.8
603.1
380.2
871.1
301.2
299.8
299.0
868.9
448.7
907.4
578.0
635.6
578.8
581.7
426.9
869.4
396.8
865.8
660.9
399.4
685.8
568.8
382.2
423.6
396.9
301.4
321.1
872.1
859.8
299.5
304.7
464.5
870.7
529.1
545.3
529.2
389.7
904.2
339.2
880.2
300.9
865.9
450.4
539.7
539.0
720.8
542.0
871.3
778.2
861.6
770.3
854.7
751.1
614.5
749.1
868.8
456.1
313.2
877.7
307.4
319.8
351.4
417.9
868.5
718.4
476.7
562.8
715.9
905.8
419.4
309.6
870.9
347.8
446.8
487.6
356.7
881.7
344.6
300.9
867.8
299.6
301.9
908.7
300.3
302.9
320.5
303.7
300.0
871.9
318.2
861.9
400.0
593.2
546.2
405.9
465.3
336.0
876.7
359.9
302.0
903.7
353.5
304.0
344.0
302.9
883.3
859.8
326.8
403.0
392.8
347.0
868.7
303.5
857.9
501.8
870.0
801.3
857.5
1080.0
1083.3
908.8
1024.3
862.0
1176.8
770.0
407.0
300.4
301.3
876.9
860.5
303.8
325.7
316.5
301.6
882.0
368.3
391.9
370.8
378.6
906.8
414.4
485.7
764.1
869.7
779.0
806.6
869.3
774.6
471.9
626.7
412.7
494.7
874.5
865.0
558.0
698.6
694.1
761.4
580.4
472.5
868.9
903.9
327.1
309.9
301.7
300.6
300.6
375.0
426.8
466.0
885.1
491.3
870.2
334.7
303.7
868.9
333.2
307.3
343.3
909.7
301.8
308.4
305.6
870.0
299.8
301.5
869.7
301.1
356.4
380.6
370.4
868.9
370.0
303.6
862.0
418.6
353.9
306.5
310.1
337.3
397.3
373.8
893.2
910.0
313.8
305.2
306.8
299.7
874.3
858.2
548.4
436.3
377.0
392.1
309.0
308.8
883.2
301.8
303.1
859.6
319.3
300.8
301.9
389.3
872.4
338.0
320.9
906.5
305.5
319.5
356.8
873.1
437.5
384.2
457.5
340.9
858.3
300.4
312.7
880.7
300.0
301.7
912.2
303.7
423.1
423.9
396.3
355.4
869.2
368.0
371.4
322.1
859.5
362.6
556.0
677.1
526.9
476.1
876.9
878.2
706.1
348.4
436.8
870.6
869.4
299.5
343.2
536.4
406.4
487.7
335.4
884.3
300.0
300.6
904.6
361.3
318.6
374.1
373.7
871.5
383.2
386.8
377.3
302.0
861.6
300.2
306.3
302.7
302.9
868.2
414.0
370.4
408.6
921.1
300.6
302.2
870.8
858.9
564.1
593.2
580.8
612.8
436.9
328.4
302.2
868.2
875.9
301.7
304.2
304.3
302.5
870.2
905.7
306.9
337.1
393.1
424.6
304.2
423.3
304.6
417.3
858.5
873.6
298.7
302.9
302.5
303.1
869.9
302.2
317.1
302.9
904.4
319.1
381.4
364.8
302.7
874.0
406.2
500.4
861.6
506.3
579.5
351.2
868.4
915.2
306.7
428.8
498.5
408.3
432.7
304.3
390.2
558.9
861.6
881.3
621.9
703.0
694.4
869.6
612.3
478.7
502.9
555.6
860.2
379.7
361.6
368.7
355.5
870.4
302.4
417.1
905.2
428.5
302.7
306.4
302.6
869.5
306.5
858.1
388.9
498.4
419.9
300.4
302.2
350.5
869.0
905.7
425.7
414.8
573.1
695.8
656.9
881.9
879.1
