311.4
428.8
663.6
569.0
688.5
762.9
882.1
815.1
924.3
810.6
1015.1
881.5
1021.4
887.3
1158.7
1132.0
1069.2
1302.9
1165.2
774.3
763.8
653.0
728.9
742.4
738.2
880.2
856.6
861.4
866.0
608.3
830.6
720.7
834.0
811.7
871.9
748.0
739.8
904.8
842.3
712.9
830.2
618.6
340.2
300.2
867.8
306.7
300.3
300.1
858.1
300.3
306.9
299.7
298.9
868.9
300.9
303.9
301.1
301.2
903.7
301.4
372.4
469.9
498.1
457.4
868.3
356.5
859.9
419.3
343.7
414.3
300.7
301.5
302.5
869.5
300.9
302.5
915.2
376.3
477.8
459.5
363.4
300.0
868.1
304.7
300.4
859.4
519.3
518.3
494.8
592.7
500.6
871.8
300.6
300.6
306.1
907.3
504.1
554.8
520.3
554.6
370.6
356.4
869.6
391.1
300.1
355.2
315.8
858.2
300.9
304.4
328.7
330.9
303.2
894.9
859.4
389.4
472.0
557.4
506.7
384.0
507.4
576.1
878.9
906.7
542.4
429.1
472.3
630.8
553.2
475.3
365.5
436.0
881.7
302.4
862.1
319.1
305.3
299.6
301.7
302.7
306.5
869.5
439.7
915.9
343.7
465.7
324.5
318.1
324.0
391.0
869.2
325.2
404.3
860.0
304.7
437.7
436.0
299.5
878.9
301.6
302.2
302.6
301.3
907.4
299.5
328.5
307.0
320.2
868.8
300.4
871.2
392.6
415.8
486.5
515.4
607.2
398.0
954.1
305.4
403.4
910.8
408.0
511.1
411.6
413.1
316.2
571.6
462.9
869.0
592.6
544.9
539.6
877.9
319.6
301.9
309.1
300.8
870.0
299.1
484.0
529.8
431.1
903.3
539.7
395.5
869.3
397.5
406.0
403.2
861.0
381.6
557.1
572.7
690.0
668.7
641.9
872.2
860.0
747.4
872.8
858.3
737.5
867.8
965.3
1046.6
744.6
379.2
916.6
374.4
300.2
374.9
485.0
538.5
406.9
498.9
870.6
524.9
521.8
535.8
859.9
456.0
676.2
543.7
518.1
880.1
600.9
368.6
903.8
462.6
432.5
480.4
445.1
300.7
303.4
879.7
305.5
300.6
861.2
315.9
304.5
306.6
318.6
330.6
877.6
395.3
541.7
633.6
909.3
718.3
597.2
428.0
328.5
341.3
422.9
868.7
364.7
539.6
859.6
530.9
438.5
429.5
382.8
876.6
445.5
748.6
773.3
871.3
894.5
834.8
851.9
884.7
780.7
569.0
897.9
476.3
871.9
904.8
570.5
479.7
733.2
675.7
434.1
875.5
857.9
300.7
348.1
488.1
542.4
468.8
371.4
368.7
869.8
342.9
400.4
903.7
304.1
356.2
347.5
379.2
456.9
627.0
869.8
602.4
859.6
571.1
716.9
729.3
537.1
302.2
303.0
413.5
394.8
869.0
916.5
515.9
532.1
623.6
410.3
407.5
882.6
303.7
858.6
301.1
406.2
625.6
722.5
710.3
679.9
870.8
587.1
427.4
437.8
460.8
861.2
305.9
305.1
355.6
414.4
869.5
470.6
587.1
479.6
906.2
310.8
301.6
361.0
324.3
375.0
879.2
859.3
370.7
301.4
488.7
582.6
529.2
461.3
349.9
300.5
873.7
305.6
330.0
904.1
321.1
302.5
302.7
299.4
315.0
871.0
302.5
353.3
414.4
872.2
532.8
480.4
658.1
670.4
873.4
302.3
479.1
503.1
378.9
2004.4
300.6
305.3
302.9
319.9
441.1
392.3
361.2
881.5
859.9
299.8
301.9
302.5
302.1
300.6
868.5
305.9
408.6
904.6
306.6
794.6
701.5
873.2
881.7
845.6
690.6
869.4
715.3
726.2
300.5
300.7
302.6
299.5
873.3
366.5
903.6
592.6
591.0
552.5
545.7
601.9
390.6
891.5
595.4
808.8
942.7
760.1
954.4
653.7
906.1
433.3
870.7
299.1
310.8
302.4
301.4
904.5
303.6
301.7
306.7
301.7
870.2
301.0
390.9
548.1
873.1
639.4
737.5
848.0
679.4
870.3
605.6
456.8
508.8
914.2
675.2
329.2
545.8
316.7
302.4
305.1
868.8
382.6
396.6
943.7
312.3
303.1
301.8
301.6
301.1
299.9
870.8
300.0
311.7
904.8
487.6
444.5
534.7
664.4
631.0
413.5
879.3
474.9
317.4
867.5
346.0
336.3
299.5
299.3
869.6
303.1
308.5
398.3
419.1
368.0
917.9
423.0
364.8
417.4
357.1
344.3
868.9
335.3
869.4
299.1
301.4
301.3
301.1
870.0
299.6
904.6
536.3
544.9
558.8
742.7
624.1
589.6
451.6
527.7
884.0
857.3
299.5
302.8
301.5
303.8
537.7
711.4
870.0
669.1
818.5
745.9
915.6
682.8
711.3
421.3
459.6
438.3
310.7
868.6
862.3
574.5
509.2
558.7
565.8
880.5
299.6
301.5
417.4
437.1
480.4
904.2
635.6
404.1
611.0
301.2
881.8
357.6
302.4
342.7
860.1
352.0
387.6
574.6
579.7
348.9
867.8
301.8
914.6
455.5
432.0
533.7
432.8
382.8
301.5
870.9
302.1
300.3
419.5
859.8
569.0
686.2
625.0
699.3
770.7
869.0
420.1
375.5
305.1
905.3
300.1
323.8
299.3
299.6
869.0
401.2
352.0
516.1
503.4
452.8
549.6
1003.1
878.5
486.9
538.9
534.1
467.6
917.3
442.5
623.7
708.3
692.9
526.0
510.5
883.9
300.9
302.6
858.0
440.4
498.2
433.6
524.9
345.5
303.1
879.7
323.5
905.8
304.0
513.4
520.6
505.0
705.7
566.6
877.9
688.7
884.7
856.2
802.8
723.6
818.0
741.8
664.8
882.6
335.9
340.6
904.0
333.5
465.3
544.3
503.7
684.7
784.0
872.8
721.1
454.3
868.5
511.6
302.1
344.4
300.9
333.1
310.9
871.2
300.8
304.1
859.0
302.2
301.6
301.8
302.2
870.7
301.1
302.4
304.7
300.0
904.5
300.9
353.8
332.8
341.2
395.3
406.2
880.7
397.2
326.3
860.0
304.5
358.7
310.6
362.3
302.2
870.3
401.0
865.8
368.8
390.7
363.2
304.1
301.0
878.5
602.6
905.3
828.5
867.6
830.5
870.0
769.9
1041.4
1038.1
907.9
381.8
874.8
301.2
304.1
356.6
350.6
299.1
300.7
870.7
303.2
904.3
378.0
523.0
425.4
568.6
451.7
379.4
486.4
574.8
892.7
806.3
799.9
739.9
964.8
450.7
391.9
879.9
736.6
642.3
916.8
850.8
935.6
888.3
1095.4
653.3
963.2
834.1
871.2
300.3
860.8
300.9
327.1
340.0
489.8
381.9
542.7
420.3
870.2
303.2
302.3
904.9
301.9
301.1
307.6
313.8
301.8
303.1
870.2
300.9
859.7
303.4
303.4
299.6
377.3
430.1
442.4
417.7
870.0
965.9
380.5
302.6
424.3
341.7
301.2
303.2
342.1
867.8
398.8
375.0
859.5
300.4
299.2
303.1
300.6
882.6
394.4
389.7
905.6
457.2
519.6
568.2
444.4
380.1
323.6
870.6
299.3
858.7
301.2
302.2
301.9
374.1
367.5
300.1
869.0
307.3
301.4
907.3
410.4
509.5
487.6
456.0
312.2
301.5
868.2
303.5
331.9
858.9
309.7
334.4
362.6
301.7
354.7
869.4
324.6
392.0
321.9
504.3
908.0
412.0
484.0
613.7
680.5
885.4
657.3
650.7
878.1
669.8
488.0
488.2
473.3
879.4
310.3
465.0
401.2
389.4
369.3
860.9
324.5
300.5
299.8
320.2
872.6
301.5
318.3
552.2
1035.1
333.2
307.4
303.1
302.6
302.0
903.4
334.4
857.9
406.3
382.5
494.4
362.1
300.4
881.5
300.3
303.0
301.3
915.0
371.1
521.1
444.7
356.8
399.2
867.9
348.4
301.6
860.4
305.2
307.6
422.2
322.6
395.3
876.8
303.8
302.2
302.9
300.2
914.5
425.0
442.2
435.8
425.5
883.3
301.0
345.0
860.2
437.0
410.4
299.9
302.6
302.6
880.0
412.2
507.6
482.2
484.1
910.7
614.1
453.8
606.7
517.8
370.6
352.8
881.4
869.3
302.0
300.5
304.3
302.5
314.8
322.3
366.3
869.5
524.3
904.0
607.3
526.2
537.6
420.4
879.8
548.4
449.8
451.5
860.4
379.4
540.0
480.3
711.5
535.5
339.3
319.0
867.9
920.8
307.3
329.0
354.1
372.9
321.8
317.5
321.3
871.1
858.2
484.2
473.8
466.8
556.3
389.3
431.9
630.9
682.5
530.2
619.4
870.1
904.7
