311.9
311.9
301.5
311.5
384.1
410.8
882.5
925.0
407.7
463.2
1042.3
485.4
875.3
513.8
695.5
700.2
898.8
302.1
873.8
1041.8
302.2
301.3
305.1
346.1
871.3
400.6
439.3
347.7
860.9
870.0
301.3
307.2
309.7
880.9
916.2
434.0
380.7
428.8
370.2
959.0
873.1
881.4
307.0
307.6
300.5
302.4
869.7
299.8
866.4
301.5
303.4
872.6
905.8
320.0
300.9
305.9
305.9
882.3
301.0
307.3
870.4
471.8
314.1
473.9
861.0
869.0
300.3
303.6
922.7
300.9
869.4
300.7
301.2
871.1
300.1
302.6
870.6
307.1
314.5
869.1
299.4
870.1
299.5
301.2
880.7
300.7
421.3
367.6
374.6
872.9
908.5
871.9
307.1
303.6
300.7
332.9
438.3
870.4
447.3
869.4
357.2
303.1
872.1
344.8
302.0
871.1
299.9
871.1
340.6
301.2
903.8
371.6
324.9
884.6
378.2
301.2
869.7
412.9
303.1
384.3
861.8
353.8
882.4
876.7
301.0
302.6
299.0
301.6
894.8
301.6
303.8
896.5
904.6
300.3
873.4
300.8
300.0
858.1
307.4
419.8
411.4
871.0
313.4
300.3
301.7
893.0
302.2
303.6
904.0
302.3
868.9
310.5
864.0
869.5
306.5
349.7
336.4
871.5
311.1
379.5
972.2
306.8
385.7
869.0
341.5
302.5
908.7
325.5
870.3
301.6
300.8
302.2
875.8
327.8
304.8
320.8
860.0
870.8
301.4
915.7
385.7
424.5
330.3
869.1
317.8
340.7
907.6
588.8
316.1
552.7
859.5
875.7
320.9
875.5
303.0
311.7
307.1
879.4
300.8
441.8
363.7
388.1
890.2
907.6
313.7
302.4
887.2
324.6
864.6
872.7
444.9
348.8
509.6
411.7
390.9
886.7
871.8
405.2
420.3
468.6
509.8
958.9
539.6
390.0
864.3
953.7
299.4
933.3
301.3
921.5
329.3
302.2
330.0
397.8
889.8
862.6
454.5
502.2
545.8
869.7
386.2
316.1
414.0
357.2
904.7
877.1
310.5
904.5
307.2
301.7
904.2
300.3
304.0
904.2
301.4
873.3
300.7
300.6
860.0
302.2
302.5
300.6
870.3
858.0
301.7
467.6
462.0
303.9
867.9
880.7
304.6
303.3
314.2
302.2
906.9
405.1
933.6
895.2
364.2
446.5
440.5
878.4
1029.9
509.9
594.1
522.3
616.5
424.7
862.8
317.8
899.1
324.6
429.6
907.2
471.6
873.8
420.1
881.4
489.7
593.4
367.1
358.2
859.9
868.4
335.1
309.2
337.6
858.3
302.0
872.6
309.4
436.1
874.7
421.5
907.5
301.6
301.0
391.5
887.8
391.5
527.3
434.6
395.2
857.9
870.5
302.1
895.8
866.0
403.7
399.6
488.6
360.8
873.5
327.0
443.2
417.1
904.6
327.2
880.3
891.7
301.4
866.9
302.7
382.0
420.5
328.9
371.3
869.0
859.2
302.8
399.9
869.9
338.8
310.0
871.9
304.5
904.4
301.5
350.8
356.6
870.6
301.0
864.4
868.3
301.1
304.8
302.0
300.7
869.5
904.6
320.8
307.6
374.7
356.4
872.4
865.7
871.6
869.3
876.6
904.7
918.9
961.1
965.5
869.1
1040.2
1040.9
826.8
655.4
380.1
319.2
438.7
860.2
888.5
582.6
532.2
362.0
887.4
300.7
867.4
299.2
868.2
300.5
300.0
903.9
340.5
406.4
406.9
335.9
869.9
869.1
302.5
303.7
859.2
300.5
300.2
300.9
869.2
374.2
860.2
308.5
884.9
653.8
640.2
641.3
1003.1
744.0
521.6
567.7
904.4
927.2
301.7
301.9
859.2
301.9
868.6
301.0
301.9
302.3
433.1
304.1
900.5
907.2
301.0
318.3
871.3
397.0
461.0
551.5
880.3
304.7
883.9
880.6
872.0
301.5
301.7
299.7
299.2
870.1
301.4
975.8
301.1
873.8
302.3
302.7
356.2
349.5
522.8
348.1
876.6
482.9
860.2
344.3
869.1
325.6
315.5
866.5
312.0
874.9
301.3
878.2
307.2
302.5
905.7
305.7
313.2
869.1
868.9
302.0
868.2
303.5
374.2
366.6
300.7
300.7
868.7
415.7
336.9
905.1
459.6
401.8
301.4
313.0
871.4
859.8
299.3
880.2
303.0
870.6
301.2
300.6
870.8
300.7
303.0
299.3
873.7
905.4
870.6
381.3
447.2
385.7
323.3
321.5
326.3
869.6
860.8
301.2
870.3
303.1
300.7
300.2
906.1
869.3
413.6
310.4
414.3
405.6
337.9
868.8
398.2
859.7
397.2
869.7
300.3
860.1
301.2
868.6
302.4
674.4
679.6
609.2
592.2
384.8
896.0
914.2
303.2
301.0
872.8
318.3
874.9
300.5
386.8
869.6
383.7
331.6
868.2
860.5
300.9
301.9
302.9
300.0
873.9
301.6
299.3
906.9
891.4
301.6
373.3
869.2
302.3
337.3
858.1
372.9
416.5
336.9
869.0
864.0
302.4
306.9
873.8
301.2
301.6
301.8
301.1
869.7
915.6
869.8
301.4
313.0
351.9
866.0
494.2
491.6
577.0
594.6
870.9
310.3
897.7
301.1
859.6
301.8
870.6
301.0
300.0
915.3
376.8
903.4
442.7
439.5
417.6
301.2
303.1
869.1
862.0
309.4
303.4
301.6
886.0
865.7
392.7
456.6
493.9
361.1
871.5
869.6
905.8
301.1
301.1
300.4
385.7
390.6
872.1
403.3
858.0
363.8
471.7
879.9
301.3
873.0
395.9
511.9
505.0
467.8
863.4
402.3
937.1
472.3
473.4
915.7
469.2
459.8
881.4
305.0
919.9
300.7
865.2
302.3
322.8
309.0
896.0
462.7
494.8
861.9
443.6
308.7
937.5
918.3
301.0
865.9
302.4
323.4
322.3
302.4
870.6
301.5
911.4
299.6
302.6
896.8
301.8
880.7
864.2
300.3
300.4
301.1
300.5
867.6
345.8
316.0
424.5
367.0
922.2
379.2
885.4
302.0
879.9
300.0
864.0
355.4
302.8
346.3
869.4
858.2
410.4
358.5
869.1
383.7
334.8
883.1
301.3
904.4
475.1
512.1
726.8
677.3
590.9
702.1
598.7
865.4
1118.1
1015.2
301.2
984.9
304.3
302.7
858.5
325.7
883.0
308.3
301.0
991.6
870.9
303.5
443.8
395.5
333.5
344.6
869.9
433.9
416.1
538.5
402.0
860.7
314.3
899.4
885.3
312.7
315.1
312.4
887.2
303.9
879.4
499.3
437.8
430.6
326.4
907.8
883.3
868.8
301.5
302.4
869.7
302.2
321.9
453.2
396.0
369.6
869.5
870.8
301.2
882.8
380.0
904.1
367.0
315.2
869.1
372.6
302.3
308.0
868.6
859.4
301.1
302.8
869.3
308.0
417.5
303.3
410.7
859.7
869.7
301.1
301.5
301.8
878.5
312.5
905.5
313.5
346.2
338.8
870.1
866.3
363.3
351.9
313.2
868.3
302.8
340.8
330.5
871.1
301.2
908.7
303.8
302.8
869.1
299.7
876.4
880.0
300.8
301.5
423.3
312.0
406.3
870.0
858.3
302.0
302.8
870.3
302.4
418.6
905.1
388.0
415.8
874.6
300.7
305.2
868.4
299.9
873.2
300.5
302.0
868.4
312.8
905.1
359.2
512.7
475.7
872.0
348.8
373.7
880.2
413.0
451.1
536.5
955.7
448.0
914.6
397.9
375.7
948.8
476.7
928.2
301.2
932.5
300.0
305.4
302.2
301.3
904.8
868.5
302.3
876.9
390.3
301.8
870.5
382.4
336.1
302.3
869.6
338.8
301.1
869.2
307.4
870.3
300.4
303.2
302.5
876.9
303.5
308.4
881.6
869.3
301.9
302.0
924.9
385.9
361.9
442.0
880.8
397.1
303.1
864.0
382.2
888.6
304.1
868.0
426.7
367.3
365.7
859.7
869.8
301.0
300.3
305.8
910.8
868.9
308.3
377.8
380.4
306.0
888.8
311.0
921.1
309.4
380.3
886.7
300.6
300.9
904.4
871.7
304.0
363.0
362.8
301.9
870.2
382.1
382.3
397.2
871.5
301.0
871.9
863.6
896.9
358.3
907.7
876.7
1213.5
1250.8
1268.4
1440.5
1360.8
1540.9
1543.7
1588.9
1595.1
1667.5
1622.8
1232.8
1513.6
1375.9
860.1
1386.3
1575.0
916.4
1109.2
1046.7
559.8
1212.3
1012.6
875.3
300.8
911.8
300.8
302.2
300.4
301.8
301.6
870.8
906.4
871.0
392.5
439.0
332.5
858.6
493.4
452.7
869.2
418.2
606.6
566.3
870.6
868.5
