315.0
314.6
382.3
417.0
467.0
880.6
642.5
790.3
917.0
666.8
1024.5
883.2
879.4
866.8
819.1
941.9
1011.9
843.7
867.4
473.0
305.4
345.7
311.1
861.0
350.6
409.7
496.0
410.9
902.8
354.4
905.4
569.7
580.5
311.6
874.1
559.1
509.1
571.9
611.0
871.8
514.9
869.5
301.0
869.7
385.4
306.6
376.1
299.2
880.9
301.5
323.8
300.5
905.7
299.4
300.5
299.4
869.5
299.5
300.9
857.8
301.2
406.3
519.0
351.9
870.8
328.0
903.8
301.9
323.2
299.1
868.0
300.9
300.4
303.0
871.0
300.3
302.1
299.6
302.0
868.8
301.1
904.1
299.0
300.9
299.4
880.7
303.7
459.0
556.7
508.5
858.4
884.4
14.4
303.6
306.4
299.9
413.9
483.8
617.0
465.7
869.0
392.6
367.6
393.7
353.7
915.3
300.7
867.7
366.1
859.1
503.5
360.2
536.6
321.4
339.4
870.7
388.2
366.1
565.1
382.5
385.7
907.0
870.6
876.9
400.4
420.2
438.1
383.3
340.7
344.7
361.1
376.6
869.1
868.7
302.3
300.3
301.7
874.5
307.1
412.7
412.8
302.2
904.5
302.8
334.3
397.0
879.1
387.8
865.0
391.4
339.2
300.9
867.9
857.8
346.0
462.7
411.0
309.0
868.3
304.4
302.7
299.7
300.9
904.4
300.8
300.0
301.7
869.0
870.2
300.5
303.3
302.2
302.9
391.6
304.7
378.3
868.6
858.1
300.6
301.9
301.9
871.2
315.2
301.4
378.4
919.9
311.2
445.7
567.3
418.0
421.1
873.4
866.7
303.4
305.9
301.7
880.0
305.0
858.1
302.6
309.7
432.4
440.6
870.5
905.7
425.8
526.6
532.2
361.8
411.7
871.0
454.5
607.9
514.7
525.2
859.7
364.3
868.2
652.1
865.4
708.5
591.4
771.4
721.0
497.9
882.1
303.5
299.7
915.6
300.4
301.6
303.9
303.0
356.3
871.4
467.2
859.6
430.6
556.8
897.2
495.0
533.4
496.7
486.0
498.2
864.3
310.0
867.8
396.4
470.9
402.9
916.4
335.7
301.1
870.3
304.8
300.7
858.5
300.4
302.6
307.2
300.7
870.0
908.0
319.8
425.7
517.3
475.1
363.8
867.8
301.3
309.8
859.8
300.7
378.0
369.5
300.8
870.7
499.1
399.6
858.2
507.5
878.6
615.0
750.9
734.7
772.7
801.7
905.2
532.7
868.0
718.5
539.2
570.4
645.8
884.0
530.8
435.4
443.3
429.9
449.2
384.7
869.1
857.3
332.0
311.9
337.5
868.8
314.5
308.2
904.6
300.9
301.0
868.8
862.5
304.4
361.0
383.8
300.1
396.2
579.9
870.8
610.2
869.2
585.1
583.9
384.8
879.9
342.0
502.3
363.4
592.7
363.1
983.7
497.2
463.0
870.6
445.5
416.0
960.6
354.4
299.9
306.1
867.7
442.3
497.6
506.3
346.5
859.9
396.2
302.4
880.7
390.3
300.7
903.5
299.6
302.9
868.4
408.5
558.5
518.7
382.3
871.0
300.3
870.5
311.0
414.6
392.7
906.6
301.4
325.1
320.4
318.3
871.1
537.7
505.6
859.1
301.4
304.1
317.6
872.0
312.6
306.3
871.7
357.5
309.9
870.1
903.7
492.1
528.3
745.7
567.6
518.5
618.8
553.6
541.0
871.0
867.5
320.2
299.6
885.8
317.9
311.4
872.7
319.2
459.9
598.6
469.8
306.6
868.8
302.5
903.9
303.9
319.2
300.7
305.3
871.1
303.7
310.9
861.0
302.8
612.2
615.5
872.6
754.0
635.6
591.3
869.6
599.0
301.8
891.7
300.6
301.8
299.6
915.0
300.2
301.2
301.5
457.6
404.9
867.7
417.7
859.5
319.7
414.2
571.1
871.2
532.4
614.0
479.3
858.4
303.6
878.5
304.5
358.2
345.2
931.7
299.7
302.4
868.4
300.4
861.7
301.6
301.3
410.8
332.4
459.5
881.6
713.5
698.3
572.5
914.7
453.7
478.9
381.2
868.7
341.3
313.7
865.3
301.7
300.8
300.6
869.9
858.2
302.4
304.5
303.6
301.2
301.7
870.3
377.6
321.4
392.0
903.6
299.1
457.7
870.6
471.3
582.6
579.6
630.8
867.2
407.1
359.2
302.3
883.2
870.9
363.7
299.8
301.8
869.3
304.8
303.0
326.7
389.1
409.2
905.0
301.5
302.1
339.5
400.2
869.9
353.2
870.8
302.8
881.5
303.1
860.5
317.3
326.9
307.8
357.6
873.0
471.9
360.1
490.5
467.5
905.3
333.4
461.5
870.5
872.0
304.5
308.9
301.7
302.2
465.8
429.7
651.0
881.2
534.5
597.2
922.0
389.2
353.9
893.1
346.7
502.3
437.9
880.5
482.2
498.0
704.1
542.4
906.6
904.1
306.1
304.8
338.7
384.4
534.3
476.5
889.9
350.0
909.6
300.4
868.5
352.7
303.7
340.7
302.9
859.1
396.9
393.0
315.7
879.9
864.5
301.4
314.6
301.1
302.2
423.3
302.4
869.3
416.7
906.3
306.8
300.7
870.3
424.9
513.1
563.9
639.3
677.5
859.6
372.1
871.6
310.5
299.3
914.9
298.8
307.4
303.5
873.5
449.7
859.7
491.8
569.7
615.5
328.7
504.8
869.8
465.8
546.2
543.0
915.0
475.4
869.3
475.9
502.3
546.4
532.2
431.0
871.0
868.4
300.8
301.4
444.1
495.9
860.1
503.5
457.7
362.3
301.3
869.6
326.3
903.6
299.5
344.1
381.8
504.7
444.8
435.6
506.5
869.5
860.7
645.7
607.0
684.4
881.1
594.6
465.2
864.3
300.2
302.3
868.3
303.7
375.5
318.7
559.4
905.1
521.8
393.8
357.2
886.6
318.4
874.1
299.2
300.5
303.8
299.6
868.9
303.2
857.8
303.2
299.6
303.0
869.3
300.4
301.2
903.9
302.1
303.8
300.1
870.8
394.3
860.0
452.7
556.4
545.5
506.4
448.8
412.8
869.2
344.3
300.9
904.8
342.8
314.2
342.6
303.3
871.6
338.0
303.7
910.2
326.0
301.4
939.1
301.2
1081.8
299.7
520.0
673.8
631.8
865.8
881.4
904.7
799.1
616.5
854.8
887.4
367.2
334.9
304.0
863.0
344.4
304.4
302.3
872.7
303.1
904.6
364.4
354.2
425.7
324.2
868.2
516.6
532.0
522.4
859.9
752.4
734.4
645.1
872.3
449.5
628.8
448.8
875.6
498.2
452.0
870.9
716.9
789.2
573.7
442.8
764.4
915.1
879.0
301.5
858.9
301.0
302.2
380.6
333.0
543.6
371.1
394.9
869.3
302.9
859.1
305.2
299.4
301.6
870.2
302.1
302.5
304.3
904.0
301.3
869.5
299.7
304.1
870.9
304.5
334.0
376.5
365.9
870.5
348.7
858.1
382.1
435.9
303.0
318.7
367.9
878.9
495.5
457.3
399.7
906.2
301.6
341.4
867.1
299.9
302.9
869.4
312.2
301.7
303.6
881.0
377.8
360.6
436.6
904.5
301.2
301.2
868.8
303.2
345.1
373.1
859.3
412.7
301.4
872.2
304.8
305.2
858.3
390.3
447.2
302.2
456.3
868.6
406.6
388.6
360.2
905.0
299.3
300.8
868.9
360.6
303.1
373.5
859.9
301.1
302.9
303.8
316.9
882.3
304.3
914.9
543.7
599.9
658.7
598.8
870.5
565.3
870.4
467.3
365.2
514.6
868.1
410.2
398.9
455.0
858.1
419.3
320.1
868.6
305.0
302.1
905.0
327.7
307.0
320.5
345.5
870.1
319.2
411.9
382.7
302.1
869.5
302.1
869.1
336.0
434.9
422.5
865.2
337.6
301.3
870.5
330.2
302.8
341.9
904.1
346.5
345.3
523.8
384.7
880.1
399.8
406.9
346.0
879.3
298.9
385.8
426.6
512.4
885.6
906.3
301.1
303.4
300.2
868.4
861.1
490.9
527.0
539.1
478.8
302.8
869.3
376.1
382.6
455.9
909.8
307.0
307.6
871.5
866.4
400.7
406.3
522.2
381.3
591.3
485.5
887.3
509.2
521.4
456.3
352.2
904.8
872.4
299.3
301.8
301.0
375.3
868.9
320.2
354.5
432.9
870.2
537.5
443.2
495.4
871.3
440.0
870.0
406.3
468.4
465.2
913.5
335.6
356.3
385.4
366.0
868.0
305.1
424.0
859.8
417.4
303.9
299.8
870.3
301.7
857.8
338.4
302.4
328.9
867.6
392.8
341.8
439.8
307.4
904.3
621.6
573.8
409.1
653.8
595.3
872.4
863.3
