356.5
316.7
325.8
329.7
332.1
311.9
314.7
373.0
318.6
330.9
329.9
330.4
376.3
356.7
403.0
407.1
323.5
355.2
353.3
330.3
369.8
330.2
327.2
317.5
337.7
376.1
319.3
313.0
355.6
329.9
333.3
330.9
332.4
317.7
321.2
315.6
315.2
320.0
320.6
322.9
320.2
323.3
338.8
330.7
325.8
312.9
317.5
315.8
316.2
350.9
333.2
330.7
331.3
330.7
337.5
344.1
330.7
324.4
316.4
318.9
333.5
323.1
370.8
336.4
318.2
334.6
323.8
315.3
333.1
361.4
341.8
318.6
320.8
320.3
317.8
312.3
329.8
300.9
301.7
322.3
308.6
314.9
355.1
330.5
331.6
329.1
335.1
333.9
357.1
313.2
330.7
321.4
309.5
317.4
318.5
322.3
314.7
325.8
338.3
341.3
313.1
320.4
313.4
311.2
332.3
316.9
428.2
321.2
320.1
318.7
368.4
332.6
318.4
336.0
367.0
329.9
332.1
301.5
318.4
339.1
329.4
330.2
371.2
330.9
314.3
327.5
312.9
312.6
371.4
333.3
330.6
331.4
330.7
359.7
334.3
311.3
322.4
318.2
311.2
367.0
312.8
329.7
330.0
373.1
333.6
331.4
329.5
327.6
328.9
337.7
318.5
329.5
316.5
372.0
314.9
325.7
327.4
316.0
331.0
326.5
301.3
331.5
323.7
314.8
330.3
317.8
318.2
311.5
321.1
329.9
329.9
330.2
312.3
371.8
317.2
312.5
333.3
329.6
372.7
329.3
335.6
330.0
375.2
330.1
317.6
318.0
372.2
332.3
340.6
311.3
371.9
329.8
316.6
336.6
313.1
330.5
315.9
339.9
325.2
369.6
330.2
333.0
329.2
322.0
323.2
333.8
330.4
333.1
320.8
336.1
320.4
328.2
357.1
341.4
330.9
358.2
327.2
318.2
317.9
318.0
318.3
322.7
314.5
314.6
335.0
314.1
316.5
332.1
317.3
329.2
429.3
333.4
357.7
333.5
334.5
316.3
315.6
331.2
329.7
318.0
364.9
316.1
382.0
331.7
316.7
313.2
327.1
321.2
330.0
313.8
373.0
332.3
327.1
318.1
325.3
353.9
314.5
325.9
312.2
315.2
313.9
318.2
330.3
334.5
369.9
325.0
325.5
318.8
315.4
317.0
312.3
332.4
331.2
438.1
420.1
340.4
330.9
315.6
333.2
316.1
317.6
330.1
310.2
332.1
508.2
517.6
659.1
587.1
359.3
316.2
332.6
326.3
315.9
330.1
329.5
334.8
317.5
348.2
314.8
405.2
330.2
320.8
332.8
317.4
340.4
309.4
320.1
322.3
320.3
315.2
325.1
333.8
371.3
315.1
332.4
317.9
366.2
315.8
331.6
328.1
359.0
357.5
321.1
317.0
330.8
330.5
313.3
336.0
312.6
369.8
330.8
371.0
330.1
332.6
353.6
381.9
416.9
330.0
328.4
316.2
314.2
331.4
311.4
437.0
409.6
468.0
371.1
311.4
311.1
313.5
311.2
339.7
328.7
326.8
312.9
329.3
333.9
302.0
333.7
305.7
314.4
307.6
320.8
309.7
316.4
316.4
318.3
352.3
326.7
330.8
311.4
330.2
311.2
317.9
308.3
320.5
322.4
325.8
324.6
318.5
314.7
373.7
330.7
329.5
371.9
316.7
313.4
315.6
341.8
356.2
378.2
330.1
340.2
441.8
434.1
330.2
312.8
331.1
329.5
372.4
318.5
316.0
329.9
314.9
487.8
395.4
496.6
316.7
326.5
318.4
312.5
305.9
358.8
443.3
447.1
403.0
308.5
328.8
319.5
334.7
314.2
310.8
318.0
311.9
329.9
334.4
332.0
325.5
316.7
329.0
330.9
322.8
322.9
324.5
315.9
325.6
314.6
313.5
362.5
326.7
330.1
322.7
355.0
318.1
329.8
328.9
322.9
330.6
363.1
321.2
320.4
332.7
312.9
317.9
313.9
367.3
333.6
330.2
331.6
339.2
338.8
310.9
327.3
319.9
318.0
345.5
318.9
368.4
341.5
324.3
323.4
312.4
328.7
335.1
317.2
334.8
315.6
337.0
334.8
317.3
314.6
322.5
327.8
317.0
334.0
330.4
313.3
372.9
371.5
330.4
367.0
311.8
326.6
314.5
368.0
363.6
317.2
319.0
368.1
362.3
312.2
316.8
341.3
334.9
337.9
338.6
318.9
312.1
332.8
314.4
315.0
372.7
375.7
318.7
317.0
325.1
331.8
314.5
311.7
318.2
336.3
332.5
369.5
327.7
325.9
318.2
342.5
337.3
329.7
332.3
314.8
311.6
318.6
334.6
376.2
326.7
338.4
356.4
329.5
328.9
332.1
314.9
313.9
314.7
315.2
316.3
337.5
339.6
463.1
498.5
344.8
381.3
361.9
319.1
336.9
336.2
331.9
319.2
314.9
315.9
337.3
313.2
430.7
489.4
451.8
330.0
313.3
333.4
376.4
314.9
323.8
327.4
327.0
335.6
329.7
326.1
314.3
317.3
390.9
343.9
312.5
317.7
343.6
332.7
391.4
334.8
329.4
318.5
317.0
320.9
316.9
326.8
315.7
358.5
335.5
355.2
320.9
326.6
324.9
313.7
314.1
380.9
349.7
517.7
422.2
428.5
320.1
318.4
332.8
334.6
334.2
327.6
335.6
371.6
317.2
317.7
328.4
372.0
322.0
333.0
314.4
316.4
332.0
315.6
324.7
367.6
317.4
311.7
312.2
451.2
427.9
411.3
315.1
316.3
318.4
335.2
318.1
330.0
333.2
320.0
333.2
324.2
342.7
312.5
327.3
314.4
313.3
335.4
318.4
341.9
330.8
373.4
327.1
328.7
314.0
334.3
333.0
318.7
314.7
318.9
311.6
320.9
337.5
329.4
316.3
314.3
326.2
396.3
378.1
423.9
376.9
457.9
316.6
331.4
315.6
319.5
326.7
332.5
328.6
322.2
372.1
333.7
332.2
335.4
316.0
318.4
328.3
326.8
319.2
327.4
320.5
367.6
330.8
335.1
351.4
317.8
332.7
314.5
336.5
323.0
329.9
332.8
317.9
338.8
326.6
335.6
330.5
333.3
370.6
328.1
328.0
311.7
329.5
312.7
334.7
305.8
325.0
333.4
324.9
330.3
333.4
335.4
416.8
444.2
312.8
321.3
323.6
328.9
328.6
317.1
327.8
329.4
412.9
332.5
355.3
330.9
313.5
338.3
316.1
335.5
332.4
313.2
368.6
334.1
322.3
314.5
313.6
317.9
343.1
312.4
330.9
472.9
489.9
331.1
311.0
323.7
319.5
311.5
329.4
319.5
311.2
313.2
323.2
330.4
334.1
325.5
334.9
314.0
330.1
324.9
323.8
328.0
317.6
334.9
314.0
328.9
332.1
313.8
323.9
329.4
315.9
314.6
310.9
355.3
315.6
315.1
328.1
334.9
362.5
330.9
317.0
375.7
330.9
336.2
330.0
330.0
315.2
312.8
320.9
327.9
316.5
326.2
325.5
331.5
320.7
313.2
331.1
372.8
323.5
329.2
338.8
332.3
316.2
313.9
325.3
314.7
317.2
326.0
376.9
336.3
378.6
325.2
356.4
328.3
367.3
332.4
317.1
357.1
319.0
327.4
316.5
332.6
318.3
329.0
337.7
315.6
343.4
329.9
328.4
322.4
320.4
343.5
316.4
326.6
328.0
333.3
364.5
320.0
318.4
359.4
380.7
329.5
409.8
317.1
380.0
322.1
319.2
316.1
378.1
328.5
321.4
365.9
381.8
410.3
330.6
332.6
319.4
393.2
329.3
377.2
313.3
316.7
331.0
314.8
323.9
311.2
337.4
329.0
328.0
323.3
325.8
335.4
328.7
330.1
316.3
332.8
335.6
320.2
373.0
328.8
314.8
327.2
323.2
312.1
320.8
316.8
316.7
316.0
331.5
336.5
319.3
332.7
325.8
319.2
328.2
334.1
312.3
358.5
332.7
306.8
324.9
331.9
326.7
377.7
317.8
327.6
316.3
375.7
329.8
371.6
316.5
377.1
338.2
329.5
389.2
441.0
504.8
317.4
317.4
328.2
313.9
332.0
376.9
314.6
354.7
329.4
335.4
321.2
316.7
379.2
313.3
370.4
332.2
331.5
332.6
367.7
332.4
329.0
332.6
326.6
324.9
315.3
338.8
332.3
319.5
319.6
333.6
315.9
375.3
337.1
330.5
377.0
331.0
374.7
341.7
327.3
327.8
314.1
334.7
327.5
335.9
312.1
369.1
314.9
325.1
332.2
321.3
368.1
408.6
333.6
313.0
330.8
330.6
327.5
368.1
331.8
331.8
336.9
323.8
333.2
331.2
316.0
327.4
329.0
359.0
317.3
318.2
379.6
312.4
331.0
