657.6
608.8
606.3
631.5
607.5
628.2
618.7
609.8
640.7
598.4
828.6
613.5
619.7
708.1
667.5
694.9
627.4
665.6
686.8
629.3
827.1
681.2
617.0
652.5
705.5
625.5
666.0
590.0
591.5
569.1
592.9
594.5
818.7
607.7
605.8
586.9
599.5
629.1
638.8
901.5
844.6
612.9
626.7
689.2
624.3
721.9
667.5
636.1
627.3
617.7
599.6
845.7
644.1
606.9
597.7
649.3
650.0
617.2
634.1
645.4
631.6
656.6
765.8
608.4
608.4
614.0
577.4
589.9
609.3
657.3
565.7
630.8
606.4
790.0
642.3
595.9
558.4
631.2
659.0
670.0
615.0
570.0
610.5
567.9
799.7
729.0
634.1
648.6
671.5
620.0
613.6
702.4
616.1
596.8
620.2
849.0
636.3
681.6
618.9
672.5
641.6
576.7
601.7
620.4
592.8
627.6
854.9
632.1
593.6
620.4
645.1
631.0
629.3
618.8
648.7
599.5
577.3
781.7
531.5
569.0
645.8
634.8
593.5
600.4
583.4
616.1
647.8
642.9
789.8
605.7
623.1
609.1
623.1
652.1
657.2
673.8
673.6
588.5
603.2
816.2
612.9
596.9
658.3
651.0
634.1
617.1
633.4
620.3
642.1
576.7
570.4
810.4
571.6
589.0
587.8
601.2
666.4
602.9
668.9
603.7
587.5
795.6
658.3
610.5
584.2
581.6
602.2
618.0
607.8
606.4
622.2
539.9
560.2
733.6
571.8
565.7
597.9
581.4
605.6
632.9
590.9
567.2
611.1
771.8
570.7
602.3
688.2
677.5
682.4
642.2
681.1
608.7
610.5
593.7
787.2
598.4
582.3
592.5
597.7
649.8
632.2
640.6
573.8
586.1
586.9
791.1
574.5
633.6
781.6
672.2
611.8
587.0
651.3
636.2
588.0
617.5
812.4
623.2
626.8
669.0
614.5
616.1
620.1
613.0
590.8
588.8
583.9
756.8
615.3
661.4
598.4
595.3
690.8
584.8
593.8
609.3
630.0
642.9
790.3
606.7
595.0
640.5
640.5
614.4
572.7
606.7
670.3
618.6
560.7
601.5
810.5
587.1
670.8
632.1
647.6
649.2
612.6
619.4
635.4
603.8
643.5
800.9
680.2
610.7
652.0
636.2
664.2
597.3
692.6
700.3
665.3
790.3
682.6
670.3
671.3
734.7
678.6
609.5
599.7
648.8
610.8
612.3
917.5
655.1
733.6
932.2
922.5
847.7
729.7
630.8
645.3
599.4
583.2
600.5
845.2
636.7
588.1
719.9
651.2
756.8
638.1
676.2
568.1
629.0
826.5
630.6
618.2
649.9
625.2
587.4
615.9
626.3
700.6
630.3
664.4
631.2
798.0
572.2
657.3
655.8
582.0
598.6
672.3
595.4
661.3
721.3
774.3
604.2
578.5
655.9
680.1
641.7
629.0
646.0
695.1
633.6
750.1
818.1
610.3
681.2
627.3
652.6
680.1
623.0
750.6
758.0
698.9
655.5
824.3
615.3
651.5
662.7
572.6
592.8
692.8
592.2
623.9
673.2
599.2
636.6
824.3
631.7
660.2
626.5
670.6
603.7
664.9
638.1
617.7
684.0
817.1
678.5
709.7
648.5
619.8
623.2
602.6
653.4
683.4
624.9
609.5
851.5
623.9
636.0
631.4
622.9
582.8
614.5
819.7
655.4
722.1
638.9
607.0
672.0
829.1
637.2
625.1
645.7
615.0
632.0
621.0
614.5
622.7
810.1
723.9
683.8
805.9
790.7
728.1
659.2
634.0
620.5
687.3
628.0
890.0
671.9
661.1
675.8
630.7
683.3
604.6
598.9
624.3
587.1
607.5
771.7
600.4
623.1
603.1
617.8
622.9
607.6
694.4
647.2
647.6
632.8
811.1
611.3
687.7
665.9
615.2
612.5
608.6
602.3
602.9
622.6
604.1
675.9
837.5
649.5
622.1
644.1
612.6
590.8
579.8
589.2
589.0
658.3
784.0
679.5
629.9
594.7
616.7
550.8
635.0
550.1
734.1
593.4
671.0
923.1
547.9
565.7
575.8
569.6
563.8
559.2
538.4
581.5
551.5
573.6
766.1
596.5
602.6
589.7
613.0
611.4
611.0
594.4
650.7
601.0
601.0
781.6
668.0
660.7
676.3
618.6
605.7
614.4
702.2
681.6
680.7
747.5
631.2
836.9
651.5
622.5
651.8
639.7
678.7
625.0
603.6
618.8
620.9
843.1
622.9
598.9
597.1
649.6
634.5
705.1
660.3
597.7
611.6
597.9
825.0
628.8
635.2
663.4
604.5
613.5
578.2
614.1
604.4
637.1
601.2
812.2
785.8
587.6
618.6
628.4
584.2
567.8
605.3
542.5
564.9
665.0
833.9
667.3
732.3
846.2
640.9
629.5
606.1
665.3
645.9
607.0
607.5
781.2
626.4
628.8
645.2
652.3
611.6
730.4
765.8
598.5
603.0
595.6
808.4
571.4
698.4
579.7
616.3
603.7
598.5
662.0
617.7
689.4
694.0
773.7
597.2
664.2
641.4
614.0
687.7
610.7
623.4
640.1
658.0
588.7
822.9
713.4
603.5
636.7
615.9
616.0
684.2
620.3
586.4
588.7
644.4
843.9
593.4
722.0
730.8
697.7
603.6
605.5
570.6
585.3
621.5
614.3
687.4
832.0
599.8
678.6
654.0
699.0
640.1
592.8
580.0
585.9
615.3
771.2
619.0
631.0
608.7
623.5
599.3
680.9
680.7
729.2
607.6
631.2
817.5
624.6
617.1
631.9
593.6
610.9
624.0
673.0
603.4
615.4
629.2
900.3
638.9
590.5
637.4
660.7
643.6
640.2
626.3
636.6
640.5
1262.1
843.9
654.4
644.1
669.3
638.5
653.6
608.7
634.6
621.9
632.5
584.1
578.6
808.2
679.2
624.0
725.6
598.0
603.5
610.4
634.7
637.2
619.0
795.5
654.5
651.7
617.1
682.5
585.0
543.5
542.1
613.0
600.2
551.0
803.5
594.9
594.7
646.4
652.7
622.1
558.9
651.0
601.0
641.2
601.0
779.0
623.7
583.8
670.2
659.3
651.8
633.7
315.3
637.1
657.1
609.9
854.5
652.7
575.5
590.0
602.6
595.0
648.2
653.6
725.7
680.4
662.0
645.4
601.2
614.1
1817.0
555.5
1323.6
629.0
561.2
622.8
629.2
681.1
799.4
647.6
597.0
642.3
677.7
644.9
616.3
590.2
685.3
656.4
619.2
825.6
618.5
617.9
643.6
601.9
598.1
610.6
736.2
772.3
646.6
631.3
838.1
640.3
621.8
608.4
622.4
674.9
622.5
624.9
656.9
601.2
619.4
828.1
634.9
683.5
599.9
692.8
606.8
615.8
631.5
607.1
609.5
610.1
574.6
796.4
566.9
585.2
581.3
575.5
672.1
594.5
588.6
631.5
646.9
811.3
659.9
618.6
662.3
674.4
650.9
583.7
625.8
601.3
614.4
643.7
808.2
597.8
613.1
645.2
621.9
550.8
549.3
546.5
552.5
554.7
579.8
791.5
666.0
662.7
658.2
656.8
622.1
622.5
627.2
618.5
599.1
597.9
616.8
856.9
615.2
626.0
590.0
650.2
618.9
629.1
544.7
597.8
557.1
793.6
613.9
597.2
617.1
617.7
614.6
566.2
588.0
626.5
627.7
642.3
583.0
777.2
592.2
609.9
555.3
570.3
605.2
620.9
615.8
608.7
607.9
819.9
634.7
642.2
566.2
561.5
561.5
536.9
616.0
641.7
579.6
551.1
790.3
590.2
634.2
616.5
664.7
643.5
628.3
621.4
269.3
606.7
609.0
827.8
622.1
622.0
645.7
665.0
644.7
666.2
624.0
561.5
614.6
628.9
617.5
789.1
676.2
612.1
605.0
621.3
636.3
611.6
626.0
623.6
665.6
639.7
837.1
588.0
624.7
625.7
620.3
668.4
644.4
626.8
665.9
637.2
808.8
307.2
678.4
593.0
591.1
599.6
663.7
617.2
645.6
642.4
611.1
585.9
839.4
623.8
619.7
681.1
741.4
823.3
619.4
602.2
612.2
558.4
616.9
788.7
650.9
678.1
616.0
631.3
670.2
633.1
634.4
597.7
593.5
803.9
580.3
639.3
681.0
637.0
648.0
616.9
638.7
634.6
616.4
619.5
837.8
624.1
621.5
630.2
632.1
654.3
646.9
677.9
649.6
663.3
665.8
858.6
620.6
596.6
613.5
613.5
587.0
636.5
623.4
658.5
635.9
615.8
790.3
587.5
598.8
632.4
658.3
650.6
638.9
672.5
657.3
580.0
581.9
762.4
631.7
625.1
631.7
627.9
697.9
635.2
658.3
632.5
608.2
612.7
858.3
623.9
597.9
