642.0
599.1
556.8
561.2
628.2
577.3
588.7
602.2
605.9
627.5
637.2
601.7
784.3
686.1
651.3
778.9
637.1
623.8
667.4
615.6
614.3
590.8
569.4
586.7
607.9
617.1
635.5
609.0
635.1
640.8
600.4
587.7
634.9
643.1
645.1
598.4
591.2
598.2
595.2
601.9
616.0
612.1
626.6
691.1
670.6
602.6
652.8
663.5
601.4
657.9
623.1
577.8
612.1
613.8
636.2
606.0
605.5
645.3
573.9
611.1
633.7
559.2
626.8
575.9
575.7
627.1
654.4
603.1
591.0
659.0
623.3
612.0
591.3
641.7
621.7
604.3
652.5
618.0
663.4
604.7
626.0
635.8
600.9
580.8
672.9
639.0
632.1
692.4
702.6
630.9
733.5
606.7
605.2
579.0
625.9
646.5
652.2
657.7
614.0
812.2
603.4
624.5
626.3
680.5
612.0
608.4
647.2
613.5
709.9
600.6
629.7
605.3
586.1
602.0
639.3
596.2
624.3
608.7
631.2
725.0
617.2
610.1
614.0
628.2
692.6
651.7
638.0
689.5
620.3
679.6
667.6
647.4
649.6
648.0
647.7
610.8
621.0
631.9
623.2
645.9
657.6
634.4
689.6
694.9
620.8
614.2
600.9
630.6
636.6
682.7
601.2
649.4
623.1
616.9
590.4
630.9
624.2
602.8
621.7
597.9
589.5
606.0
612.6
609.8
602.4
618.8
643.2
621.7
616.4
624.2
637.5
593.1
640.8
658.0
599.7
636.0
635.8
626.7
705.3
662.0
586.3
618.9
623.8
655.4
652.6
636.3
606.9
613.7
676.6
642.7
643.7
624.7
670.2
624.3
621.0
633.6
599.7
607.8
604.0
588.8
619.8
800.3
627.1
653.5
617.0
641.2
638.9
641.8
617.5
642.4
577.9
598.1
755.7
751.3
622.4
615.7
627.0
616.2
684.0
644.0
636.2
678.8
633.7
640.0
599.9
649.6
691.3
615.7
320.5
624.5
638.7
608.3
641.4
610.8
651.2
587.3
606.1
671.9
657.1
624.6
624.5
642.9
647.4
612.4
630.1
638.2
637.1
648.2
519.5
558.5
579.7
591.4
611.6
637.0
595.5
585.2
589.0
588.8
582.1
563.6
548.0
552.2
593.2
582.5
596.8
604.1
615.3
593.5
645.0
589.0
660.9
610.6
621.3
622.3
700.4
708.8
621.3
605.7
630.8
658.8
662.9
641.9
612.0
613.9
795.9
813.3
773.5
811.0
639.5
633.9
659.7
639.6
647.7
610.0
619.0
626.0
606.8
710.1
602.7
687.1
585.1
801.6
580.3
591.6
655.9
594.1
641.8
654.2
596.1
627.1
619.3
688.1
655.8
624.5
669.8
621.7
680.8
597.0
593.5
588.7
637.6
617.1
609.8
574.1
591.7
588.3
581.1
552.1
606.1
581.7
578.7
636.7
558.9
586.7
647.1
681.6
692.0
601.9
606.4
588.0
619.1
602.4
621.9
791.8
744.3
723.0
678.7
669.8
583.7
576.3
603.5
585.5
601.7
648.4
640.9
627.1
709.2
636.4
565.8
597.4
587.2
576.0
843.6
601.4
601.3
598.5
631.8
663.3
623.4
612.7
634.7
619.4
640.4
676.5
631.8
685.2
625.1
631.7
569.3
575.6
555.2
611.9
603.4
618.4
675.1
594.9
620.1
617.6
630.3
678.4
666.8
618.8
697.1
703.3
788.5
596.2
563.9
578.1
570.3
591.7
606.5
618.7
823.3
641.8
657.8
731.5
751.2
591.2
602.8
596.8
614.6
625.7
610.0
630.5
679.7
662.6
638.1
590.3
607.9
589.4
635.1
628.3
660.9
615.1
597.4
612.0
611.4
624.7
599.3
593.7
600.6
585.4
596.3
600.5
640.6
603.1
621.4
621.1
643.5
653.7
577.9
618.6
592.6
598.9
617.0
565.2
593.9
603.0
652.5
577.3
597.1
585.2
581.3
617.0
629.5
671.2
645.6
620.3
612.3
626.7
583.2
611.2
579.4
614.3
581.3
625.6
600.2
597.6
624.1
601.6
603.4
615.0
630.9
623.5
581.2
580.6
592.2
568.9
585.5
663.1
621.8
615.3
594.5
604.6
669.4
621.8
617.2
623.6
617.6
631.2
653.0
614.2
626.3
594.3
597.0
630.6
606.4
670.6
598.9
636.3
603.1
654.6
606.6
800.1
605.6
640.0
676.6
590.8
653.1
646.0
624.8
604.2
560.0
646.2
635.0
651.2
633.3
607.6
599.8
590.1
594.4
629.5
661.3
587.4
591.5
622.5
599.3
653.4
620.8
626.7
642.4
621.1
684.5
649.4
717.4
633.1
571.4
560.8
636.9
579.2
611.2
610.7
648.8
642.0
613.8
661.4
589.9
632.5
721.6
803.4
622.0
618.1
651.0
598.1
671.3
625.5
630.0
627.8
680.8
640.8
635.2
1342.4
694.0
751.3
840.7
627.6
628.4
628.1
640.9
603.0
611.4
643.3
641.5
645.1
660.6
643.1
582.1
621.2
633.0
624.4
595.1
567.0
634.9
605.6
642.6
568.0
588.7
613.0
603.1
654.2
654.8
661.4
675.0
677.6
659.6
670.3
579.4
601.7
648.0
647.5
610.1
569.1
617.2
638.1
763.9
616.2
619.9
625.7
607.4
652.6
613.9
597.4
609.5
588.9
626.1
621.4
660.6
632.8
619.2
604.7
621.7
583.9
649.4
607.0
643.8
641.4
617.3
605.5
627.5
646.8
671.4
715.6
600.4
630.1
637.5
593.8
563.7
588.4
611.8
650.0
592.9
644.4
622.2
565.5
584.5
566.3
594.8
592.3
626.4
595.5
597.1
612.0
588.0
623.5
556.9
612.5
605.5
577.4
572.4
573.9
571.6
559.4
568.1
575.6
577.8
614.2
614.2
639.1
688.2
767.2
679.3
774.6
614.3
601.2
602.5
593.1
593.8
602.6
640.1
597.8
660.6
594.6
583.8
602.4
604.7
581.4
590.3
612.7
594.3
586.9
557.6
563.1
618.0
638.1
629.4
665.6
623.6
595.0
584.5
575.4
618.3
611.4
622.2
611.3
628.4
810.2
601.1
661.3
629.1
642.3
634.8
605.3
611.0
628.7
622.2
646.7
704.0
608.2
627.3
620.9
594.4
664.6
732.3
740.8
605.1
616.4
632.9
679.4
681.6
658.8
649.4
620.8
604.0
637.5
690.1
611.5
612.2
614.4
686.3
642.7
592.7
601.9
607.6
617.0
622.1
583.6
574.2
546.5
631.3
572.5
565.7
673.1
665.2
600.9
570.3
569.4
635.0
596.8
611.1
611.7
671.9
636.2
670.4
637.2
601.7
633.8
633.5
577.4
581.5
567.5
592.8
666.1
609.3
625.5
634.4
601.0
584.7
600.3
664.8
574.6
629.9
614.4
632.2
577.8
541.9
535.8
590.2
572.7
612.1
606.6
620.9
641.2
627.2
639.4
364.3
679.2
649.3
641.1
698.9
593.4
604.5
626.1
591.8
608.8
651.3
574.0
795.3
585.9
565.9
609.7
548.6
631.2
613.9
620.2
595.2
611.3
617.6
618.9
620.4
614.2
645.4
606.9
677.8
633.9
609.5
610.8
605.2
603.7
575.7
583.9
629.7
569.8
605.5
625.1
338.4
625.1
626.5
597.0
605.2
634.5
591.8
585.0
627.2
628.0
655.2
622.5
598.6
596.2
596.5
658.9
655.1
593.8
618.5
692.0
698.8
649.3
637.5
610.7
673.3
629.0
603.9
656.9
691.9
747.6
681.9
689.8
626.5
651.8
609.7
639.0
605.6
612.6
649.8
614.8
620.0
650.1
580.1
598.8
608.2
589.0
630.1
587.2
605.7
575.7
593.9
585.3
573.8
608.9
637.3
584.1
589.7
574.2
591.5
656.0
628.3
619.0
590.8
632.8
621.6
638.7
624.8
594.3
620.9
602.4
590.8
590.0
589.3
780.4
621.8
631.6
626.5
624.0
547.9
592.5
606.5
579.2
570.5
617.9
588.6
663.1
623.4
640.1
609.5
604.6
673.9
683.7
766.0
616.5
658.2
629.5
625.9
618.7
632.3
602.6
638.6
644.9
665.5
614.5
610.5
600.9
630.5
601.4
605.0
635.1
610.7
602.2
619.3
648.4
612.6
597.3
607.5
565.8
625.2
613.9
609.6
575.5
724.0
713.1
592.9
592.3
558.6
534.5
567.3
587.3
559.0
581.3
602.1
573.7
604.2
584.2
563.3
545.9
588.1
541.0
545.8
613.4
604.8
580.1
582.3
547.4
635.0
1180.8
556.6
558.9
551.4
581.7
575.8
593.7
568.2
616.4
569.3
636.5
544.0
557.6
540.3
589.1
624.8
601.9
559.5
544.2
