671.2
560.1
609.3
569.2
593.5
558.8
582.2
633.4
590.5
618.9
623.2
677.3
670.1
626.5
747.7
718.2
648.6
622.7
681.3
595.4
614.1
675.9
622.0
609.6
604.8
829.9
615.5
632.4
612.2
601.5
596.7
694.0
630.8
614.9
642.6
617.5
616.2
704.4
589.3
1354.2
588.4
602.7
636.4
646.4
606.5
638.3
683.5
645.4
608.8
587.4
864.4
656.4
648.0
688.2
652.5
653.4
642.2
599.6
617.5
632.7
629.0
661.5
692.3
625.4
613.5
635.2
561.0
576.4
634.7
653.4
641.1
623.9
636.2
646.8
876.6
597.0
782.6
592.5
609.2
589.5
618.1
708.1
653.5
590.0
559.9
590.1
638.1
640.8
633.0
646.4
645.1
626.2
544.2
561.6
628.1
610.8
642.0
663.3
637.9
647.5
625.2
577.4
718.0
562.8
587.7
600.2
629.6
631.1
631.1
646.4
619.4
582.6
598.6
601.4
601.1
618.5
620.7
617.7
566.8
601.9
621.7
603.3
665.8
567.6
638.6
568.9
587.9
648.2
833.5
631.6
673.2
613.9
642.4
628.6
615.1
611.5
596.1
635.8
622.6
594.4
610.4
586.5
601.8
630.8
660.0
642.2
611.6
637.2
691.3
585.1
631.3
615.0
677.6
610.5
773.6
683.9
670.5
625.5
608.9
603.7
659.8
644.2
610.9
631.4
624.3
644.2
626.5
627.1
665.0
634.2
593.7
601.2
623.2
681.8
623.8
629.3
608.3
609.6
660.9
605.7
812.3
626.4
666.8
573.6
651.7
610.4
593.8
618.2
646.6
611.0
641.8
616.4
599.1
603.2
574.3
579.8
576.0
589.4
607.8
596.8
615.7
637.7
641.6
667.6
685.8
609.8
637.3
776.8
611.9
629.4
631.6
615.7
614.9
612.6
621.7
616.4
633.3
609.9
603.4
597.9
585.1
625.2
589.4
585.7
566.4
627.2
642.9
574.2
621.4
572.3
674.5
614.1
825.4
649.7
637.6
645.6
643.9
603.6
666.2
613.3
642.5
639.7
707.5
639.2
618.2
627.7
637.5
620.2
615.9
627.2
630.7
630.8
674.9
585.5
603.8
619.9
633.2
622.5
806.7
645.4
595.5
606.5
633.5
644.2
657.7
625.3
626.6
608.6
612.7
614.6
620.0
645.2
628.1
675.9
690.1
752.7
629.3
614.1
604.2
626.0
677.6
656.1
1335.9
619.0
669.7
729.7
820.3
734.6
637.6
646.5
661.8
666.8
630.6
697.9
617.5
668.2
615.6
2948.2
2948.5
2948.5
2948.5
2948.5
2948.4
2948.4
642.9
633.6
599.4
589.3
590.1
637.8
794.8
588.7
586.6
593.3
588.6
634.5
642.7
626.5
645.3
620.1
587.7
579.8
620.2
578.1
582.4
614.4
600.8
601.1
601.9
679.5
635.7
613.1
589.6
597.3
618.1
648.8
833.2
619.4
634.7
618.8
584.7
619.9
647.0
639.7
724.1
752.7
665.4
660.9
641.0
639.2
681.1
591.0
612.8
607.2
591.5
597.2
626.7
601.9
616.1
604.1
626.6
601.3
847.7
630.6
602.4
640.8
651.0
644.7
639.7
640.4
663.6
661.1
608.2
692.4
672.7
651.4
620.9
619.7
602.3
590.1
637.6
639.4
626.1
629.6
617.6
620.0
624.6
626.8
779.9
571.2
636.8
589.3
623.8
754.8
733.4
562.6
602.8
584.9
623.7
904.6
624.1
648.6
641.7
617.7
678.3
661.2
723.4
675.0
582.7
563.6
631.9
611.6
611.3
627.1
822.0
686.5
573.9
588.1
618.2
629.8
600.0
635.3
585.9
582.1
629.9
633.6
576.9
605.9
587.4
557.5
606.0
604.1
600.6
615.5
620.1
671.4
595.6
641.1
655.0
661.9
836.9
618.6
590.9
626.9
604.9
670.7
592.3
606.6
611.7
646.3
583.0
576.6
568.1
616.8
611.5
655.3
624.7
644.4
593.7
577.8
599.0
585.0
596.3
621.3
574.8
609.0
576.0
758.9
538.3
540.4
618.6
578.8
591.9
635.5
632.1
637.1
616.2
607.2
581.4
643.4
608.5
598.8
604.7
574.4
591.9
546.3
576.6
614.4
595.9
563.5
565.2
577.2
775.7
577.6
615.3
632.6
596.3
551.7
561.5
592.3
597.8
600.9
616.2
605.6
651.4
596.5
574.3
582.9
614.7
598.4
608.6
628.6
633.8
563.8
562.6
600.9
577.2
585.9
794.5
610.8
612.2
669.0
880.2
598.5
612.3
619.3
726.4
669.7
574.1
583.1
611.7
596.2
558.2
561.9
572.9
548.3
560.5
592.8
630.5
620.6
622.1
598.0
587.7
575.6
786.7
609.3
583.2
669.3
796.9
780.2
612.0
608.8
641.9
517.5
550.0
530.5
529.2
509.8
584.7
544.5
545.2
526.3
616.3
589.8
714.2
574.1
564.5
561.4
648.3
589.1
762.8
599.5
540.3
587.6
538.5
517.6
537.3
597.9
586.6
583.9
571.0
545.0
601.7
572.9
585.4
587.2
593.8
524.6
593.2
561.2
641.9
610.4
646.3
606.9
630.4
589.5
814.5
634.1
635.7
607.9
638.1
647.8
674.6
813.3
800.7
712.7
600.8
623.4
607.9
603.2
552.4
569.9
505.7
574.3
542.4
583.6
578.6
654.9
587.5
627.7
565.2
583.8
802.1
586.1
648.4
641.2
605.9
592.2
574.8
705.2
603.4
700.2
567.9
582.4
623.9
634.5
584.3
623.7
540.8
553.9
556.8
537.6
537.6
596.0
588.7
581.5
603.8
583.0
815.0
590.8
590.3
631.5
597.2
614.3
596.8
630.5
589.3
575.9
550.3
552.7
556.8
575.9
570.9
552.9
539.5
545.1
560.7
543.1
618.3
667.9
579.9
733.5
590.6
626.3
818.6
579.5
590.2
486.6
513.2
553.6
596.9
556.9
531.4
572.5
564.2
559.6
563.0
604.0
594.5
590.1
620.6
654.9
603.5
659.1
587.3
646.9
615.7
609.4
644.7
610.2
789.2
598.9
609.0
581.0
590.7
582.3
594.5
634.4
614.4
586.4
646.6
609.9
1136.4
545.9
580.8
579.3
575.3
613.0
598.2
586.8
612.2
676.4
722.6
758.2
618.1
673.5
847.8
639.5
610.0
617.1
599.9
592.1
552.1
812.0
590.3
612.7
605.8
577.3
597.7
598.5
628.1
578.8
559.2
568.5
574.0
582.6
605.6
592.0
590.3
598.2
581.0
573.8
794.6
575.1
601.4
625.5
608.3
630.6
663.4
611.4
624.4
594.0
663.2
626.7
620.4
616.4
609.7
589.1
539.7
624.5
584.2
556.7
595.1
598.2
646.3
642.7
828.0
571.9
742.9
573.0
604.0
665.0
649.9
564.0
603.4
611.8
615.5
608.5
605.8
595.9
617.1
630.0
617.1
565.7
558.0
560.6
569.5
583.5
572.0
605.6
598.9
817.5
603.4
596.5
821.4
632.5
608.1
635.5
600.8
608.2
677.1
580.1
581.5
607.9
595.2
576.9
612.3
599.4
577.7
593.8
576.1
645.5
619.9
603.9
600.6
609.2
592.3
592.7
601.1
660.7
819.7
610.7
576.3
624.0
634.6
637.5
662.6
609.0
614.2
596.9
606.5
601.2
615.2
616.3
681.5
614.7
589.0
643.6
594.8
564.9
600.7
560.7
608.2
602.3
645.6
627.1
847.7
625.4
603.6
629.0
613.7
635.4
737.8
709.2
587.5
662.1
581.4
665.4
662.8
695.9
619.4
581.0
589.7
602.5
607.4
613.7
584.4
574.7
616.8
658.6
611.2
660.3
836.9
637.2
646.0
574.6
591.3
603.1
598.8
610.0
616.9
613.9
628.6
629.6
586.8
584.6
571.0
630.9
599.7
676.0
578.6
618.3
744.7
609.8
658.8
695.6
665.6
657.9
594.6
844.5
623.2
614.1
688.6
600.2
618.5
628.5
628.4
662.1
627.7
665.6
581.1
600.5
595.5
606.4
678.1
770.9
777.1
639.6
646.7
609.9
601.4
631.7
604.9
622.9
821.2
710.6
664.1
608.8
592.0
577.1
722.1
607.6
613.5
611.2
654.1
675.6
615.2
623.2
605.4
625.6
623.5
607.5
654.2
558.2
617.0
575.6
651.6
756.5
775.8
716.9
613.8
794.5
612.7
598.8
596.8
632.7
636.2
619.9
601.7
618.8
614.2
604.1
637.8
626.8
671.2
641.0
585.5
605.5
620.0
558.2
637.6
628.2
601.7
617.9
606.0
622.5
830.9
590.4
631.6
600.5
621.9
627.4
643.5
626.6
626.5
621.7
647.0
665.0
591.1
607.9
