628.2
638.6
657.2
632.4
604.2
590.9
1738.0
661.3
686.5
625.8
629.9
610.9
716.7
702.6
659.5
732.2
679.9
626.0
680.1
618.1
649.8
683.5
628.1
679.5
632.2
687.4
670.6
608.5
687.3
639.7
589.0
581.9
614.7
628.7
628.0
638.7
640.0
588.0
625.5
588.5
591.3
619.5
575.1
581.0
647.3
631.2
618.0
672.7
1327.3
824.1
657.5
679.2
629.9
598.9
241.8
600.4
563.4
592.9
641.3
676.3
646.7
643.1
665.6
680.2
631.7
593.9
627.1
646.0
614.9
613.5
553.1
572.3
620.1
684.5
609.2
604.6
572.5
618.7
601.0
606.0
627.3
650.8
542.3
623.3
584.5
603.9
618.0
606.4
616.8
665.0
588.7
616.5
613.6
621.8
670.2
611.5
611.1
638.4
614.8
597.9
854.6
595.3
601.2
627.8
614.8
642.7
619.0
619.5
609.0
568.9
626.3
587.3
635.0
604.0
597.9
581.9
571.3
569.3
609.1
617.0
612.4
621.7
667.7
597.1
624.1
612.7
624.1
629.8
639.2
608.0
624.4
656.0
638.5
619.9
655.9
574.4
570.4
635.6
642.0
682.3
586.4
1284.3
637.1
645.9
636.8
682.7
647.9
606.3
614.5
602.0
603.0
815.2
605.3
601.4
621.1
671.6
634.6
652.1
568.1
603.5
590.0
635.7
640.5
641.5
617.6
669.5
668.9
600.7
657.4
584.2
623.7
612.3
599.3
633.4
665.9
632.6
631.9
672.2
653.8
570.5
626.4
580.1
601.9
628.7
606.1
674.2
628.8
670.3
631.1
623.8
689.6
640.8
659.0
289.8
598.7
631.3
592.9
609.6
606.2
1638.5
608.4
598.0
584.4
802.9
602.7
621.3
579.6
590.0
609.7
610.4
724.5
685.7
725.2
680.1
588.0
603.1
621.8
613.8
610.9
630.6
620.5
642.8
597.8
588.4
584.5
607.3
675.9
572.9
551.6
610.8
671.3
640.1
665.6
619.8
620.6
619.0
666.2
630.0
600.6
609.1
669.0
605.1
696.0
602.0
624.3
615.2
602.0
659.8
610.4
657.2
644.3
619.7
633.7
819.6
574.8
615.3
638.3
683.3
631.1
615.8
556.0
567.1
581.7
617.5
604.3
557.2
591.6
603.8
614.6
612.6
601.3
634.3
627.0
600.9
676.5
708.1
608.9
613.3
632.0
672.0
599.1
614.8
622.4
590.0
591.3
804.5
834.8
784.7
681.0
618.5
593.6
621.4
608.1
643.9
615.1
596.6
610.9
561.2
571.1
626.9
591.6
593.1
606.5
598.2
785.9
628.5
636.7
619.8
622.8
613.6
608.3
577.4
632.2
605.2
576.0
558.5
625.9
605.4
584.9
622.5
599.1
606.4
583.1
583.3
602.5
630.7
586.2
613.2
589.7
634.3
576.1
570.3
675.2
668.2
576.3
589.0
601.0
647.1
618.2
630.8
619.3
603.0
627.2
647.0
714.8
692.3
670.8
623.5
633.1
648.2
606.8
635.8
700.9
661.8
338.3
862.3
659.4
599.0
622.3
633.2
643.9
649.3
597.6
628.4
587.7
569.8
615.0
659.5
600.1
636.9
663.9
603.0
649.0
663.6
594.8
562.5
555.7
544.4
568.8
600.4
597.3
603.9
574.7
593.0
600.2
616.5
592.4
620.0
670.4
643.2
705.1
637.9
697.7
685.0
752.0
600.8
562.3
612.1
603.2
614.1
586.6
592.8
587.0
593.1
633.7
665.3
813.7
620.4
632.0
636.3
630.8
686.8
641.7
619.6
610.3
627.6
618.6
691.4
633.2
584.5
601.4
629.4
668.5
680.3
668.5
611.1
623.7
614.3
619.9
594.9
592.8
616.3
616.8
622.4
658.6
529.1
595.7
601.8
614.5
612.5
664.0
621.5
650.9
624.0
608.7
613.8
599.3
641.4
622.6
641.4
634.0
622.7
639.8
646.8
603.8
659.8
620.3
832.2
618.4
653.5
667.1
643.9
626.7
624.4
617.2
582.4
612.9
623.7
664.2
618.0
546.7
626.1
551.5
603.7
576.1
594.5
590.4
674.8
581.6
587.9
592.1
663.8
653.0
580.7
609.1
676.9
625.8
669.0
616.0
589.0
621.9
596.0
581.3
621.4
602.9
675.7
583.7
606.6
576.4
633.6
662.2
682.6
573.2
574.3
587.2
585.8
593.7
792.4
656.2
630.8
620.6
581.4
594.3
578.9
617.5
632.1
660.8
615.7
619.0
606.8
620.5
637.7
624.7
614.0
636.9
628.8
609.4
601.3
621.1
557.3
593.6
637.2
648.1
605.3
603.7
652.0
606.6
594.8
627.7
617.3
610.9
627.9
601.2
627.8
602.3
620.7
611.9
756.4
817.2
789.5
686.4
636.3
679.9
623.1
602.1
586.9
606.8
588.7
822.9
619.5
567.1
644.2
633.8
756.4
813.3
630.3
625.6
573.8
640.8
614.6
643.7
640.0
641.7
623.6
611.6
640.7
657.8
629.1
652.5
637.4
639.2
677.8
639.7
747.6
717.3
646.6
631.6
684.5
653.8
581.3
628.4
610.5
604.3
631.6
645.8
610.4
618.9
601.1
644.6
611.4
563.9
597.4
710.5
740.4
759.2
668.1
618.0
669.6
605.5
798.8
612.0
607.1
632.1
685.5
665.1
618.6
562.3
521.5
1246.5
559.6
671.1
562.9
560.6
611.8
621.2
662.6
628.0
632.1
588.9
644.2
724.1
642.6
603.2
623.6
660.4
602.9
586.2
659.8
618.3
656.3
581.5
575.4
582.9
634.2
618.8
675.2
633.3
668.0
585.1
659.0
597.2
621.6
614.5
626.6
574.4
609.7
597.6
619.5
605.9
600.2
772.6
626.2
604.8
640.6
642.3
653.3
624.8
657.9
715.6
671.0
654.3
664.0
551.0
581.4
608.4
538.6
568.3
642.1
630.8
634.1
648.2
605.3
629.9
576.5
597.0
617.5
631.6
599.8
621.8
566.6
623.7
829.3
612.2
584.5
598.9
601.2
609.4
629.9
605.0
586.5
594.1
866.7
635.5
620.1
605.0
634.8
587.7
598.7
607.5
624.0
606.9
821.9
629.7
637.9
660.6
583.5
612.4
599.4
676.6
563.4
271.0
647.2
754.7
729.8
629.8
625.1
640.4
633.7
579.9
579.1
585.3
591.0
631.7
566.1
639.4
620.3
639.4
559.2
575.2
628.1
610.3
686.9
640.5
614.8
669.5
613.9
602.6
621.7
584.2
599.9
699.3
736.2
808.6
640.8
576.6
578.4
593.7
577.1
548.4
565.8
654.4
574.0
764.7
581.6
547.4
589.0
565.3
584.5
619.4
668.2
614.7
605.7
591.2
622.7
671.6
632.2
610.7
611.3
635.9
607.3
646.6
633.7
599.1
583.5
618.3
624.2
595.7
571.4
641.1
596.4
640.4
654.3
606.8
597.0
690.2
691.3
646.1
632.4
613.3
635.4
634.5
587.7
595.5
589.9
617.4
624.2
604.3
594.5
632.4
611.8
613.3
636.1
606.4
791.4
579.8
633.1
592.1
640.9
620.5
631.8
618.2
589.1
609.5
674.6
594.2
597.6
602.0
611.2
668.6
597.7
614.7
572.8
590.9
569.3
604.0
587.2
699.8
616.5
607.2
583.4
562.4
613.5
594.0
657.1
621.2
582.3
588.6
605.0
606.3
609.1
662.3
617.0
652.4
588.7
594.7
576.9
607.4
674.1
616.0
551.9
571.7
568.8
601.4
640.5
590.0
777.9
600.0
658.7
618.9
705.6
637.1
596.2
602.9
640.0
633.1
612.6
626.9
625.4
609.1
631.7
647.3
632.3
619.4
649.7
688.1
633.6
623.3
643.7
634.9
633.5
643.5
663.2
632.3
621.0
597.8
601.2
606.6
618.0
603.9
580.4
623.6
627.6
618.4
640.8
623.3
642.7
619.3
620.6
585.7
588.6
630.0
624.8
593.2
627.9
619.3
882.1
691.6
626.7
602.1
653.4
639.3
686.4
633.8
582.3
338.1
614.4
656.2
627.4
655.3
647.9
570.0
291.4
553.3
589.7
608.9
607.6
594.8
612.3
675.2
628.2
607.9
569.1
599.7
626.1
631.0
602.8
593.8
594.7
598.7
579.7
568.6
590.2
630.3
635.1
625.3
649.7
627.7
593.9
644.1
548.8
577.4
614.5
636.4
573.9
604.8
556.4
730.5
587.7
610.0
582.1
673.4
626.2
646.1
603.5
605.2
625.4
635.3
617.2
618.7
602.8
664.4
656.8
636.1
674.0
555.7
604.1
566.0
560.0
580.7
568.6
611.4
650.7
517.8
610.3
560.9
583.0
610.6
602.8
586.7
585.1
