677.4
602.7
685.9
622.5
609.5
647.4
643.9
609.6
579.1
591.3
680.9
647.9
636.4
617.2
692.5
715.8
663.1
633.1
666.0
579.9
626.0
616.2
660.5
648.6
646.0
594.6
813.4
584.8
585.8
632.1
666.2
617.1
629.9
847.5
850.2
646.9
623.8
609.0
629.6
595.1
600.3
605.6
596.8
581.0
609.4
590.6
642.5
596.4
581.5
603.5
595.4
600.3
617.0
575.4
572.1
602.1
601.2
608.9
628.1
579.1
563.1
599.2
605.3
589.7
585.6
630.4
602.5
606.0
568.1
578.9
666.7
606.2
589.2
694.9
839.5
547.7
590.6
578.5
594.8
637.4
665.1
614.0
656.1
590.3
607.3
631.0
598.7
598.8
611.0
580.8
651.9
600.0
604.7
573.9
584.0
606.8
619.4
612.1
603.0
605.7
618.8
640.6
593.5
536.1
561.8
598.1
633.7
616.7
567.9
642.5
645.3
575.1
606.6
614.7
618.2
655.1
613.4
644.3
580.4
572.0
617.4
628.0
683.4
621.1
652.2
648.9
607.9
560.5
564.7
569.8
585.5
607.8
624.5
678.2
599.1
597.1
650.8
638.7
629.4
654.5
626.8
650.0
645.0
642.5
721.7
670.3
568.9
559.9
598.7
635.6
607.2
877.8
657.9
633.8
639.2
669.1
621.6
648.4
655.5
628.4
597.7
614.9
613.0
631.4
623.4
580.2
582.0
552.7
531.8
653.0
588.8
606.7
626.4
581.4
558.9
282.7
589.7
575.8
620.6
665.4
684.4
610.7
614.9
515.6
561.0
612.5
644.9
605.4
632.8
636.6
662.7
594.4
614.9
604.8
603.1
591.9
603.4
655.9
605.0
600.0
631.8
629.3
615.1
613.8
590.5
626.8
659.5
654.2
627.9
585.6
654.0
632.9
627.3
621.0
564.3
572.5
609.1
607.7
629.2
613.6
624.4
636.0
607.9
659.1
624.6
606.6
828.1
614.2
611.0
603.2
601.1
622.4
518.0
570.9
617.0
631.9
585.1
548.6
596.5
554.2
736.5
601.5
698.6
618.3
605.7
611.2
609.1
605.1
604.5
607.4
648.5
592.9
611.4
598.7
635.6
637.2
566.6
640.4
639.9
553.5
585.9
610.2
576.9
586.9
672.5
581.6
572.4
528.2
594.7
583.6
621.2
623.3
625.6
685.2
767.0
734.0
627.9
642.1
580.4
598.3
644.0
612.1
609.9
687.2
914.5
919.1
904.5
896.6
711.1
562.8
561.3
622.9
646.0
600.9
601.8
596.6
634.0
628.4
562.8
650.3
541.8
542.3
811.1
622.9
607.1
552.4
608.1
630.8
576.3
632.4
578.9
576.7
640.5
586.7
586.9
657.8
610.6
546.3
548.6
593.6
550.5
566.6
592.9
610.7
591.7
592.1
620.1
609.2
631.3
575.6
554.1
595.7
632.4
569.8
709.9
597.6
725.6
580.7
597.7
606.0
592.6
648.9
629.8
592.5
740.8
725.2
576.1
571.0
571.8
591.8
587.1
660.5
581.2
585.9
589.5
640.5
580.2
595.0
661.1
621.5
683.7
608.5
619.9
573.6
578.8
639.3
648.9
644.4
678.5
602.0
562.5
568.4
614.1
585.6
607.7
600.6
581.1
584.8
747.7
596.0
613.8
618.9
641.9
611.5
600.6
570.8
624.7
591.3
585.7
650.2
632.1
574.3
586.1
704.2
676.7
596.3
605.3
598.2
593.0
618.6
586.8
626.4
645.5
637.4
702.8
732.1
737.1
615.6
754.9
666.7
633.3
606.7
598.9
614.5
582.4
598.0
614.0
660.2
657.3
649.0
645.2
636.1
609.8
637.8
591.7
587.9
594.9
611.8
627.7
599.4
606.5
601.8
590.1
305.4
677.4
627.8
587.2
552.7
604.3
609.9
612.8
630.0
573.3
578.5
557.9
578.6
604.0
587.9
627.4
616.7
270.1
642.7
591.0
575.3
832.7
618.9
596.1
599.4
622.5
654.4
607.5
608.0
673.0
641.3
654.6
626.9
680.1
670.4
688.3
614.6
639.0
630.8
645.6
638.8
586.3
595.9
607.0
597.3
594.1
553.4
583.1
593.8
638.9
619.5
592.8
598.8
565.2
649.3
616.7
642.8
662.6
690.5
633.7
624.3
613.6
618.8
620.6
612.4
690.3
640.5
659.2
646.9
675.0
668.0
642.7
612.7
607.5
621.6
661.2
613.5
598.5
655.1
634.9
616.3
596.8
675.6
607.8
692.3
619.0
656.7
614.9
692.5
678.1
643.0
641.6
648.9
590.9
682.3
607.5
667.8
846.7
630.1
604.4
677.4
639.4
626.8
866.8
644.9
645.6
646.7
628.1
637.5
581.9
604.5
621.6
662.8
575.5
668.4
736.4
773.9
628.7
605.3
642.3
648.5
589.8
625.9
622.4
640.4
662.6
651.7
592.3
616.7
622.8
708.1
740.5
631.3
615.0
613.4
669.6
619.5
605.3
619.9
639.4
639.3
627.8
639.5
623.6
628.1
645.0
586.4
628.1
565.0
655.4
577.2
643.2
591.8
627.0
608.4
607.3
649.5
624.3
689.7
683.1
610.0
595.2
681.8
636.0
704.3
653.8
618.1
644.7
564.5
927.9
902.9
693.1
1422.7
835.2
614.0
598.4
640.4
622.7
563.0
599.5
595.4
611.8
606.2
594.3
660.6
603.9
662.4
621.1
615.8
572.1
603.9
812.2
861.6
911.7
648.6
588.6
695.2
734.6
650.9
605.0
597.0
623.8
599.2
559.6
611.9
579.9
633.6
584.5
635.9
612.3
625.0
658.1
611.0
620.9
602.9
662.5
629.1
656.0
668.2
621.2
602.3
621.7
630.6
626.2
612.8
620.0
600.3
606.4
635.8
629.2
629.5
596.3
607.3
710.4
690.0
691.0
689.5
618.4
737.4
596.8
621.8
618.8
644.5
601.3
602.8
634.6
583.5
587.6
588.9
811.0
617.2
609.8
688.7
570.7
588.6
598.4
651.7
641.4
614.1
557.7
604.5
643.1
631.3
625.6
630.6
709.4
648.5
650.7
648.5
655.2
699.5
611.9
627.2
600.7
611.1
608.8
310.0
602.0
571.3
603.8
622.2
641.8
611.3
595.2
590.0
593.9
608.3
584.3
588.5
655.7
661.1
617.6
618.1
603.8
637.0
575.6
559.1
570.4
579.4
581.9
612.6
648.1
667.9
610.7
613.0
618.2
612.9
597.9
588.1
591.6
550.6
576.3
548.7
578.1
572.3
546.7
599.3
632.2
611.3
726.0
574.5
574.0
568.2
571.7
587.7
792.6
590.7
572.0
587.4
607.1
544.9
543.2
563.7
545.0
568.3
592.7
586.0
592.8
572.6
577.6
620.4
659.7
605.2
585.2
669.7
813.8
588.5
601.7
664.5
606.7
537.1
566.7
588.7
606.5
576.4
607.9
633.0
586.1
588.8
603.3
615.9
574.7
589.5
598.2
613.8
618.0
632.4
642.3
618.1
632.0
598.5
583.7
561.3
576.2
304.9
630.1
619.2
612.0
611.0
614.0
624.0
669.0
628.4
610.9
608.7
594.6
558.4
613.0
602.2
603.1
591.6
608.3
564.4
601.5
641.5
600.3
613.5
629.6
634.2
632.1
634.8
771.2
603.8
602.8
537.5
590.8
558.6
575.2
588.2
579.7
549.6
547.3
598.5
618.1
601.3
559.7
544.6
616.7
606.2
564.4
583.2
592.1
590.1
639.2
579.5
595.2
567.9
609.5
586.3
663.6
644.8
565.1
567.0
560.7
590.7
589.1
624.2
568.3
596.1
624.2
640.5
593.6
599.4
601.1
609.6
642.9
572.2
557.6
560.5
569.6
590.4
579.5
579.0
588.7
626.8
621.4
635.1
624.9
608.5
609.7
617.2
621.6
643.0
626.9
563.5
579.2
593.1
610.8
563.7
602.3
804.1
634.1
677.7
653.5
660.7
610.1
647.2
626.4
832.8
652.6
598.9
625.7
592.8
612.7
608.8
605.0
610.0
626.8
659.8
614.4
633.5
736.8
743.6
802.0
709.3
655.5
629.0
598.9
666.8
630.3
608.9
659.5
630.0
593.1
619.7
578.8
632.1
605.6
581.8
550.4
557.0
573.4
582.6
584.1
631.9
609.6
638.2
1282.7
614.8
618.2
641.1
673.0
610.6
693.4
644.7
659.3
621.7
607.1
665.7
620.9
625.7
640.5
639.6
620.0
624.3
605.9
637.7
588.8
572.3
574.8
628.3
635.7
597.0
588.9
561.5
572.3
651.5
584.5
607.7
607.4
595.3
587.2
622.6
825.8
1665.2
637.2
645.8
633.8
638.5
616.3
640.3
681.4
649.9
654.0
688.2
612.6
600.0
